125 10 0 3.0
204 30 0 3.25
6 8 0 3.25
248 9 0 3.75
70 20 0 2.0
48 5 0 2.5
2 18 0 2.5
91 19 0 3.25
260 13 0 2.25
323 21 0 3.75
185 11 0 2.0
51 30 0 2.5
89 11 0 4.0
101 6 0 2.75
140 9 0 2.0
290 0 0 4.0
306 19 0 3.25
125 0 0 3.5
134 16 0 3.25
4 10 0 3.75
359 14 0 4.0
227 54 0 2.5
188 46 0 3.25
298 11 0 3.25
19 28 0 3.25
223 24 0 2.5
169 32 0 3.0
5 15 0 3.25
190 9 0 3.75
188 25 0 3.25
56 2 0 2.5
243 0 0 3.75
338 53 0 2.75
131 9 0 4.0
345 15 0 3.25
43 10 0 3.0
258 29 0 2.5
8 29 0 2.0
60 20 0 2.25
314 0 0 3.75
144 5 0 2.75
188 23 0 4.0
319 76 0 3.25
275 18 0 2.25
163 22 0 3.75
347 15 0 4.0
197 24 0 3.75
42 6 0 3.5
2 10 0 3.25
296 44 0 4.0
297 22 0 2.0
22 11 0 3.0
225 17 0 3.25
353 0 0 2.0
225 30 0 2.0
168 10 0 3.75
345 10 0 2.0
155 9 0 2.0
176 16 0 4.0
118 28 0 3.0
279 13 0 2.75
153 7 0 3.5
272 28 0 3.5
140 19 0 2.0
112 18 0 4.0
274 4 0 2.25
206 30 0 2.5
11 28 0 2.5
272 15 0 2.0
260 23 0 4.0
27 30 0 2.0
342 7 0 2.25
215 25 0 2.75
269 28 0 3.5
68 27 0 2.5
349 25 0 3.5
149 22 0 3.75
154 20 0 2.0
342 1 0 3.25
141 23 0 2.25
321 8 0 3.25
137 19 0 3.0
138 10 0 2.0
42 29 0 3.75
68 4 0 4.0
18 15 0 2.25
58 17 0 3.25
180 14 0 3.75
311 3 0 3.25
218 29 0 2.75
357 17 0 3.0
349 10 0 2.25
49 24 0 3.25
19 21 0 3.75
275 20 0 3.75
61 7 0 3.75
83 15 0 2.5
140 4 0 2.25
133 24 0 3.5
152 0 0 4.0
330 24 0 2.75
24 27 0 2.75
279 11 0 2.25
224 16 0 3.0
36 29 0 2.25
199 8 0 3.25
88 2 0 2.5
111 15 0 3.25
171 41 0 4.0
308 20 0 2.5
244 7 0 4.0
133 16 0 4.0
114 2 0 2.25
30 22 0 2.0
305 27 0 3.0
186 1 0 2.25
90 2 0 3.5
338 11 0 3.0
145 18 0 3.5
79 3 0 3.0
160 25 0 3.5
23 3 0 4.0
194 15 0 3.25
343 27 0 2.5
97 0 0 3.25
41 11 0 3.75
65 13 0 3.5
334 3 0 4.0
86 12 0 2.75
325 21 0 2.75
44 12 0 2.0
258 7 0 3.25
31 47 0 3.5
275 0 0 3.75
324 18 0 3.75
314 5 0 3.75
145 29 0 2.25
148 36 0 3.5
247 20 0 2.25
113 9 0 3.75
346 26 0 3.25
55 19 0 3.75
93 21 0 3.25
325 4 0 2.75
237 25 0 2.25
157 17 0 2.25
295 19 0 4.0
79 8 0 3.5
299 6 0 3.75
45 30 0 2.5
359 1 0 2.25
173 25 0 4.0
292 40 0 3.0
168 28 0 3.0
315 18 0 2.5
75 8 0 3.25
321 19 0 2.5
272 24 0 2.75
80 17 0 2.0
126 21 0 3.75
347 26 0 3.75
308 27 0 4.0
8 15 0 2.25
313 26 0 3.0
312 6 0 2.75
9 42 0 3.75
152 11 0 3.0
353 15 0 3.0
96 27 0 2.75
63 1 0 3.25
287 18 0 3.25
197 4 0 3.75
279 1 0 3.25
286 45 0 3.0
303 18 0 2.0
74 16 0 3.0
156 2 0 3.25
38 24 0 2.75
214 17 0 2.75
268 6 0 2.75
232 21 0 3.5
230 2 0 3.75
36 24 0 4.0
40 5 0 2.25
40 2 0 3.0
185 22 0 3.25
73 19 0 2.25
26 53 0 2.75
266 2 0 3.5
78 9 0 2.75
94 4 0 3.5
157 0 0 2.75
226 6 0 2.0
43 19 0 3.75
28 25 0 3.5
62 14 0 2.25
291 24 0 2.0
77 12 0 3.5
122 3 0 2.25
239 26 0 3.5
69 21 0 3.75
165 5 0 2.0
9 1 0 2.0
56 4 0 3.75
96 8 0 3.5
215 24 0 3.25
215 29 0 3.25
111 11 0 2.25
24 28 0 2.25
244 31 0 3.25
342 8 0 2.25
79 1 0 3.25
311 23 0 2.75
85 15 0 3.5
94 20 0 2.0
271 18 0 2.5
359 30 0 3.5
268 2 0 3.25
224 3 0 4.0
31 30 0 2.25
181 22 0 2.75
158 2 0 3.25
258 14 0 2.0
88 20 0 3.75
21 27 0 3.75
160 6 0 3.0
135 16 0 3.75
227 28 0 3.5
119 9 0 3.25
279 22 0 3.0
31 15 0 3.25
288 25 0 2.0
302 19 0 2.5
251 19 0 2.0
147 29 0 2.0
180 0 0 3.5
321 8 0 3.0
287 6 0 2.25
211 4 0 2.75
96 20 0 2.75
312 21 0 3.75
356 9 0 4.0
78 5 0 3.0
211 6 0 4.0
214 4 0 3.75
145 11 0 2.75
25 15 0 2.25
221 35 0 3.0
33 22 0 3.0
324 15 0 3.25
116 3 0 4.0
234 29 0 3.25
248 55 0 3.0
106 4 0 3.75
100 13 0 3.25
137 19 0 2.0
73 9 0 3.0
53 47 0 2.0
140 29 0 3.5
272 2 0 3.75
144 3 0 3.0
150 6 0 2.5
134 11 0 3.75
76 24 0 3.25
226 1 0 2.5
173 27 0 4.0
88 12 0 2.5
350 5 0 2.5
185 4 0 3.0
21 26 0 3.25
220 20 0 2.5
231 23 0 2.25
154 0 0 3.0
348 3 0 3.25
1 25 0 3.0
338 18 0 3.5
147 6 0 2.5
316 25 0 3.5
45 0 0 3.0
6 27 0 2.25
31 18 0 2.75
108 23 0 3.0
123 3 0 2.5
16 13 0 3.25
135 7 0 4.0
354 41 0 3.25
129 3 0 3.0
221 3 0 2.25
282 2 0 2.0
28 25 0 2.0
157 44 0 3.5
302 15 0 2.5
182 13 0 2.0
272 26 0 2.0
281 15 0 3.25
191 15 0 4.0
245 2 0 3.5
119 18 0 2.5
104 21 0 3.25
155 48 0 3.0
323 19 0 2.75
123 14 0 2.5
231 25 0 3.0
146 8 0 2.25
209 17 0 3.5
198 23 0 2.75
83 12 0 3.25
248 20 0 3.75
139 24 0 2.75
219 13 0 3.25
204 1 0 4.0
323 64 0 3.75
11 29 0 4.0
233 16 0 4.0
300 30 0 3.25
15 17 0 3.25
257 15 0 3.75
2 22 0 3.75
101 7 0 2.25
72 18 0 3.75
297 23 0 2.0
110 26 0 2.25
233 29 0 4.0
305 23 0 3.25
298 27 0 2.25
90 7 0 2.25
38 23 0 3.75
169 0 0 2.25
224 26 0 4.0
161 51 0 3.5
116 9 0 2.5
196 27 0 3.75
242 26 0 3.25
262 12 0 2.5
319 6 0 2.75
121 3 0 3.5
71 66 0 3.5
104 16 0 2.5
261 28 0 2.0
59 33 0 2.75
193 30 0 3.25
43 10 0 3.75
22 39 0 2.5
322 19 0 3.0
226 10 0 3.75
32 10 0 3.25
94 43 0 2.0
124 15 0 4.0
266 23 0 2.0
75 7 0 3.5
85 17 0 2.0
53 7 0 3.75
211 2 0 2.0
6 33 0 2.0
216 22 0 3.75
331 23 0 3.5
250 5 0 4.0
247 12 0 3.75
112 11 0 4.0
141 17 0 3.25
55 30 0 3.75
180 15 0 4.0
184 30 0 4.0
93 29 0 2.75
170 3 0 3.5
93 1 0 3.25
352 29 0 3.25
321 3 0 2.75
78 8 0 3.0
345 23 0 3.75
132 8 0 2.0
10 9 0 2.5
137 4 0 3.25
78 4 0 3.75
205 23 0 2.25
233 30 0 2.0
145 12 0 2.25
304 30 0 3.25
222 25 0 2.5
122 21 0 3.75
311 22 0 2.25
111 9 0 2.5
36 9 0 2.25
180 14 0 2.5
319 14 0 4.0
134 4 0 3.5
6 6 0 2.5
132 29 0 2.25
224 14 0 4.0
207 60 0 2.75
345 9 0 3.75
175 14 0 4.0
293 28 0 2.0
89 24 0 3.25
292 13 0 3.0
208 22 0 4.0
39 4 0 2.75
58 9 0 3.5
206 30 0 2.75
180 25 0 2.5
36 12 0 3.5
24 1 0 2.0
47 29 0 2.0
185 3 0 4.0
348 18 0 2.25
218 12 0 2.75
261 15 0 3.5
214 20 0 4.0
143 15 0 2.75
164 26 0 2.0
79 13 0 2.0
135 17 0 3.0
180 12 0 2.5
56 7 0 3.0
245 4 0 2.75
93 7 0 2.5
135 27 0 3.5
147 21 0 3.5
174 23 0 3.5
267 8 0 3.75
279 5 0 2.0
24 5 0 2.25
57 18 0 4.0
303 6 0 3.25
183 27 0 3.25
84 25 0 3.5
165 22 0 2.75
19 2 0 2.5
311 27 0 3.25
351 6 0 4.0
55 14 0 2.25
313 17 0 3.0
30 11 0 3.75
5 30 0 3.25
212 26 0 3.25
130 28 0 4.0
66 7 0 3.5
156 30 0 2.0
134 7 0 3.75
46 19 0 3.5
318 0 0 3.5
178 5 0 2.5
133 13 0 3.75
304 7 0 3.25
160 6 0 2.5
356 47 0 3.75
343 4 0 2.5
22 1 0 4.0
137 30 0 3.75
74 16 0 3.25
50 20 0 2.75
254 2 0 3.5
162 2 0 3.25
129 4 0 3.75
5 21 0 3.75
203 71 0 2.0
233 13 0 3.5
194 19 0 3.0
147 1 0 3.0
210 7 0 2.0
255 28 0 2.0
269 30 0 2.75
301 30 0 2.5
141 30 0 3.5
28 4 0 3.0
176 10 0 2.5
228 29 0 3.0
141 18 0 2.25
84 19 0 3.25
177 7 0 3.5
74 10 0 3.0
227 11 0 2.0
302 49 0 3.5
174 40 0 2.25
334 5 0 3.5
22 27 0 3.0
297 9 0 3.5
86 2 0 2.5
212 3 0 4.0
9 29 0 3.25
223 13 0 2.0
326 12 0 2.5
312 10 0 2.75
172 2 0 3.25
117 26 0 3.0
269 24 0 2.5
180 3 0 2.75
154 29 0 3.75
217 25 0 2.25
43 11 0 3.75
133 22 0 2.0
341 11 0 2.5
282 12 0 4.0
74 26 0 2.5
39 5 0 3.5
47 25 0 3.25
212 61 0 2.75
106 25 0 2.25
233 3 0 2.75
353 16 0 3.0
316 20 0 3.25
272 10 0 3.75
191 6 0 3.5
6 63 0 3.75
351 16 0 3.75
181 14 0 2.25
299 30 0 2.75
218 0 0 4.0
243 5 0 3.25
335 3 0 2.25
303 8 0 2.75
313 21 0 4.0
292 16 0 2.5
195 23 0 2.25
185 2 0 4.0
281 8 0 2.0
293 21 0 4.0
61 22 0 3.25
207 25 0 3.75
300 22 0 2.0
158 21 0 4.0
168 11 0 4.0
206 10 0 4.0
144 24 0 2.75
349 6 0 2.5
254 29 0 2.0
168 14 0 2.0
58 9 0 2.75
213 16 0 3.0
350 7 0 2.75
104 17 0 3.0
51 42 0 3.25
329 21 0 3.25
145 9 0 3.0
283 3 0 3.25
253 30 0 3.5
139 21 0 4.0
59 27 0 3.25
324 12 0 2.0
285 10 0 2.0
44 7 0 3.75
89 28 0 4.0
64 27 0 2.0
216 9 0 3.0
99 17 0 2.25
353 26 0 2.5
139 4 0 2.0
141 17 0 2.75
284 31 0 3.5
205 5 0 4.0
29 19 0 2.5
63 13 0 3.0
279 8 0 2.75
72 16 0 3.75
312 30 0 3.0
207 33 0 2.25
211 23 0 2.5
263 19 0 2.25
345 9 0 4.0
265 16 0 2.25
285 23 0 3.75
89 6 0 2.5
61 0 0 4.0
155 23 0 3.25
312 3 0 3.25
41 1 0 2.25
250 28 0 2.25
353 28 0 3.75
112 16 0 2.0
310 21 0 4.0
194 1 0 2.5
209 29 0 2.5
327 25 0 4.0
23 2 0 3.5
210 0 0 2.5
19 7 0 2.0
249 27 0 2.0
198 24 0 2.75
261 4 0 3.0
292 5 0 2.75
291 30 0 3.5
15 15 0 2.75
250 8 0 2.5
129 56 0 3.25
87 3 0 2.25
347 3 0 3.75
271 26 0 2.25
67 16 0 3.75
223 11 0 3.5
55 6 0 3.5
230 9 0 3.0
329 16 0 2.75
102 16 0 3.5
14 5 0 2.75
33 29 0 2.5
126 17 0 3.5
237 25 0 3.0
326 5 0 2.25
108 26 0 2.5
165 7 0 3.25
165 3 0 2.0
130 40 0 4.0
333 20 0 2.0
257 30 0 2.0
22 5 0 4.0
345 0 0 2.75
53 4 0 2.75
56 2 0 3.25
129 10 0 2.5
13 10 0 4.0
136 25 0 4.0
174 23 0 4.0
294 22 0 3.25
241 5 0 2.25
312 16 0 2.75
335 21 0 4.0
355 1 0 4.0
135 21 0 3.75
106 20 0 4.0
48 8 0 2.0
260 4 0 2.0
291 21 0 2.75
277 18 0 2.0
229 8 0 4.0
266 41 0 2.25
313 67 0 4.0
273 22 0 3.0
296 49 0 3.25
54 8 0 4.0
159 14 0 3.75
299 24 0 2.75
74 8 0 2.75
337 10 0 3.25
256 7 0 3.5
69 30 0 3.75
62 2 0 3.0
218 8 0 3.0
21 25 0 3.0
94 18 0 2.25
318 67 0 2.5
96 26 0 2.25
224 19 0 3.0
125 11 0 3.75
342 10 0 3.75
240 23 0 4.0
113 0 0 3.5
286 41 0 2.25
233 20 0 2.75
183 5 0 3.25
205 10 0 2.75
328 26 0 2.25
336 28 0 3.25
90 23 0 2.0
277 12 0 2.75
40 3 0 2.0
129 7 0 2.5
202 8 0 3.0
358 5 0 2.0
70 2 0 3.5
334 16 0 2.5
255 30 0 3.0
174 16 0 3.0
210 30 0 3.25
86 10 0 2.0
140 27 0 3.25
318 30 0 4.0
47 5 0 3.25
355 24 0 2.75
75 21 0 3.25
148 6 0 2.0
123 11 0 4.0
285 20 0 2.5
273 30 0 3.75
261 30 0 3.75
270 29 0 2.0
205 9 0 4.0
302 22 0 3.5
64 24 0 3.75
149 0 0 2.5
334 23 0 2.5
146 3 0 3.25
336 12 0 2.0
30 23 0 4.0
342 2 0 2.75
18 7 0 2.0
11 2 0 3.75
348 11 0 3.25
79 15 0 3.0
220 2 0 3.25
256 5 0 3.5
283 20 0 3.75
228 5 0 4.0
157 29 0 2.5
160 0 0 2.5
142 30 0 2.5
136 2 0 2.75
197 26 0 3.75
62 3 0 3.0
232 14 0 2.25
329 1 0 4.0
61 15 0 2.25
242 0 0 2.0
166 25 0 3.5
246 21 0 2.25
304 0 0 4.0
145 25 0 3.0
349 17 0 4.0
196 22 0 2.0
52 18 0 3.5
337 20 0 3.5
259 3 0 2.25
290 77 0 4.0
136 23 0 3.0
110 13 0 2.0
114 10 0 2.5
90 16 0 3.75
174 25 0 3.75
333 23 0 3.0
92 6 0 3.25
262 14 0 3.0
239 7 0 3.5
61 19 0 4.0
70 17 0 3.25
154 8 0 2.0
306 5 0 3.5
296 18 0 3.5
353 6 0 2.5
220 11 0 4.0
318 80 0 4.0
294 1 0 3.5
10 3 0 3.5
125 3 0 4.0
118 1 0 2.75
154 23 0 2.0
175 9 0 2.25
130 4 0 3.5
139 5 0 2.0
187 2 0 2.75
228 21 0 2.75
326 14 0 2.5
274 0 0 3.25
110 13 0 3.0
319 4 0 2.25
125 5 0 2.75
301 6 0 2.75
347 15 0 3.0
159 9 0 3.5
65 20 0 3.25
149 27 0 3.75
325 44 0 2.75
159 9 0 4.0
75 6 0 2.5
145 14 0 3.25
76 30 0 3.25
9 12 0 3.75
234 79 0 3.5
291 26 0 4.0
70 3 0 2.5
204 27 0 2.5
279 18 0 4.0
284 29 0 2.5
201 5 0 3.0
136 24 0 2.75
267 7 0 3.75
194 11 0 3.75
53 19 0 2.5
52 1 0 2.5
199 5 0 2.5
281 1 0 3.0
63 18 0 3.5
248 10 0 3.25
234 11 0 2.25
225 21 0 2.5
226 25 0 2.0
322 1 0 3.0
222 43 0 3.75
344 24 0 2.5
110 2 0 3.25
220 13 0 3.75
242 29 0 2.25
9 25 0 2.5
257 13 0 2.5
218 8 0 3.75
191 6 0 2.75
349 22 0 3.25
25 9 0 4.0
218 21 0 2.75
181 8 0 3.0
194 4 0 2.5
223 17 0 3.25
126 15 0 2.5
239 17 0 2.25
157 27 0 2.75
57 13 0 3.25
91 20 0 3.5
35 21 0 3.75
181 20 0 2.25
319 4 0 3.5
243 22 0 2.25
304 12 0 2.25
31 7 0 2.25
151 4 0 2.0
12 15 0 3.0
287 21 0 2.5
33 0 0 3.5
178 1 0 2.0
325 11 0 3.0
316 18 0 3.75
337 9 0 2.0
77 24 0 2.25
61 5 0 2.25
30 20 0 2.0
110 17 0 2.25
154 20 0 2.5
226 9 0 3.0
49 30 0 3.25
165 10 0 2.5
350 27 0 3.5
124 18 0 4.0
84 46 0 4.0
348 13 0 3.5
201 5 0 2.0
240 0 0 2.0
183 3 0 2.0
1 3 0 3.5
21 9 0 2.0
157 2 0 3.75
250 23 0 2.5
149 26 0 3.0
21 7 0 2.5
218 20 0 3.75
244 27 0 2.5
291 26 0 2.75
263 22 0 3.75
285 28 0 2.25
38 14 0 3.25
187 1 0 3.0
87 2 0 3.75
133 9 0 4.0
186 18 0 3.5
29 24 0 2.25
113 28 0 2.5
307 52 0 3.25
134 22 0 3.0
101 22 0 3.5
268 13 0 3.0
55 18 0 3.0
25 27 0 3.5
206 13 0 3.75
112 24 0 3.25
100 6 0 2.0
70 46 0 2.25
108 7 0 3.25
227 12 0 2.5
67 18 0 4.0
178 5 0 3.0
182 1 0 3.25
5 23 0 2.25
39 6 0 2.75
101 20 0 4.0
248 10 0 3.75
170 12 0 2.25
311 21 0 2.25
52 13 0 3.25
122 29 0 3.0
334 27 0 3.75
65 19 0 4.0
210 1 0 3.75
162 6 0 4.0
154 4 0 2.75
45 32 0 3.75
306 24 0 3.5
154 25 0 4.0
165 18 0 2.25
35 21 0 4.0
64 7 0 3.75
36 40 0 3.0
250 9 0 4.0
264 26 0 3.5
357 16 0 2.25
317 3 0 2.0
263 1 0 3.25
336 50 0 2.25
29 23 0 2.0
52 20 0 3.5
38 2 0 2.5
334 7 0 2.25
62 25 0 3.25
334 23 0 3.0
267 19 0 2.5
148 17 0 2.5
15 11 0 2.25
161 3 0 2.25
137 5 0 4.0
105 18 0 2.25
153 27 0 3.5
77 10 0 3.75
62 26 0 2.5
341 28 0 2.5
2 20 0 3.5
220 62 0 3.25
250 18 0 2.5
346 5 0 3.0
205 24 0 4.0
292 6 0 4.0
238 3 0 2.5
0 30 0 4.0
14 21 0 3.5
202 34 0 4.0
231 21 0 3.0
34 23 0 2.25
200 10 0 2.0
87 12 0 3.75
286 19 0 3.25
147 0 0 2.75
164 7 0 3.5
109 24 0 2.25
167 25 0 4.0
239 25 0 3.25
283 25 0 2.5
287 5 0 2.0
115 28 0 2.5
26 21 0 2.5
176 53 0 4.0
131 30 0 3.0
214 3 0 2.75
194 20 0 2.75
338 24 0 3.5
268 11 0 3.5
100 22 0 2.25
261 6 0 2.0
83 18 0 2.5
9 24 0 2.5
104 10 0 2.5
184 6 0 3.0
317 7 0 2.75
133 17 0 3.0
42 11 0 3.0
96 5 0 2.5
349 29 0 3.75
143 27 0 2.25
118 26 0 2.75
243 18 0 2.75
4 15 0 3.0
227 10 0 4.0
199 24 0 4.0
155 30 0 3.75
154 18 0 3.75
239 3 0 2.0
177 14 0 2.75
277 10 0 3.25
69 21 0 2.0
55 26 0 3.25
225 28 0 2.75
294 4 0 3.75
278 9 0 2.25
1 18 0 2.75
294 5 0 2.0
153 0 0 3.75
225 2 0 2.5
162 21 0 2.75
323 30 0 2.5
182 16 0 2.0
234 10 0 4.0
169 1 0 2.25
279 2 0 2.5
222 4 0 2.0
240 12 0 3.25
338 23 0 2.5
274 8 0 3.0
116 16 0 3.75
181 6 0 2.0
79 15 0 2.0
299 10 0 2.25
243 4 0 3.75
326 0 0 2.5
135 30 0 2.25
93 17 0 3.75
280 8 0 3.0
30 6 0 2.75
144 20 0 4.0
246 25 0 2.25
52 10 0 4.0
26 15 0 3.5
90 0 0 2.0
101 22 0 4.0
332 29 0 4.0
127 21 0 3.75
281 30 0 4.0
112 29 0 2.5
80 36 0 2.75
326 13 0 2.25
143 11 0 3.75
158 17 0 3.0
82 20 0 4.0
289 22 0 2.0
355 25 0 3.75
232 48 0 2.25
59 1 0 4.0
200 27 0 3.75
262 22 0 2.0
61 15 0 3.0
188 0 0 2.5
312 14 0 2.75
257 8 0 2.25
328 15 0 2.5
249 7 0 4.0
50 20 0 4.0
29 23 0 2.75
288 22 0 2.25
227 24 0 3.75
306 22 0 3.5
355 9 0 3.75
342 3 0 2.75
289 23 0 3.25
260 15 0 3.0
102 21 0 2.75
186 2 0 3.5
114 16 0 2.0
74 26 0 3.25
259 24 0 2.5
231 2 0 3.0
38 4 0 2.5
150 21 0 2.25
232 51 0 3.0
254 29 0 3.5
167 29 0 3.0
294 3 0 3.25
33 20 0 3.5
293 0 0 3.75
349 57 0 2.75
275 16 0 2.5
79 18 0 3.75
352 5 0 3.5
162 3 0 4.0
281 18 0 3.25
202 9 0 2.5
340 28 0 3.5
113 14 0 4.0
121 2 0 3.75
278 27 0 2.75
238 12 0 3.5
358 14 0 2.75
164 0 0 4.0
145 29 0 3.75
153 6 0 2.0
107 12 0 2.75
46 15 0 2.75
142 14 0 3.5
217 28 0 2.75
97 8 0 2.25
258 3 0 3.75
242 5 0 3.0
26 27 0 2.75
49 18 0 2.75
306 28 0 3.0
127 5 0 2.5
272 11 0 2.0
327 29 0 2.75
91 21 0 2.75
334 11 0 3.0
118 24 0 3.75
357 21 0 3.25
257 9 0 2.25
318 27 0 3.0
124 19 0 2.0
129 10 0 3.25
49 28 0 2.25
94 3 0 2.25
44 12 0 2.5
263 10 0 2.0
15 28 0 2.75
88 18 0 3.75
174 12 0 3.0
22 26 0 2.0
91 7 0 3.5
37 0 0 3.5
103 30 0 3.0
166 5 0 3.75
304 9 0 2.5
355 12 0 2.5
324 14 0 3.5
216 0 0 4.0
205 7 0 2.75
78 23 0 2.5
234 0 0 3.0
154 1 0 2.25
294 41 0 3.25
29 9 0 2.0
304 3 0 4.0
48 7 0 3.5
274 15 0 4.0
280 16 0 3.25
241 23 0 3.25
3 5 0 2.0
208 49 0 2.0
338 14 0 3.75
33 9 0 2.25
338 7 0 2.75
248 13 0 3.25
170 18 0 2.0
171 29 0 3.5
55 13 0 3.0
17 20 0 2.25
300 25 0 3.25
269 12 0 4.0
135 27 0 2.5
106 27 0 3.5
78 9 0 3.75
310 2 0 3.5
169 19 0 2.0
271 10 0 3.75
317 26 0 2.0
324 13 0 2.5
240 8 0 3.25
245 12 0 2.25
232 7 0 3.75
298 15 0 2.25
85 6 0 3.5
249 40 0 2.25
21 3 0 2.0
27 24 0 2.25
307 10 0 4.0
325 18 0 3.25
213 2 0 3.5
130 22 0 3.75
194 13 0 3.0
322 19 0 3.75
12 25 0 2.75
57 7 0 4.0
294 26 0 2.5
201 30 0 3.0
343 9 0 2.25
116 7 0 3.75
310 11 0 2.75
111 24 0 3.75
324 8 0 2.0
64 22 0 2.0
97 28 0 2.75
325 7 0 3.75
33 5 0 2.75
356 5 0 4.0
70 13 0 3.25
222 22 0 4.0
154 24 0 2.25
351 21 0 3.25
74 23 0 2.0
31 26 0 2.5
40 10 0 2.5
337 5 0 2.25
156 21 0 4.0
162 58 0 2.5
20 19 0 3.75
59 24 0 2.5
86 12 0 3.25
352 17 0 2.75
133 16 0 3.0
316 25 0 2.0
2 24 0 3.75
262 53 0 2.75
60 23 0 2.5
79 15 0 3.25
41 29 0 4.0
323 2 0 3.25
208 20 0 3.25
63 19 0 3.75
280 18 0 3.25
298 18 0 2.0
28 26 0 3.5
88 5 0 2.0
147 33 0 3.5
268 3 0 2.0
51 2 0 2.5
105 0 0 2.0
178 2 0 2.0
243 16 0 3.75
152 2 0 2.5
161 3 0 2.0
268 10 0 3.25
160 28 0 2.75
146 1 0 3.75
172 25 0 2.0
293 29 0 3.25
338 30 0 3.0
22 27 0 2.75
160 28 0 4.0
345 44 0 4.0
333 26 0 2.25
10 4 0 4.0
107 5 0 4.0
96 13 0 2.5
90 14 0 2.75
287 8 0 2.5
345 4 0 3.75
3 38 0 3.75
334 11 0 2.5
23 16 0 3.25
37 8 0 2.0
11 12 0 2.5
59 29 0 2.75
206 15 0 3.5
183 22 0 3.25
178 5 0 4.0
321 10 0 3.5
65 16 0 3.25
321 1 0 3.25
344 8 0 3.75
60 20 0 4.0
336 7 0 3.5
84 14 0 3.75
217 13 0 3.5
92 26 0 4.0
193 29 0 2.5
13 1 0 2.0
289 2 0 2.5
264 30 0 2.5
160 7 0 3.0
284 12 0 2.25
16 19 0 2.25
49 9 0 3.0
141 4 0 3.25
289 18 0 3.0
351 58 0 2.75
359 29 0 3.5
75 9 0 4.0
319 27 0 3.5
323 3 0 2.0
77 30 0 3.25
345 0 0 2.5
317 20 0 2.0
99 14 0 3.5
8 29 0 3.25
45 16 0 3.0
232 4 0 3.0
112 13 0 2.75
311 6 0 2.25
282 14 0 3.25
133 8 0 4.0
139 15 0 3.75
159 17 0 3.25
45 10 0 2.5
288 2 0 2.25
127 20 0 2.0
71 26 0 3.0
122 0 0 2.5
165 17 0 2.0
6 18 0 3.0
315 19 0 2.0
182 13 0 2.25
40 9 0 2.5
359 26 0 2.75
68 23 0 4.0
141 44 0 4.0
352 25 0 2.75
339 29 0 2.75
328 11 0 3.0
234 2 0 3.5
288 18 0 2.5
14 17 0 2.25
64 21 0 3.0
201 10 0 3.0
54 24 0 3.75
184 4 0 3.0
124 17 0 2.0
283 1 0 3.0
103 55 0 2.0
271 8 0 2.0
76 2 0 3.0
223 3 0 2.5
220 20 0 4.0
294 9 0 2.5
54 5 0 3.5
266 12 0 4.0
107 26 0 2.5
351 27 0 2.75
308 4 0 3.0
11 3 0 3.25
44 2 0 2.0
243 53 0 2.0
215 10 0 2.75
145 13 0 3.5
278 21 0 3.5
144 20 0 3.25
50 7 0 3.75
68 20 0 3.0
246 14 0 4.0
291 27 0 2.0
267 1 0 4.0
209 13 0 4.0
338 10 0 2.25
90 23 0 3.75
244 18 0 3.5
327 30 0 3.75
144 15 0 3.5
244 2 0 2.25
108 19 0 3.5
96 14 0 2.0
261 27 0 3.0
134 22 0 2.5
304 19 0 3.25
61 66 0 3.75
301 11 0 2.25
184 26 0 3.0
197 8 0 3.75
195 8 0 2.25
192 25 0 4.0
26 17 0 2.75
268 6 0 4.0
316 2 0 3.5
249 14 0 4.0
13 15 0 3.5
127 29 0 2.75
127 1 0 2.5
38 16 0 3.0
147 11 0 3.25
104 6 0 2.0
281 10 0 2.5
256 14 0 2.25
235 29 0 3.25
286 4 0 2.0
213 1 0 3.5
243 3 0 2.0
297 11 0 3.75
345 1 0 3.75
76 26 0 3.25
325 26 0 2.75
325 16 0 2.5
41 17 0 3.5
306 0 0 4.0
148 20 0 2.0
322 22 0 3.0
181 26 0 3.75
193 15 0 3.0
188 6 0 2.5
5 28 0 2.25
123 4 0 3.5
174 4 0 2.5
29 35 0 2.0
13 29 0 3.25
323 19 0 3.75
230 18 0 2.75
148 8 0 3.5
310 16 0 3.5
50 21 0 2.0
321 19 0 3.0
208 2 0 3.5
357 20 0 3.0
320 13 0 2.75
333 30 0 2.75
252 2 0 2.75
292 15 0 3.25
218 4 0 3.25
329 0 0 2.25
25 11 0 3.0
295 3 0 2.5
300 5 0 2.25
147 17 0 2.25
147 4 0 2.75
295 5 0 2.5
181 12 0 2.5
53 22 0 2.25
202 10 0 4.0
268 6 0 3.75
282 11 0 3.25
47 19 0 3.0
94 24 0 3.5
86 28 0 3.75
42 27 0 2.0
301 29 0 2.5
287 6 0 3.25
241 52 0 3.0
165 17 0 2.5
302 9 0 2.75
50 34 0 3.5
327 4 0 3.5
217 5 0 2.0
133 26 0 3.0
144 28 0 2.5
150 12 0 3.75
229 20 0 3.25
289 18 0 2.25
40 12 0 2.5
350 24 0 2.0
74 21 0 2.75
4 21 0 2.5
175 21 0 4.0
309 7 0 3.25
198 2 0 2.5
309 11 0 3.25
177 14 0 4.0
217 15 0 2.0
11 0 0 3.25
65 57 0 3.0
296 28 0 2.5
252 13 0 2.75
209 19 0 2.75
329 10 0 4.0
85 76 0 3.25
20 7 0 3.25
60 15 0 2.25
214 0 0 3.75
154 1 0 2.75
266 9 0 2.0
201 28 0 3.75
280 17 0 2.0
238 17 0 2.75
66 4 0 2.25
290 4 0 3.75
15 20 0 2.5
33 25 0 3.75
334 27 0 4.0
346 37 0 4.0
348 27 0 2.0
146 3 0 3.0
207 2 0 3.0
133 30 0 2.5
309 3 0 2.75
268 3 0 3.25
92 5 0 3.75
207 12 0 3.25
334 14 0 3.75
230 19 0 2.75
300 25 0 3.0
223 16 0 3.0
30 29 0 3.5
340 29 0 2.75
150 5 0 4.0
262 7 0 4.0
257 29 0 2.25
15 45 0 3.75
202 17 0 3.5
59 40 0 2.25
22 25 0 3.75
118 6 0 2.5
84 22 0 3.75
158 2 0 3.0
67 23 0 3.25
299 2 0 3.25
70 29 0 3.5
224 30 0 2.5
121 23 0 4.0
220 1 0 4.0
266 39 0 3.5
100 22 0 3.0
66 6 0 3.25
283 7 0 3.0
198 20 0 3.75
326 20 0 2.5
194 1 0 3.75
229 6 0 2.25
302 3 0 2.0
111 2 0 2.25
143 16 0 3.75
105 18 0 3.75
341 30 0 2.75
222 11 0 2.25
229 14 0 2.5
346 0 0 3.75
37 19 0 2.25
242 16 0 2.25
167 28 0 4.0
127 12 0 3.5
337 13 0 3.25
75 6 0 3.75
64 29 0 3.0
300 13 0 3.25
82 27 0 4.0
339 14 0 2.75
138 28 0 2.5
319 17 0 3.75
226 7 0 3.25
207 7 0 2.5
44 13 0 3.75
285 12 0 4.0
89 16 0 4.0
81 5 0 3.75
145 25 0 2.0
348 4 0 2.25
352 10 0 3.0
234 14 0 3.0
123 16 0 3.25
63 19 0 2.75
179 28 0 2.0
167 10 0 2.75
332 12 0 2.5
154 30 0 3.25
66 1 0 3.0
72 5 0 2.75
66 33 0 3.75
214 0 0 3.0
201 13 0 3.75
31 25 0 3.0
153 8 0 3.0
209 7 0 3.25
59 11 0 3.0
228 4 0 3.0
235 25 0 2.5
197 8 0 3.25
2 8 0 3.5
190 59 0 4.0
123 24 0 2.5
305 25 0 3.0
19 17 0 2.75
316 6 0 3.75
159 8 0 2.25
331 16 0 4.0
345 28 0 2.5
125 1 0 3.25
311 22 0 4.0
67 3 0 3.5
261 12 0 2.5
90 18 0 3.75
164 28 0 2.75
197 25 0 3.0
126 0 0 4.0
344 4 0 2.5
318 2 0 3.5
282 15 0 3.75
153 2 0 2.25
28 15 0 3.25
210 29 0 2.5
266 26 0 3.5
262 22 0 3.5
207 56 0 4.0
116 8 0 3.5
259 2 0 3.5
311 16 0 2.0
46 1 0 2.0
43 29 0 3.25
97 25 0 2.5
245 24 0 3.75
19 18 0 2.25
230 30 0 2.25
208 26 0 2.5
320 4 0 2.25
183 11 0 3.25
60 17 0 2.0
178 24 0 3.0
161 4 0 2.25
281 16 0 4.0
52 22 0 2.25
257 8 0 2.75
187 15 0 3.0
82 18 0 3.0
123 2 0 4.0
63 6 0 4.0
31 10 0 2.0
29 14 0 4.0
324 3 0 2.0
107 22 0 3.5
58 19 0 3.75
95 12 0 3.75
308 25 0 2.0
148 13 0 4.0
202 19 0 2.0
291 23 0 3.75
274 30 0 2.0
167 0 0 2.75
104 0 0 3.0
299 17 0 3.5
181 17 0 3.0
235 22 0 3.5
244 10 0 3.0
286 12 0 2.75
20 16 0 3.5
301 28 0 3.25
47 21 0 4.0
43 2 0 2.0
352 13 0 2.5
26 5 0 3.75
123 20 0 3.75
135 7 0 3.0
23 11 0 2.25
31 25 0 2.25
323 2 0 2.5
14 13 0 3.5
233 27 0 2.0
51 19 0 2.25
108 8 0 2.75
350 20 0 3.75
306 9 0 4.0
109 69 0 2.5
174 18 0 2.5
249 18 0 3.75
275 14 0 3.25
275 14 0 2.25
316 47 0 3.0
293 10 0 2.0
208 3 0 3.25
227 30 0 2.0
76 23 0 2.5
99 30 0 2.5
318 18 0 2.5
356 6 0 3.0
93 13 0 2.25
341 25 0 3.25
62 0 0 3.75
210 9 0 4.0
126 13 0 3.0
98 13 0 2.25
132 20 0 3.5
31 3 0 3.75
353 5 0 2.75
31 11 0 3.25
109 10 0 3.25
307 10 0 2.5
169 14 0 2.5
284 27 0 2.75
5 26 0 3.25
34 9 0 3.0
278 24 0 3.25
263 7 0 3.25
21 16 0 2.5
232 1 0 2.75
124 6 0 3.75
317 1 0 3.75
159 14 0 3.25
318 8 0 2.0
123 8 0 2.25
48 22 0 3.75
234 11 0 2.5
261 16 0 2.75
228 24 0 2.5
216 21 0 3.25
165 13 0 2.5
136 27 0 3.75
154 26 0 2.0
303 7 0 3.25
247 15 0 4.0
274 17 0 2.25
112 22 0 2.5
354 4 0 3.75
1 5 0 3.75
356 6 0 3.5
215 23 0 3.5
22 28 0 4.0
50 14 0 3.25
200 28 0 2.0
36 27 0 3.5
218 11 0 4.0
92 41 0 2.0
247 7 0 3.25
155 17 0 2.25
169 21 0 3.5
196 27 0 2.25
298 14 0 4.0
121 9 0 2.25
92 18 0 3.25
274 7 0 2.5
98 18 0 3.25
302 20 0 2.25
280 15 0 4.0
199 5 0 2.25
113 26 0 2.5
229 9 0 2.5
211 14 0 2.0
267 6 0 3.5
125 26 0 2.5
206 18 0 2.5
144 4 0 3.0
344 45 0 4.0
335 10 0 3.75
39 10 0 3.25
274 5 0 2.5
68 12 0 2.0
111 3 0 2.5
7 5 0 3.5
4 10 0 2.5
354 23 0 2.25
189 4 0 3.75
199 2 0 2.5
328 16 0 3.5
241 12 0 2.5
217 13 0 2.75
129 12 0 3.0
265 41 0 2.75
8 37 0 2.5
219 11 0 2.5
311 11 0 2.0
153 28 0 4.0
314 24 0 3.5
51 18 0 2.75
251 21 0 4.0
91 7 0 3.75
173 18 0 3.75
348 16 0 3.25
142 28 0 2.5
357 30 0 2.5
218 16 0 3.25
171 8 0 4.0
0 4 0 2.5
331 23 0 2.75
100 4 0 3.25
130 6 0 2.25
352 21 0 2.5
45 23 0 2.75
178 2 0 3.25
294 10 0 2.25
131 8 0 3.25
333 1 0 3.25
270 53 0 3.75
345 28 0 3.25
27 7 0 3.0
211 13 0 3.75
195 2 0 2.5
333 19 0 2.25
317 24 0 2.5
75 20 0 2.0
139 23 0 2.25
228 20 0 3.75
289 22 0 2.25
138 28 0 3.25
345 36 0 2.0
199 20 0 2.5
39 24 0 3.25
174 6 0 3.5
143 11 0 2.75
88 24 0 3.0
262 19 0 2.25
110 8 0 2.5
161 36 0 3.0
270 25 0 3.5
153 29 0 2.0
44 2 0 3.75
131 7 0 4.0
335 17 0 3.25
250 26 0 3.5
269 14 0 2.0
106 3 0 2.5
100 25 0 3.25
187 5 0 2.5
103 18 0 2.75
250 18 0 3.25
251 18 0 2.0
202 29 0 4.0
323 19 0 3.5
232 14 0 3.25
66 49 0 2.25
212 13 0 4.0
96 24 0 3.0
242 7 0 3.75
340 25 0 2.75
309 27 0 2.0
233 3 0 2.0
111 23 0 3.25
170 25 0 3.75
183 2 0 3.0
53 29 0 4.0
280 21 0 3.0
220 23 0 2.75
23 22 0 3.0
136 17 0 3.25
6 17 0 2.5
262 12 0 2.0
60 8 0 2.75
157 14 0 2.5
226 12 0 2.5
88 9 0 2.5
122 44 0 3.0
144 27 0 2.75
256 2 0 2.0
99 6 0 2.0
171 28 0 2.75
213 29 0 2.0
269 29 0 2.5
189 24 0 4.0
316 17 0 2.75
172 22 0 3.75
80 23 0 2.0
316 4 0 3.0
132 22 0 4.0
308 11 0 2.0
303 15 0 2.5
102 24 0 3.25
310 29 0 3.5
265 5 0 4.0
86 30 0 3.75
95 24 0 2.0
210 6 0 2.75
227 9 0 3.75
47 2 0 2.5
310 8 0 3.5
195 14 0 3.5
40 29 0 2.5
134 8 0 3.75
313 26 0 3.25
305 23 0 2.5
217 5 0 2.5
64 18 0 2.75
14 3 0 3.75
214 8 0 3.75
326 20 0 3.25
161 2 0 2.75
201 25 0 3.75
54 16 0 3.0
43 15 0 2.75
330 27 0 3.25
254 17 0 3.25
228 15 0 3.0
276 15 0 3.25
211 7 0 2.0
153 12 0 3.25
312 2 0 3.0
144 12 0 3.5
132 12 0 2.25
322 24 0 2.5
5 8 0 3.25
170 3 0 4.0
303 43 0 2.25
19 16 0 3.0
241 29 0 2.0
172 20 0 2.5
138 6 0 3.75
294 8 0 4.0
304 18 0 2.0
215 0 0 2.25
38 23 0 2.25
243 25 0 2.75
343 21 0 3.75
179 30 0 2.5
65 9 0 3.25
336 21 0 2.75
48 18 0 2.25
96 9 0 3.25
281 20 0 2.0
241 17 0 2.75
210 20 0 3.5
154 22 0 3.75
351 9 0 3.5
333 22 0 2.25
101 60 0 3.25
200 30 0 3.25
352 56 0 3.5
101 14 0 2.0
59 23 0 3.5
209 2 0 3.5
179 21 0 3.75
115 4 0 3.5
5 3 0 2.75
148 16 0 3.25
61 20 0 3.5
81 20 0 2.75
108 29 0 3.5
343 19 0 2.25
2 43 0 3.75
298 28 0 3.0
175 26 0 2.25
98 23 0 2.5
65 14 0 2.25
79 25 0 2.5
287 10 0 3.0
160 22 0 2.5
273 41 0 2.5
206 22 0 3.0
54 18 0 2.25
228 28 0 2.75
125 19 0 3.75
142 4 0 2.25
57 28 0 4.0
18 30 0 3.5
273 9 0 3.25
128 12 0 3.25
309 12 0 2.75
1 5 0 3.25
29 21 0 3.5
311 29 0 3.75
46 63 0 3.25
55 58 0 2.5
335 14 0 3.25
207 1 0 2.5
240 20 0 2.25
178 15 0 2.25
180 16 0 2.0
323 23 0 3.25
48 5 0 3.5
280 14 0 3.25
233 0 0 2.75
25 23 0 2.25
187 25 0 3.5
201 0 0 3.5
156 29 0 2.75
67 76 0 3.0
250 16 0 3.75
259 23 0 3.25
147 13 0 2.0
67 17 0 2.25
357 1 0 2.5
354 6 0 2.5
173 1 0 2.25
94 29 0 3.5
251 3 0 3.5
34 29 0 2.5
283 13 0 2.25
216 28 0 4.0
242 14 0 3.0
252 16 0 2.75
259 6 0 2.5
232 4 0 2.75
313 11 0 2.5
170 13 0 2.75
137 19 0 2.25
98 28 0 4.0
333 23 0 2.5
122 26 0 4.0
182 3 0 2.5
285 25 0 2.0
85 1 0 4.0
117 12 0 2.25
258 13 0 2.75
129 27 0 3.5
311 3 0 2.5
9 20 0 2.5
313 19 0 4.0
125 5 0 2.5
88 21 0 3.5
244 13 0 3.0
108 13 0 2.0
229 24 0 2.75
274 11 0 2.25
139 0 0 3.25
323 26 0 3.0
2 11 0 3.75
349 18 0 2.25
123 4 0 2.5
41 27 0 4.0
348 28 0 2.25
74 1 0 2.5
0 2 0 3.0
123 16 0 4.0
169 19 0 2.25
46 7 0 2.25
162 20 0 2.75
297 0 0 3.75
165 5 0 2.5
45 17 0 2.25
93 19 0 2.75
52 4 0 2.0
36 30 0 3.0
336 19 0 3.25
228 30 0 2.25
208 41 0 3.0
82 27 0 3.0
356 6 0 2.0
244 7 0 2.5
336 16 0 2.5
178 17 0 2.25
229 21 0 3.5
64 16 0 2.25
112 11 0 2.0
209 9 0 2.0
295 29 0 3.0
74 6 0 2.75
113 53 0 2.75
3 1 0 3.0
194 6 0 3.0
114 7 0 3.25
317 22 0 3.5
65 29 0 2.0
303 10 0 2.25
290 21 0 3.25
130 3 0 3.5
269 17 0 2.0
196 21 0 4.0
345 0 0 2.0
2 11 0 3.0
321 23 0 4.0
165 28 0 3.5
107 19 0 3.0
208 26 0 3.0
267 3 0 3.25
80 22 0 2.25
302 9 0 2.5
60 3 0 3.25
18 19 0 2.5
270 20 0 3.0
90 30 0 2.0
230 9 0 3.25
60 20 0 2.5
9 23 0 3.75
193 25 0 3.5
199 16 0 2.5
32 30 0 2.5
311 4 0 3.5
289 0 0 2.25
242 17 0 2.0
29 3 0 3.75
184 17 0 2.25
254 17 0 2.75
132 21 0 3.5
116 25 0 2.0
182 2 0 2.0
54 8 0 2.5
206 17 0 2.5
150 12 0 3.25
157 23 0 2.0
212 26 0 2.5
90 10 0 3.0
14 7 0 3.0
283 16 0 3.5
173 6 0 3.0
95 3 0 2.5
194 27 0 2.75
15 33 0 3.5
38 9 0 4.0
148 27 0 3.25
189 4 0 2.75
191 10 0 4.0
46 4 0 2.5
56 18 0 3.25
332 17 0 2.25
288 14 0 3.0
37 0 0 3.75
19 57 0 3.0
317 13 0 3.5
166 4 0 2.0
97 13 0 2.5
272 22 0 3.0
79 0 0 2.25
223 6 0 2.25
33 7 0 3.75
55 5 0 3.25
264 6 0 2.75
270 27 0 2.75
7 23 0 2.75
317 23 0 3.25
2 23 0 4.0
346 17 0 2.0
68 4 0 2.0
194 10 0 3.25
91 20 0 4.0
347 7 0 3.5
64 1 0 2.5
217 21 0 4.0
155 18 0 2.5
146 6 0 3.5
177 29 0 4.0
273 12 0 3.0
325 23 0 2.5
337 28 0 4.0
93 14 0 3.75
179 15 0 3.75
338 3 0 3.0
104 30 0 2.25
45 28 0 3.0
142 39 0 2.5
347 12 0 3.0
87 8 0 2.0
92 10 0 2.0
175 19 0 3.5
120 33 0 2.0
267 9 0 3.5
329 28 0 3.75
57 26 0 3.75
164 25 0 3.75
242 42 0 2.75
225 28 0 3.25
317 9 0 2.75
5 3 0 3.5
129 28 0 3.0
112 25 0 3.0
354 5 0 3.75
344 5 0 2.5
222 63 0 2.75
39 16 0 2.0
308 16 0 2.5
185 4 0 2.0
143 46 0 2.25
142 21 0 3.75
21 27 0 2.25
291 7 0 2.5
22 3 0 3.75
353 19 0 2.0
195 3 0 2.5
1 13 0 3.75
154 21 0 3.5
15 26 0 2.5
88 19 0 2.75
162 28 0 4.0
207 12 0 3.0
227 19 0 3.0
27 21 0 2.0
203 10 0 3.25
234 22 0 2.25
111 21 0 2.0
192 25 0 2.0
58 16 0 2.0
15 22 0 3.75
248 25 0 2.75
113 5 0 4.0
260 19 0 2.5
356 22 0 2.75
145 29 0 4.0
133 24 0 2.0
270 0 0 2.25
200 3 0 2.0
151 15 0 4.0
300 24 0 3.0
11 20 0 3.5
227 13 0 2.5
248 19 0 4.0
93 7 0 2.75
208 14 0 3.75
253 28 0 2.0
179 50 0 3.75
278 22 0 2.0
179 27 0 2.5
357 5 0 4.0
256 28 0 4.0
103 3 0 2.0
222 17 0 2.5
195 20 0 3.5
315 28 0 4.0
276 19 0 2.75
22 20 0 3.75
142 24 0 4.0
70 29 0 2.75
216 30 0 4.0
283 23 0 3.5
317 4 0 2.75
129 5 0 3.25
211 17 0 3.75
297 4 0 2.25
357 14 0 3.75
193 8 0 4.0
311 4 0 2.25
83 27 0 4.0
339 29 0 2.5
132 22 0 2.25
311 26 0 2.5
317 17 0 3.0
256 26 0 3.5
332 30 0 2.75
224 4 0 2.25
54 20 0 2.0
147 23 0 3.25
200 1 0 2.75
284 0 0 3.75
132 10 0 4.0
64 13 0 3.25
5 17 0 2.5
332 9 0 2.0
248 5 0 3.0
181 19 0 3.5
319 6 0 2.0
209 9 0 3.5
268 5 0 2.75
341 29 0 2.75
211 1 0 4.0
27 3 0 3.25
30 29 0 2.75
347 1 0 4.0
204 11 0 3.0
12 24 0 4.0
101 5 0 3.0
130 21 0 2.75
105 20 0 3.75
135 4 0 4.0
109 23 0 4.0
10 6 0 3.75
254 10 0 4.0
241 8 0 3.75
81 8 0 2.25
332 3 0 2.0
4 18 0 2.75
191 18 0 2.75
269 5 0 2.25
287 7 0 2.0
84 37 0 2.0
119 1 0 2.0
167 20 0 2.25
46 1 0 2.75
53 20 0 2.5
133 9 0 2.75
344 22 0 3.5
282 18 0 3.75
174 23 0 3.0
165 24 0 2.25
100 19 0 4.0
330 20 0 4.0
172 7 0 3.5
331 20 0 4.0
43 17 0 3.0
74 30 0 3.0
34 20 0 2.5
10 14 0 2.0
99 10 0 3.75
57 21 0 3.0
298 29 0 3.75
175 21 0 3.0
162 11 0 3.0
43 21 0 2.0
223 27 0 4.0
2 1 0 4.0
178 27 0 4.0
349 0 0 3.0
220 19 0 3.0
192 23 0 3.5
268 16 0 2.75
46 13 0 4.0
135 27 0 2.0
317 6 0 4.0
312 15 0 2.25
190 25 0 3.0
162 22 0 3.0
60 3 0 4.0
286 24 0 3.25
41 12 0 2.25
65 12 0 3.25
289 8 0 3.25
247 18 0 3.5
237 8 0 3.0
285 27 0 2.25
255 15 0 2.25
173 20 0 3.25
194 4 0 2.75
17 27 0 3.75
162 39 0 3.25
300 1 0 2.0
193 19 0 3.25
138 28 0 2.75
199 13 0 3.75
74 14 0 3.75
356 26 0 2.0
322 18 0 2.5
127 0 0 3.0
347 20 0 3.0
52 26 0 3.25
279 23 0 2.0
248 2 0 3.25
0 4 0 3.25
220 4 0 2.0
121 8 0 2.0
239 22 0 2.0
114 8 0 2.0
64 30 0 3.25
31 12 0 3.0
186 2 0 2.75
41 14 0 2.5
211 13 0 2.5
244 0 0 3.75
100 58 0 3.25
25 23 0 2.5
190 16 0 3.5
235 5 0 3.75
13 7 0 2.5
123 30 0 2.0
118 13 0 3.25
37 1 0 3.0
211 2 0 3.0
293 30 0 2.5
55 11 0 3.75
109 2 0 3.75
7 6 0 3.5
264 10 0 2.5
120 18 0 4.0
86 10 0 4.0
27 23 0 3.5
60 12 0 3.5
33 25 0 2.75
248 21 0 3.25
117 14 0 4.0
5 9 0 2.5
335 24 0 3.5
192 6 0 4.0
115 28 0 2.75
112 16 0 2.5
221 7 0 2.5
280 4 0 2.0
38 11 0 2.5
264 0 0 2.75
248 13 0 2.0
213 19 0 3.0
127 19 0 2.25
261 2 0 2.75
140 17 0 3.0
57 3 0 2.0
37 21 0 2.25
175 18 0 3.5
0 7 0 3.5
33 24 0 4.0
197 9 0 2.75
242 13 0 2.0
291 14 0 4.0
182 18 0 2.5
18 10 0 2.75
58 8 0 2.75
243 22 0 2.75
332 51 0 2.25
334 11 0 3.75
319 18 0 3.75
280 27 0 3.0
136 17 0 3.0
296 6 0 3.5
133 30 0 3.5
263 2 0 3.25
93 25 0 2.75
99 18 0 3.25
353 23 0 3.0
287 14 0 3.75
251 10 0 3.5
144 23 0 3.25
267 4 0 3.25
73 18 0 2.75
260 8 0 3.5
112 15 0 3.0
254 25 0 2.5
286 4 0 2.25
235 10 0 3.5
359 74 0 3.75
67 18 0 3.75
321 26 0 2.5
322 23 0 2.0
9 0 0 2.5
43 3 0 3.5
330 2 0 2.25
351 17 0 3.75
63 14 0 2.5
283 30 0 2.75
11 29 0 3.0
312 13 0 2.75
43 18 0 2.75
356 30 0 3.0
25 15 0 2.5
351 24 0 2.75
279 23 0 3.5
340 26 0 3.75
67 24 0 3.25
14 26 0 4.0
316 19 0 4.0
199 2 0 3.75
317 35 0 2.5
311 17 0 3.25
207 16 0 2.75
19 3 0 3.25
53 11 0 4.0
352 39 0 4.0
328 14 0 2.0
164 15 0 2.5
312 0 0 3.75
239 22 0 3.75
13 53 0 2.0
89 10 0 2.75
213 30 0 3.5
355 27 0 2.0
90 22 0 2.25
23 9 0 2.0
93 24 0 2.0
93 17 0 2.75
172 2 0 4.0
155 17 0 2.5
326 15 0 2.75
118 18 0 3.75
274 6 0 3.75
163 14 0 3.25
106 10 0 3.25
153 2 0 3.5
35 2 0 3.5
311 15 0 2.5
304 23 0 2.5
205 26 0 3.75
155 8 0 2.0
66 0 0 4.0
189 13 0 3.75
86 29 0 3.25
16 4 0 3.0
261 21 0 2.25
241 33 0 3.75
110 16 0 2.25
327 3 0 2.25
48 19 0 4.0
51 15 0 3.0
145 0 0 3.75
270 10 0 2.25
181 8 0 3.5
56 17 0 3.5
267 11 0 3.5
14 14 0 2.75
174 10 0 3.75
124 9 0 3.25
220 27 0 3.0
137 6 0 2.0
89 22 0 4.0
240 15 0 3.5
8 4 0 3.0
323 27 0 4.0
24 14 0 3.75
277 1 0 2.5
304 7 0 2.75
215 20 0 2.25
299 0 0 3.25
104 27 0 2.0
305 13 0 2.5
240 21 0 2.5
83 6 0 4.0
234 29 0 2.25
36 0 0 2.75
259 19 0 2.5
195 19 0 3.75
98 7 0 3.5
99 23 0 2.75
39 27 0 2.0
213 3 0 2.25
350 15 0 2.5
187 6 0 3.5
261 8 0 2.5
30 18 0 2.25
285 4 0 3.5
59 16 0 2.25
79 9 0 3.5
346 14 0 3.25
66 29 0 3.25
286 28 0 2.0
322 19 0 4.0
104 4 0 3.5
304 30 0 2.0
246 28 0 2.75
13 29 0 2.25
278 1 0 2.75
246 14 0 2.25
71 0 0 3.75
309 12 0 2.0
23 26 0 3.25
54 51 0 2.0
155 21 0 3.5
265 17 0 2.75
235 27 0 3.5
95 23 0 4.0
200 15 0 2.25
97 24 0 3.75
346 2 0 3.5
39 30 0 4.0
349 19 0 2.0
343 13 0 2.75
86 8 0 2.0
265 13 0 2.5
12 14 0 3.5
273 14 0 3.75
212 2 0 4.0
338 17 0 3.75
125 10 0 2.0
282 22 0 3.75
275 8 0 2.0
281 4 0 4.0
20 29 0 2.5
225 0 0 2.25
256 27 0 2.0
46 50 0 3.75
116 6 0 3.25
342 21 0 3.25
149 21 0 2.75
251 16 0 4.0
184 14 0 2.25
27 12 0 3.5
55 16 0 3.5
32 21 0 3.5
221 6 0 3.75
314 14 0 2.5
299 24 0 2.0
228 23 0 4.0
143 20 0 2.5
348 17 0 4.0
37 13 0 3.5
195 18 0 3.75
105 16 0 3.0
3 13 0 3.0
260 4 0 2.25
103 21 0 2.5
229 17 0 3.5
151 27 0 4.0
352 1 0 3.5
249 16 0 4.0
263 27 0 3.5
125 10 0 2.75
153 22 0 4.0
277 8 0 3.0
96 5 0 2.75
292 33 0 3.25
55 15 0 3.75
285 26 0 2.25
230 22 0 2.0
130 30 0 2.0
288 5 0 3.5
240 27 0 2.25
5 30 0 3.5
327 18 0 2.0
11 0 0 3.75
50 3 0 2.75
145 4 0 3.0
77 14 0 2.0
87 7 0 4.0
151 16 0 2.75
221 18 0 2.25
158 16 0 3.5
104 26 0 2.25
335 18 0 3.5
337 7 0 3.25
113 8 0 3.75
248 21 0 3.5
248 25 0 2.0
292 15 0 2.0
116 22 0 3.0
253 23 0 4.0
278 3 0 2.0
157 1 0 2.75
238 24 0 2.0
248 7 0 2.75
345 3 0 2.25
283 16 0 2.5
69 6 0 2.75
289 21 0 2.5
319 8 0 2.75
109 17 0 2.75
91 20 0 3.75
4 29 0 2.5
249 3 0 2.0
112 17 0 2.0
101 0 0 2.5
174 6 0 3.75
193 16 0 3.0
320 6 0 2.5
219 18 0 3.0
279 2 0 3.5
64 23 0 2.5
74 0 0 2.75
91 8 0 2.0
232 27 0 3.25
344 26 0 2.75
246 24 0 3.5
67 3 0 2.75
169 10 0 3.25
156 2 0 3.75
351 70 0 2.25
4 8 0 3.75
36 15 0 2.25
253 9 0 3.25
134 4 0 4.0
82 2 0 3.5
202 17 0 2.25
115 22 0 4.0
140 26 0 3.75
147 23 0 2.75
4 24 0 3.25
198 16 0 2.25
128 4 0 2.0
128 6 0 4.0
154 19 0 3.25
326 24 0 3.5
30 15 0 2.5
316 10 0 2.75
88 19 0 3.5
2 40 0 2.0
125 25 0 3.25
280 18 0 2.25
251 18 0 2.75
50 9 0 3.0
39 5 0 2.75
32 30 0 2.75
337 6 0 2.0
242 24 0 3.0
295 23 0 2.25
262 1 0 2.75
22 12 0 3.25
156 17 0 2.5
351 4 0 3.0
27 1 0 3.0
187 15 0 2.5
132 2 0 2.0
50 25 0 2.25
0 5 0 3.75
301 20 0 2.5
156 3 0 2.5
244 30 0 2.25
105 16 0 3.25
41 29 0 3.75
327 9 0 3.0
67 2 0 3.5
13 16 0 2.5
212 30 0 3.0
151 26 0 2.0
239 26 0 3.25
70 19 0 3.0
345 11 0 3.5
332 16 0 4.0
242 10 0 3.0
179 17 0 4.0
161 30 0 3.5
321 19 0 3.5
324 12 0 3.5
326 1 0 4.0
278 5 0 2.5
197 12 0 4.0
318 19 0 3.5
184 5 0 3.5
242 15 0 3.0
15 16 0 4.0
38 1 0 3.75
96 13 0 3.25
68 5 0 3.25
144 29 0 2.0
180 4 0 3.25
238 15 0 4.0
343 26 0 2.75
0 29 0 3.5
113 0 0 2.0
270 28 0 2.25
191 5 0 3.25
243 1 0 3.75
357 10 0 3.0
85 5 0 4.0
84 13 0 3.25
88 11 0 2.25
135 20 0 3.5
86 12 0 4.0
59 11 0 2.0
320 0 0 4.0
89 14 0 3.75
281 0 0 2.25
220 2 0 3.75
359 0 0 2.5
293 25 0 2.25
269 28 0 3.25
33 30 0 3.75
82 48 0 2.75
300 17 0 3.0
352 4 0 3.5
344 6 0 2.25
299 22 0 3.25
51 9 0 3.0
351 0 0 2.0
267 8 0 2.25
276 18 0 2.75
71 26 0 2.0
209 0 0 2.5
277 27 0 3.0
68 19 0 3.75
131 11 0 4.0
335 22 0 3.75
343 8 0 4.0
137 1 0 2.25
148 8 0 2.75
354 19 0 2.5
89 13 0 3.5
303 3 0 2.0
57 19 0 3.25
322 17 0 2.5
162 39 0 4.0
273 1 0 3.75
241 27 0 3.75
278 58 0 3.5
237 26 0 3.75
308 27 0 3.75
316 29 0 3.0
188 2 0 2.0
260 25 0 2.25
309 13 0 3.5
309 15 0 3.0
105 29 0 3.0
34 16 0 3.5
282 23 0 2.25
123 20 0 3.25
323 19 0 3.0
221 9 0 2.75
309 19 0 2.25
12 42 0 4.0
127 7 0 2.25
246 2 0 2.75
112 24 0 2.5
232 29 0 3.75
78 5 0 4.0
26 21 0 4.0
188 1 0 3.0
259 10 0 2.75
262 21 0 2.0
275 22 0 2.0
204 4 0 3.25
132 3 0 2.25
333 16 0 3.25
5 1 0 3.5
177 21 0 3.75
197 25 0 4.0
228 17 0 2.75
17 1 0 3.5
293 18 0 3.0
203 29 0 2.0
278 13 0 2.75
353 3 0 3.5
77 3 0 2.0
290 13 0 2.5
328 8 0 3.5
232 2 0 2.75
105 32 0 3.75
259 22 0 4.0
76 56 0 2.0
136 12 0 3.25
222 10 0 3.0
180 23 0 4.0
146 20 0 3.25
333 10 0 2.75
93 22 0 2.75
182 11 0 4.0
33 11 0 3.25
65 22 0 2.5
167 18 0 4.0
145 44 0 2.75
160 29 0 2.5
96 0 0 3.75
189 14 0 2.0
216 14 0 3.25
65 14 0 3.5
282 14 0 3.75
216 18 0 2.0
190 0 0 2.0
284 8 0 3.5
40 25 0 3.5
10 0 0 3.75
176 27 0 3.5
165 18 0 2.0
179 21 0 3.25
72 30 0 2.5
6 13 0 2.25
193 10 0 3.75
309 3 0 3.0
223 1 0 3.25
234 26 0 3.5
9 23 0 3.5
314 19 0 3.25
164 1 0 3.75
229 8 0 2.0
341 3 0 2.5
194 6 0 3.5
167 0 0 3.75
117 2 0 2.25
219 28 0 3.0
256 7 0 2.75
4 29 0 2.25
258 20 0 2.5
333 22 0 3.5
255 11 0 2.75
171 15 0 2.0
84 12 0 2.5
258 18 0 4.0
356 30 0 3.75
220 6 0 3.25
258 11 0 3.75
144 7 0 3.25
331 57 0 4.0
344 12 0 2.5
14 1 0 3.25
263 15 0 3.0
79 30 0 3.0
189 50 0 2.25
304 21 0 2.5
242 46 0 3.5
347 7 0 3.0
282 29 0 4.0
323 17 0 2.5
261 7 0 3.0
311 28 0 3.25
129 9 0 3.75
1 21 0 3.25
143 21 0 3.0
118 7 0 2.0
225 21 0 3.5
210 26 0 2.75
12 30 0 2.25
201 28 0 3.25
301 28 0 2.25
338 12 0 3.5
173 22 0 3.25
287 15 0 2.75
264 24 0 2.0
86 10 0 3.5
68 1 0 3.0
177 13 0 3.25
333 10 0 3.0
309 49 0 2.75
34 27 0 2.75
68 3 0 3.0
108 13 0 2.75
291 13 0 3.0
31 2 0 2.0
118 16 0 3.5
84 23 0 3.5
262 26 0 3.0
204 2 0 4.0
256 17 0 2.0
356 28 0 3.0
244 29 0 2.25
175 11 0 3.5
241 15 0 2.5
335 21 0 3.25
306 3 0 3.75
96 26 0 3.0
330 15 0 3.0
214 10 0 3.0
171 11 0 2.5
258 1 0 4.0
41 27 0 3.25
196 7 0 3.0
132 22 0 3.75
292 14 0 2.75
326 25 0 3.5
129 21 0 3.25
350 17 0 3.75
150 22 0 3.75
93 16 0 2.0
339 25 0 3.25
10 11 0 2.0
326 20 0 2.75
127 30 0 3.0
132 21 0 2.75
282 10 0 2.25
217 20 0 2.5
194 8 0 3.0
185 4 0 2.5
233 14 0 3.0
58 13 0 4.0
96 18 0 2.25
18 0 0 3.0
139 23 0 2.0
16 0 0 2.25
191 6 0 2.0
8 22 0 3.0
275 19 0 3.25
306 20 0 2.5
255 1 0 3.25
112 23 0 3.5
33 8 0 2.25
343 10 0 4.0
221 30 0 3.5
41 15 0 2.75
244 12 0 2.25
149 9 0 3.75
208 7 0 3.25
93 2 0 3.25
83 11 0 3.75
200 24 0 3.25
259 14 0 2.5
70 25 0 2.25
332 11 0 2.5
39 14 0 3.5
292 12 0 4.0
148 4 0 2.5
97 15 0 3.5
282 26 0 4.0
32 15 0 2.75
304 3 0 3.25
46 20 0 2.75
315 6 0 3.0
256 15 0 2.25
107 30 0 3.75
128 18 0 2.5
295 20 0 4.0
358 5 0 2.25
95 23 0 2.75
199 16 0 3.25
327 39 0 3.5
51 13 0 2.0
48 28 0 2.0
108 8 0 2.5
307 16 0 2.75
205 16 0 3.25
143 11 0 2.25
2 0 0 3.5
327 11 0 3.5
58 30 0 3.5
279 23 0 3.25
237 23 0 2.75
329 14 0 3.5
162 9 0 3.25
195 18 0 2.0
167 7 0 3.75
238 7 0 4.0
316 2 0 3.75
115 17 0 3.75
308 8 0 2.25
229 7 0 2.75
331 13 0 2.5
155 8 0 3.0
186 36 0 2.75
245 22 0 3.0
237 12 0 3.25
172 0 0 4.0
53 14 0 2.75
245 18 0 2.25
340 14 0 2.75
124 23 0 3.25
142 16 0 3.25
353 50 0 3.25
315 16 0 3.25
279 24 0 3.5
175 16 0 3.5
293 5 0 2.25
312 5 0 3.75
96 6 0 3.25
37 12 0 3.25
14 18 0 2.75
251 17 0 2.25
175 40 0 3.25
316 24 0 3.5
246 24 0 3.0
67 53 0 2.0
86 15 0 3.0
47 5 0 2.25
331 52 0 3.25
94 20 0 2.5
182 10 0 2.5
93 24 0 3.25
227 7 0 3.75
93 18 0 4.0
45 13 0 2.25
55 14 0 3.5
208 2 0 2.0
256 25 0 3.25
304 16 0 2.25
119 18 0 3.5
341 29 0 2.5
200 19 0 4.0
14 29 0 3.5
359 10 0 4.0
248 1 0 2.75
244 1 0 2.5
329 4 0 3.25
226 18 0 3.0
70 5 0 3.75
262 29 0 2.0
163 30 0 2.5
161 19 0 2.5
245 16 0 2.25
258 23 0 2.5
230 28 0 2.25
357 5 0 3.5
66 24 0 2.5
233 30 0 3.75
277 21 0 2.25
312 21 0 2.0
357 25 0 3.25
56 25 0 4.0
322 5 0 2.25
109 27 0 3.5
214 15 0 2.25
75 16 0 4.0
228 13 0 4.0
33 10 0 3.0
67 11 0 3.75
150 23 0 4.0
100 21 0 2.5
310 4 0 2.0
159 4 0 2.5
256 0 0 2.5
110 15 0 3.5
261 28 0 3.5
5 28 0 4.0
344 6 0 3.75
318 8 0 3.5
139 17 0 3.75
326 28 0 2.5
44 15 0 4.0
246 17 0 3.5
289 27 0 3.25
121 30 0 2.25
157 10 0 3.25
267 6 0 2.75
70 20 0 3.5
56 8 0 3.5
150 5 0 3.25
140 21 0 4.0
195 30 0 3.25
28 12 0 3.5
236 17 0 2.75
227 20 0 2.25
163 28 0 2.25
304 12 0 3.25
145 9 0 2.75
225 18 0 3.75
332 25 0 3.0
250 19 0 3.0
168 19 0 2.0
77 30 0 4.0
128 24 0 3.75
299 1 0 2.0
338 4 0 3.0
165 0 0 3.5
174 11 0 4.0
74 1 0 2.0
64 13 0 3.5
111 23 0 3.5
308 15 0 2.5
205 17 0 2.5
341 18 0 3.5
337 14 0 2.5
224 20 0 2.25
110 11 0 2.0
162 29 0 2.0
318 3 0 2.25
329 25 0 3.5
73 15 0 3.75
231 30 0 2.75
232 28 0 3.0
247 27 0 3.25
225 10 0 4.0
18 12 0 2.25
107 16 0 3.25
282 6 0 3.75
129 17 0 4.0
212 31 0 2.5
282 13 0 2.0
317 21 0 3.0
188 12 0 3.25
57 13 0 2.25
158 27 0 2.25
210 19 0 3.75
335 18 0 4.0
39 18 0 3.75
255 17 0 2.0
153 26 0 3.0
37 5 0 2.5
82 19 0 3.25
176 28 0 2.75
6 28 0 3.25
226 7 0 2.5
1 12 0 2.5
10 8 0 3.75
38 24 0 4.0
178 9 0 3.0
267 1 0 2.25
147 12 0 3.5
252 35 0 2.5
2 16 0 3.0
278 34 0 3.75
99 8 0 3.75
296 19 0 3.25
114 44 0 2.0
266 18 0 4.0
210 6 0 3.25
22 11 0 3.25
7 5 0 4.0
73 5 0 2.25
73 4 0 3.25
262 3 0 4.0
141 23 0 4.0
331 14 0 4.0
321 22 0 2.5
199 15 0 3.75
131 20 0 2.25
273 8 0 3.25
101 3 0 2.75
359 15 0 2.75
290 28 0 2.0
165 30 0 2.25
261 27 0 3.5
92 2 0 2.0
53 9 0 3.75
25 0 0 3.0
170 23 0 3.0
55 24 0 2.5
189 20 0 2.5
77 26 0 3.25
76 14 0 2.0
296 11 0 3.0
38 9 0 3.0
334 21 0 2.5
97 20 0 2.0
13 18 0 3.0
176 6 0 2.5
219 52 0 3.25
61 76 0 2.75
119 8 0 4.0
90 1 0 2.0
102 11 0 3.25
332 13 0 2.25
81 19 0 4.0
301 27 0 4.0
174 20 0 2.75
178 16 0 2.75
140 8 0 3.0
203 13 0 3.5
46 25 0 2.25
31 24 0 4.0
111 6 0 3.5
22 7 0 2.75
250 28 0 3.5
39 52 0 4.0
182 21 0 4.0
18 30 0 3.25
271 10 0 3.0
3 15 0 2.75
50 17 0 3.0
278 23 0 4.0
172 17 0 2.75
147 11 0 3.0
177 1 0 2.5
10 10 0 3.25
278 20 0 3.5
18 29 0 2.75
73 13 0 4.0
147 24 0 3.0
307 2 0 3.0
159 0 0 2.5
69 28 0 2.0
272 28 0 3.25
297 5 0 3.0
115 15 0 3.25
352 7 0 3.75
324 2 0 4.0
238 1 0 2.25
220 4 0 2.25
358 4 0 2.75
123 8 0 4.0
191 5 0 3.5
233 15 0 3.5
287 24 0 2.5
335 13 0 3.75
246 27 0 2.5
344 16 0 4.0
40 28 0 2.25
231 45 0 3.75
312 29 0 2.5
267 7 0 2.75
69 17 0 2.0
150 24 0 4.0
233 9 0 2.5
9 14 0 2.75
126 57 0 2.25
332 24 0 2.0
75 50 0 2.25
294 3 0 3.75
173 11 0 2.0
255 19 0 2.75
12 27 0 3.5
191 7 0 3.25
211 25 0 2.75
294 27 0 3.25
74 23 0 3.0
258 12 0 3.5
157 79 0 3.0
124 44 0 4.0
6 25 0 2.0
279 2 0 4.0
84 9 0 2.5
76 17 0 3.5
163 21 0 3.5
205 25 0 3.75
182 27 0 3.25
312 15 0 3.25
155 23 0 2.75
6 13 0 3.0
98 55 0 4.0
176 13 0 2.75
266 8 0 2.25
218 4 0 2.0
12 32 0 4.0
315 27 0 3.25
183 7 0 4.0
55 17 0 3.5
15 5 0 2.0
15 50 0 3.25
200 18 0 4.0
10 24 0 3.25
351 7 0 4.0
235 18 0 4.0
231 17 0 4.0
227 2 0 3.0
242 18 0 3.25
271 11 0 4.0
178 12 0 3.75
208 11 0 4.0
239 26 0 2.25
206 27 0 3.0
196 5 0 3.25
181 17 0 4.0
62 27 0 2.5
95 30 0 4.0
68 14 0 3.25
65 7 0 2.75
314 13 0 4.0
320 26 0 2.0
110 22 0 2.5
94 15 0 2.5
120 8 0 2.0
291 11 0 3.25
176 19 0 3.0
291 19 0 2.5
332 24 0 3.75
211 26 0 2.25
208 26 0 3.75
212 10 0 2.25
87 36 0 3.75
336 17 0 3.75
333 23 0 3.5
324 6 0 3.75
273 26 0 3.5
149 5 0 2.25
107 46 0 2.75
343 3 0 2.75
20 70 0 2.75
74 6 0 3.0
192 19 0 4.0
55 14 0 4.0
59 23 0 2.5
39 25 0 3.25
272 17 0 2.75
179 17 0 2.25
74 35 0 4.0
0 24 0 3.5
85 18 0 3.5
275 13 0 3.5
323 12 0 4.0
48 24 0 2.5
230 60 0 2.75
139 2 0 3.75
171 23 0 3.75
296 10 0 3.0
134 23 0 3.75
17 28 0 2.75
38 11 0 4.0
72 19 0 3.5
279 13 0 3.25
283 18 0 3.5
326 21 0 2.5
12 0 0 2.75
165 24 0 3.5
292 3 0 2.25
155 3 0 3.5
16 6 0 3.25
213 9 0 4.0
181 15 0 4.0
129 2 0 3.75
329 22 0 3.25
116 10 0 2.75
112 6 0 3.75
236 21 0 3.5
307 14 0 2.5
27 30 0 3.5
317 5 0 2.25
59 26 0 2.5
88 22 0 3.5
2 30 0 2.0
253 16 0 2.5
26 0 0 2.5
27 27 0 4.0
39 0 0 2.5
75 18 0 3.5
171 5 0 3.25
106 24 0 3.0
124 18 0 2.25
123 17 0 3.75
74 9 0 2.0
354 13 0 3.25
68 20 0 3.75
148 20 0 3.25
243 5 0 2.75
34 8 0 3.0
161 14 0 4.0
251 28 0 2.0
134 22 0 4.0
239 19 0 3.5
145 22 0 3.25
117 20 0 3.25
63 25 0 2.5
350 16 0 2.25
33 1 0 3.5
209 3 0 2.0
67 26 0 2.5
133 12 0 2.5
10 11 0 3.5
250 0 0 2.75
225 13 0 2.0
137 53 0 4.0
359 27 0 2.75
345 26 0 2.0
38 38 0 2.25
307 22 0 2.25
232 10 0 2.25
261 0 0 2.25
308 10 0 2.25
57 9 0 3.0
112 8 0 2.25
250 25 0 3.25
348 26 0 2.5
295 28 0 2.0
50 6 0 3.25
106 8 0 3.0
37 17 0 2.75
89 14 0 2.75
193 8 0 3.0
56 3 0 2.5
68 6 0 4.0
346 13 0 4.0
355 27 0 3.75
232 27 0 4.0
200 20 0 3.0
26 23 0 3.25
303 11 0 2.75
139 14 0 3.0
87 36 0 2.5
166 10 0 2.75
318 42 0 3.75
100 0 0 4.0
120 22 0 2.25
92 30 0 3.25
169 14 0 2.75
286 25 0 2.25
181 47 0 2.25
37 20 0 2.5
225 60 0 2.75
148 13 0 3.0
259 4 0 3.5
61 5 0 3.75
275 28 0 3.5
337 12 0 2.25
131 11 0 2.0
146 14 0 3.25
235 5 0 2.5
338 29 0 2.5
99 21 0 2.0
25 2 0 3.0
83 2 0 3.0
291 10 0 3.0
293 11 0 2.0
245 29 0 2.0
182 19 0 2.5
28 28 0 2.75
90 14 0 2.0
209 23 0 3.25
234 4 0 2.75
12 18 0 2.75
134 9 0 2.0
5 20 0 3.0
261 50 0 3.75
19 19 0 2.5
281 27 0 3.25
60 1 0 2.25
205 58 0 4.0
356 27 0 2.5
140 6 0 3.0
140 9 0 2.25
350 11 0 3.25
302 2 0 2.5
109 18 0 3.25
153 0 0 2.25
107 10 0 3.25
118 12 0 4.0
251 10 0 3.75
342 29 0 2.5
47 16 0 2.25
209 20 0 3.75
336 16 0 3.0
221 1 0 2.5
142 10 0 2.75
293 2 0 2.25
10 30 0 3.0
183 29 0 3.5
209 26 0 3.0
34 22 0 3.0
189 26 0 3.5
262 1 0 3.0
335 10 0 2.25
239 8 0 2.25
65 16 0 3.0
273 24 0 4.0
308 25 0 3.25
121 22 0 2.75
260 16 0 3.5
43 7 0 3.0
159 10 0 2.75
349 24 0 2.75
307 21 0 2.0
296 30 0 2.75
270 11 0 2.25
38 29 0 2.0
24 7 0 2.25
324 1 0 3.75
352 20 0 3.0
98 7 0 4.0
50 8 0 4.0
237 57 0 2.25
183 8 0 2.0
173 14 0 2.75
205 15 0 3.75
270 25 0 3.75
287 1 0 3.0
64 5 0 3.25
273 7 0 4.0
128 24 0 2.5
236 4 0 2.75
81 46 0 3.25
239 20 0 4.0
21 25 0 3.25
295 25 0 4.0
284 23 0 3.25
266 29 0 3.25
18 23 0 4.0
330 29 0 3.0
17 12 0 3.25
206 9 0 3.0
319 2 0 2.5
282 29 0 3.5
13 14 0 2.25
258 17 0 3.5
103 8 0 3.75
345 7 0 3.0
46 22 0 4.0
228 1 0 3.0
96 1 0 2.0
50 9 0 3.75
36 19 0 3.25
166 22 0 3.75
97 0 0 2.25
300 29 0 4.0
11 10 0 3.0
283 29 0 4.0
254 20 0 2.75
235 25 0 3.25
218 10 0 3.25
345 22 0 3.75
87 26 0 3.75
150 50 0 2.5
331 4 0 4.0
75 5 0 3.75
280 15 0 3.5
181 29 0 3.0
160 27 0 3.5
178 23 0 2.5
350 4 0 3.0
282 21 0 3.75
36 30 0 4.0
306 4 0 3.0
136 59 0 2.0
169 15 0 3.5
316 27 0 2.75
103 6 0 2.0
195 17 0 3.25
323 0 0 3.0
311 20 0 2.25
282 7 0 3.5
36 5 0 3.5
119 4 0 2.0
166 14 0 3.0
31 20 0 3.25
71 10 0 3.0
244 5 0 2.25
44 40 0 4.0
36 50 0 3.75
100 15 0 2.25
293 23 0 4.0
65 27 0 3.5
272 1 0 2.5
307 28 0 3.0
150 18 0 3.75
338 3 0 3.25
249 18 0 4.0
40 5 0 3.75
309 9 0 4.0
48 18 0 3.0
338 3 0 2.25
14 5 0 2.5
138 29 0 4.0
198 11 0 3.25
279 26 0 3.75
354 17 0 4.0
355 13 0 3.25
319 9 0 3.25
14 13 0 4.0
276 13 0 3.75
239 15 0 2.5
72 0 0 2.75
79 5 0 2.5
356 22 0 3.0
50 6 0 3.5
272 21 0 3.0
74 7 0 2.25
68 13 0 3.0
7 11 0 2.75
82 14 0 2.5
354 13 0 2.0
139 27 0 3.0
76 12 0 3.75
168 21 0 2.75
350 22 0 3.5
242 4 0 2.75
267 17 0 4.0
120 14 0 2.75
201 24 0 3.75
49 3 0 2.5
84 21 0 4.0
194 27 0 2.0
207 29 0 3.25
152 19 0 2.25
348 16 0 2.0
58 29 0 4.0
346 11 0 2.0
108 27 0 2.0
348 0 0 2.0
158 7 0 3.0
209 43 0 3.5
237 22 0 4.0
252 30 0 3.75
286 0 0 3.75
129 4 0 2.25
205 8 0 4.0
51 3 0 4.0
250 10 0 3.0
97 18 0 2.25
61 30 0 2.75
137 20 0 2.0
100 10 0 3.5
22 21 0 4.0
114 8 0 2.75
258 27 0 3.0
133 29 0 3.25
264 42 0 2.0
232 17 0 4.0
140 9 0 2.75
21 51 0 2.0
230 11 0 3.75
155 26 0 3.5
223 67 0 3.75
307 6 0 3.0
121 26 0 3.75
340 27 0 3.25
337 5 0 3.75
329 13 0 3.25
85 14 0 3.0
303 22 0 2.25
310 18 0 2.75
303 15 0 2.25
7 14 0 4.0
121 30 0 2.5
158 9 0 2.0
308 11 0 3.5
267 25 0 2.25
87 23 0 2.0
260 44 0 2.0
124 8 0 2.5
92 16 0 2.25
5 10 0 2.5
217 2 0 2.75
82 29 0 2.25
99 4 0 3.5
231 15 0 3.25
210 16 0 3.25
155 0 0 4.0
40 0 0 2.0
120 15 0 3.0
46 3 0 2.5
312 27 0 2.0
252 12 0 3.5
81 27 0 3.5
31 10 0 2.75
161 55 0 3.75
115 8 0 2.5
98 30 0 3.0
223 62 0 3.0
107 20 0 3.5
263 20 0 2.75
295 5 0 4.0
64 28 0 2.25
171 42 0 2.5
67 29 0 3.5
33 51 0 4.0
57 10 0 3.5
317 22 0 4.0
264 12 0 2.0
213 23 0 2.0
336 21 0 3.25
147 26 0 2.25
65 18 0 2.75
71 7 0 3.5
114 6 0 2.0
97 20 0 3.5
283 2 0 3.75
53 16 0 2.25
155 16 0 2.75
38 2 0 3.25
77 8 0 4.0
234 17 0 2.5
130 13 0 3.25
96 7 0 2.0
295 5 0 2.75
118 2 0 3.0
340 45 0 2.0
78 26 0 2.25
187 28 0 3.0
215 0 0 2.0
58 0 0 2.75
213 27 0 2.75
71 16 0 4.0
310 9 0 3.75
76 28 0 3.75
23 16 0 3.5
8 24 0 4.0
346 30 0 3.5
294 12 0 3.75
248 8 0 2.0
311 12 0 2.25
193 0 0 2.0
337 24 0 2.0
263 7 0 2.0
215 23 0 4.0
279 14 0 2.0
13 9 0 3.0
263 1 0 3.75
303 3 0 3.0
34 2 0 2.75
13 27 0 2.5
219 12 0 3.5
293 23 0 3.75
163 12 0 2.5
243 18 0 3.5
5 0 0 3.5
202 9 0 3.0
111 10 0 3.75
356 26 0 3.5
335 27 0 4.0
231 30 0 3.25
111 5 0 2.5
121 18 0 2.0
346 38 0 3.75
183 15 0 2.25
230 22 0 4.0
133 10 0 2.0
31 17 0 3.5
321 9 0 2.25
235 9 0 3.75
231 4 0 4.0
218 4 0 3.5
275 8 0 2.75
58 24 0 3.5
204 13 0 3.5
137 34 0 2.0
4 21 0 2.0
9 27 0 2.0
97 24 0 4.0
148 9 0 3.25
234 7 0 3.25
325 25 0 2.75
190 18 0 2.5
226 13 0 3.5
240 11 0 2.0
150 17 0 2.75
347 21 0 3.5
244 29 0 2.0
6 1 0 4.0
5 2 0 3.0
224 27 0 4.0
270 8 0 2.25
3 30 0 3.25
328 20 0 2.75
87 24 0 4.0
69 30 0 4.0
26 23 0 3.75
206 29 0 2.25
150 30 0 3.5
162 19 0 2.25
199 18 0 2.25
258 10 0 3.25
171 15 0 2.75
57 10 0 2.5
274 16 0 2.25
236 5 0 4.0
55 21 0 2.75
347 21 0 3.25
94 16 0 3.75
123 29 0 2.75
296 19 0 2.5
286 41 0 3.0
152 28 0 2.25
275 7 0 3.5
120 11 0 3.0
137 16 0 2.75
83 19 0 3.75
233 17 0 2.0
199 14 0 3.5
267 9 0 3.25
152 38 0 3.75
23 23 0 2.5
283 7 0 2.5
45 24 0 4.0
110 21 0 3.25
261 15 0 2.25
248 17 0 4.0
124 4 0 2.0
85 6 0 2.0
231 5 0 3.0
246 8 0 3.5
16 21 0 3.0
16 29 0 2.0
352 1 0 2.0
59 23 0 3.0
264 13 0 3.0
145 11 0 3.0
307 8 0 2.0
132 11 0 2.5
51 7 0 3.5
344 20 0 3.75
148 18 0 4.0
54 19 0 3.0
20 18 0 3.0
169 16 0 3.25
210 44 0 2.0
159 15 0 2.25
35 19 0 4.0
48 4 0 2.0
90 6 0 3.0
136 3 0 3.25
47 19 0 3.25
243 0 0 2.5
343 11 0 3.0
229 22 0 2.0
72 8 0 3.25
149 12 0 4.0
52 14 0 2.75
183 23 0 3.0
198 27 0 3.25
72 28 0 3.5
252 6 0 4.0
187 7 0 3.0
289 4 0 3.75
76 10 0 3.5
206 24 0 3.5
122 12 0 2.25
108 1 0 3.25
346 24 0 3.0
63 5 0 2.5
270 6 0 3.5
304 4 0 3.5
184 25 0 4.0
154 6 0 3.5
233 20 0 2.25
197 13 0 3.75
24 40 0 3.75
317 22 0 3.75
107 6 0 3.0
298 13 0 4.0
251 12 0 2.5
226 22 0 2.0
203 14 0 2.0
240 39 0 3.75
171 6 0 3.0
265 10 0 4.0
258 10 0 2.0
238 1 0 2.5
157 0 0 3.75
118 1 0 3.0
354 24 0 3.25
35 21 0 2.75
123 24 0 3.25
84 1 0 3.75
31 26 0 4.0
234 18 0 2.75
338 21 0 3.5
330 7 0 3.75
176 21 0 3.0
264 19 0 2.25
217 30 0 2.5
303 6 0 3.5
189 20 0 4.0
342 8 0 2.0
23 16 0 2.25
297 12 0 2.25
264 2 0 2.75
327 4 0 2.75
260 9 0 2.5
338 4 0 4.0
172 10 0 3.5
326 7 0 3.25
345 10 0 3.0
230 16 0 2.75
197 26 0 3.5
56 0 0 2.75
111 3 0 2.25
2 14 0 2.5
55 20 0 2.0
347 13 0 3.5
344 15 0 3.25
146 53 0 3.75
299 24 0 4.0
65 32 0 2.75
280 6 0 2.75
117 59 0 2.75
253 3 0 3.0
278 25 0 3.5
205 5 0 3.75
33 16 0 4.0
145 19 0 4.0
259 16 0 2.75
326 28 0 3.75
10 15 0 3.5
332 19 0 2.0
170 1 0 4.0
188 0 0 4.0
68 33 0 3.75
226 30 0 3.25
108 24 0 2.0
278 29 0 2.25
155 20 0 2.5
139 4 0 2.5
142 15 0 3.25
79 4 0 4.0
329 9 0 2.75
297 29 0 3.25
33 11 0 2.0
312 25 0 3.0
159 29 0 3.0
296 23 0 2.25
241 30 0 2.25
311 1 0 2.75
76 14 0 2.25
168 12 0 3.75
72 26 0 3.5
162 19 0 2.0
210 8 0 4.0
185 3 0 3.5
112 13 0 3.0
227 22 0 2.0
84 57 0 3.0
85 27 0 4.0
102 15 0 4.0
314 17 0 2.0
32 17 0 3.75
149 16 0 3.5
51 12 0 3.5
246 19 0 3.5
230 8 0 2.25
212 0 0 3.5
114 20 0 4.0
154 48 0 3.5
79 0 0 3.25
342 17 0 2.5
347 12 0 3.5
227 25 0 3.25
79 28 0 3.75
346 51 0 3.75
261 11 0 2.25
325 8 0 3.25
97 22 0 2.5
278 30 0 3.25
298 1 0 2.0
37 17 0 3.0
194 30 0 3.5
245 19 0 2.75
61 1 0 2.75
33 15 0 3.75
136 25 0 3.25
92 0 0 3.25
104 30 0 3.5
76 15 0 2.75
117 16 0 2.25
164 5 0 3.0
142 8 0 3.75
103 23 0 3.25
281 30 0 3.5
23 20 0 3.75
247 30 0 2.75
57 27 0 3.0
321 11 0 2.75
303 24 0 2.75
198 23 0 3.25
48 7 0 3.75
297 1 0 2.75
116 11 0 3.75
1 9 0 4.0
227 22 0 2.25
266 9 0 3.0
310 12 0 3.25
27 26 0 2.25
335 28 0 3.75
237 35 0 2.75
200 52 0 3.75
172 24 0 3.5
207 4 0 4.0
74 0 0 2.25
140 21 0 3.5
257 21 0 2.25
211 4 0 2.5
355 20 0 3.0
259 19 0 3.25
99 14 0 2.25
253 8 0 4.0
135 9 0 2.5
63 0 0 3.25
302 46 0 4.0
241 5 0 2.75
67 18 0 2.75
141 23 0 2.0
7 3 0 3.25
350 11 0 2.5
106 8 0 4.0
180 36 0 2.5
88 21 0 2.75
275 4 0 3.0
172 22 0 4.0
328 12 0 4.0
100 6 0 4.0
73 1 0 3.25
111 11 0 3.5
349 17 0 2.5
44 23 0 3.0
316 14 0 3.75
230 27 0 4.0
11 7 0 2.25
145 2 0 2.75
347 0 0 3.0
53 8 0 2.25
274 27 0 4.0
202 7 0 2.25
90 6 0 2.0
46 30 0 2.0
77 13 0 3.25
106 21 0 3.0
38 4 0 2.75
34 2 0 3.5
289 22 0 3.0
223 19 0 3.75
104 28 0 2.75
72 22 0 3.0
301 0 0 3.5
270 28 0 2.0
324 15 0 3.0
92 14 0 2.0
254 1 0 4.0
96 23 0 4.0
164 4 0 3.5
23 2 0 2.0
87 25 0 2.25
224 18 0 2.25
124 12 0 3.25
190 29 0 2.25
329 22 0 3.75
1 16 0 3.0
155 2 0 3.75
163 22 0 3.5
