76 1 0 3.25
48 30 0 3.25
53 18 0 4.0
150 4 0 3.0
327 24 0 4.0
329 2 0 4.0
300 2 0 2.75
204 27 0 2.75
21 2 0 2.5
181 5 0 2.5
111 0 0 3.25
74 12 0 3.25
89 37 0 3.25
338 27 0 2.25
311 13 0 3.0
115 19 0 3.5
201 15 0 3.5
198 26 0 2.0
166 26 0 3.5
285 22 0 3.75
86 30 0 4.0
93 16 0 3.25
182 7 0 2.0
77 29 0 3.0
68 18 0 2.0
9 30 0 2.5
359 24 0 3.75
130 0 0 3.0
316 4 0 3.5
353 26 0 4.0
28 0 0 2.0
124 23 0 3.75
126 29 0 3.75
241 20 0 2.75
43 77 0 2.5
208 13 0 3.25
294 0 0 2.0
336 27 0 4.0
200 12 0 3.75
95 53 0 2.5
154 4 0 2.75
213 28 0 2.0
244 9 0 2.5
331 59 0 3.25
4 29 0 3.75
343 4 0 3.0
202 12 0 2.75
217 3 0 4.0
10 25 0 2.5
181 47 0 2.75
299 29 0 2.5
40 27 0 3.5
339 1 0 3.75
211 10 0 3.0
12 18 0 2.25
41 9 0 2.5
22 30 0 3.0
45 24 0 2.75
114 4 0 2.25
91 19 0 3.5
144 6 0 3.5
45 6 0 3.75
350 18 0 3.0
154 26 0 2.75
146 9 0 3.75
239 8 0 2.25
250 4 0 3.25
116 10 0 3.5
24 20 0 2.0
84 21 0 2.5
160 30 0 2.0
114 6 0 3.25
353 14 0 3.5
22 12 0 3.5
37 13 0 2.0
18 20 0 3.75
32 7 0 2.75
50 6 0 3.75
12 28 0 3.75
218 24 0 2.0
87 2 0 3.5
307 19 0 3.75
257 7 0 4.0
135 17 0 4.0
131 21 0 3.5
350 1 0 4.0
289 27 0 2.5
240 13 0 3.5
231 11 0 3.25
169 1 0 3.75
302 23 0 4.0
55 11 0 2.25
115 1 0 3.25
63 7 0 2.75
356 24 0 3.25
133 23 0 3.0
210 28 0 3.75
235 30 0 3.25
275 0 0 3.75
291 11 0 3.0
18 18 0 2.0
262 19 0 3.75
48 26 0 3.0
146 14 0 3.75
341 15 0 3.5
23 28 0 3.5
140 24 0 2.5
266 3 0 2.5
99 15 0 2.75
242 27 0 3.75
347 20 0 4.0
233 52 0 2.75
174 16 0 3.5
88 3 0 2.0
249 27 0 3.0
56 25 0 3.0
62 20 0 4.0
258 14 0 3.25
297 23 0 2.5
102 12 0 2.25
336 12 0 3.25
276 28 0 2.75
153 5 0 3.75
102 28 0 3.25
105 22 0 3.5
222 18 0 3.75
29 22 0 2.5
79 7 0 3.25
81 11 0 2.25
304 26 0 4.0
132 11 0 2.0
226 14 0 4.0
177 16 0 2.5
69 19 0 2.25
20 8 0 3.0
92 19 0 4.0
20 45 0 2.25
346 10 0 3.25
337 32 0 3.5
223 19 0 2.75
28 0 0 2.75
86 9 0 2.0
343 20 0 3.5
310 23 0 2.5
311 9 0 2.5
127 28 0 3.0
52 2 0 2.25
141 22 0 3.75
28 29 0 2.5
2 57 0 4.0
306 23 0 3.75
57 16 0 4.0
126 25 0 2.5
145 42 0 3.5
173 14 0 2.25
171 30 0 3.75
20 16 0 3.75
277 2 0 4.0
307 5 0 2.5
202 5 0 3.75
62 17 0 2.75
120 22 0 3.0
183 8 0 2.0
246 0 0 4.0
155 24 0 3.0
33 21 0 3.25
116 15 0 2.0
13 13 0 2.75
211 12 0 2.25
71 28 0 3.75
269 23 0 4.0
55 5 0 3.25
178 17 0 2.5
332 29 0 3.0
137 9 0 3.5
277 3 0 2.0
227 10 0 4.0
156 1 0 4.0
133 3 0 3.0
10 1 0 4.0
189 2 0 4.0
264 50 0 3.5
84 14 0 3.5
121 6 0 2.75
22 19 0 2.0
270 8 0 4.0
17 12 0 3.0
14 26 0 2.0
149 24 0 3.25
232 12 0 3.0
11 54 0 3.0
149 18 0 3.25
19 14 0 4.0
308 26 0 4.0
103 11 0 3.5
311 24 0 3.0
319 21 0 2.75
1 19 0 2.5
237 17 0 3.5
230 5 0 4.0
205 29 0 2.25
325 12 0 2.25
219 22 0 2.75
355 15 0 3.25
266 29 0 4.0
27 25 0 2.25
359 21 0 3.75
46 29 0 3.25
290 56 0 4.0
317 9 0 2.5
322 25 0 2.0
271 3 0 2.75
237 13 0 4.0
114 15 0 3.0
137 30 0 2.25
304 17 0 2.5
90 24 0 3.75
238 28 0 2.75
29 1 0 2.0
17 15 0 2.0
128 21 0 3.25
197 25 0 3.75
320 22 0 3.25
78 19 0 2.75
17 16 0 2.25
285 22 0 3.25
314 14 0 2.25
145 6 0 2.75
145 14 0 3.0
163 28 0 4.0
103 9 0 2.25
56 23 0 3.25
341 29 0 2.0
319 22 0 4.0
160 22 0 4.0
35 6 0 2.5
15 24 0 3.25
239 27 0 4.0
73 59 0 3.25
304 2 0 4.0
273 7 0 2.25
165 6 0 2.75
19 4 0 2.25
265 0 0 3.25
256 16 0 2.5
59 23 0 3.0
270 8 0 3.75
29 19 0 2.5
143 37 0 3.5
99 2 0 3.0
256 4 0 3.0
28 7 0 2.75
71 29 0 3.25
100 23 0 3.5
131 3 0 2.0
344 28 0 2.25
34 12 0 2.5
327 2 0 2.0
276 1 0 3.0
135 17 0 3.0
197 10 0 2.0
219 35 0 3.0
86 77 0 3.5
234 13 0 3.0
261 17 0 3.75
231 13 0 3.25
120 20 0 3.25
155 25 0 3.75
242 1 0 2.75
229 5 0 3.75
57 2 0 2.0
111 10 0 3.5
330 16 0 2.0
257 29 0 2.75
185 20 0 3.5
58 7 0 4.0
161 30 0 3.0
137 9 0 4.0
156 17 0 2.25
276 13 0 2.0
259 0 0 3.75
164 11 0 2.75
141 10 0 3.25
66 49 0 4.0
236 26 0 3.0
191 23 0 3.75
44 20 0 2.25
346 30 0 2.25
178 11 0 2.0
8 0 0 2.5
324 21 0 2.0
158 20 0 3.5
325 16 0 2.75
147 1 0 2.25
354 4 0 3.0
321 30 0 2.25
315 20 0 2.25
79 3 0 3.75
162 19 0 4.0
50 26 0 2.0
17 11 0 3.0
1 12 0 2.25
70 26 0 3.5
43 5 0 3.75
15 10 0 2.75
199 2 0 3.75
165 19 0 3.5
12 28 0 3.25
1 42 0 2.0
323 23 0 4.0
345 6 0 4.0
160 6 0 2.0
165 25 0 3.5
115 19 0 2.5
116 2 0 2.75
145 13 0 3.25
293 25 0 4.0
189 16 0 3.0
128 29 0 3.25
67 0 0 2.25
167 53 0 2.5
82 15 0 2.0
219 15 0 3.25
314 10 0 2.75
136 6 0 3.0
248 14 0 2.25
302 0 0 3.5
150 29 0 4.0
287 13 0 3.0
135 15 0 2.5
114 15 0 3.75
323 40 0 3.5
96 27 0 2.0
137 24 0 3.0
125 24 0 3.25
72 23 0 3.25
236 25 0 3.75
279 22 0 4.0
61 8 0 3.25
127 5 0 3.5
165 13 0 2.0
260 60 0 2.25
230 28 0 2.25
272 70 0 2.25
347 15 0 2.75
169 2 0 4.0
69 7 0 4.0
0 24 0 2.75
109 23 0 3.0
181 12 0 2.0
64 22 0 3.25
203 65 0 3.0
50 21 0 3.0
180 0 0 2.25
86 55 0 3.75
66 31 0 2.5
182 12 0 3.0
340 18 0 3.25
239 3 0 3.5
167 13 0 3.75
132 6 0 3.25
301 6 0 3.75
223 0 0 2.75
111 12 0 2.5
70 0 0 4.0
133 14 0 2.25
56 5 0 3.5
150 15 0 3.75
298 7 0 4.0
266 26 0 2.25
82 22 0 3.25
259 9 0 2.25
49 9 0 2.75
218 23 0 2.75
224 7 0 3.0
236 25 0 2.75
42 12 0 2.5
191 5 0 2.25
47 11 0 3.5
83 8 0 3.5
94 14 0 2.5
256 11 0 2.75
62 25 0 2.75
160 10 0 2.25
54 52 0 3.25
178 2 0 2.75
164 2 0 2.0
269 18 0 2.25
355 2 0 2.25
250 8 0 2.5
81 29 0 2.75
32 10 0 2.25
141 11 0 2.0
4 19 0 2.5
241 4 0 3.0
203 11 0 3.75
83 1 0 4.0
289 2 0 3.0
116 27 0 2.25
356 11 0 2.25
302 12 0 4.0
134 19 0 2.5
290 22 0 3.25
48 58 0 3.0
65 16 0 4.0
148 25 0 2.0
202 8 0 3.0
47 30 0 4.0
150 14 0 2.5
37 59 0 3.0
257 9 0 2.75
295 19 0 3.75
61 23 0 2.0
266 24 0 2.5
16 1 0 2.5
359 0 0 2.5
63 10 0 3.25
58 2 0 2.25
294 7 0 2.0
34 17 0 2.75
24 19 0 3.75
141 32 0 2.25
197 27 0 2.75
17 23 0 3.75
26 26 0 2.0
42 17 0 3.75
31 10 0 3.0
214 21 0 2.0
276 9 0 2.0
137 7 0 3.0
317 4 0 3.0
60 25 0 3.5
123 28 0 3.25
45 8 0 2.5
94 8 0 4.0
129 3 0 3.75
313 3 0 3.25
271 18 0 3.25
25 26 0 2.25
316 9 0 3.5
183 11 0 3.75
236 5 0 2.25
31 22 0 2.0
306 4 0 2.25
141 4 0 2.75
70 10 0 2.5
357 12 0 2.5
330 1 0 3.0
330 17 0 2.25
226 48 0 2.0
307 29 0 3.25
184 10 0 3.5
233 4 0 2.75
104 10 0 2.25
223 14 0 2.75
264 20 0 2.5
229 2 0 2.5
320 14 0 3.25
221 22 0 3.25
231 13 0 3.5
107 15 0 2.25
62 24 0 3.5
334 12 0 2.25
108 24 0 3.0
279 8 0 3.0
67 10 0 4.0
139 15 0 3.25
187 20 0 2.0
202 28 0 2.5
164 10 0 3.25
146 16 0 3.5
65 24 0 2.5
44 21 0 4.0
24 17 0 4.0
4 30 0 3.75
92 29 0 2.0
359 6 0 2.75
358 2 0 3.75
226 3 0 3.25
233 20 0 3.75
144 28 0 3.25
357 20 0 3.25
199 0 0 4.0
134 11 0 2.75
96 4 0 3.0
293 13 0 2.25
167 11 0 2.5
338 0 0 3.0
181 30 0 3.0
125 13 0 4.0
331 14 0 2.75
180 9 0 3.0
318 28 0 2.25
294 13 0 2.25
288 24 0 3.0
160 26 0 2.0
114 30 0 2.5
60 9 0 2.75
135 30 0 3.5
48 18 0 2.5
78 22 0 3.0
261 0 0 3.75
60 15 0 4.0
119 2 0 3.5
73 30 0 4.0
100 24 0 2.75
114 17 0 3.5
184 1 0 3.25
28 3 0 4.0
172 24 0 2.75
224 22 0 4.0
251 7 0 3.0
349 11 0 2.75
254 20 0 2.75
90 13 0 3.5
157 34 0 4.0
147 28 0 3.25
164 27 0 3.5
35 23 0 2.0
296 19 0 3.0
285 12 0 2.75
17 14 0 3.0
40 14 0 4.0
326 16 0 4.0
278 20 0 3.5
298 23 0 4.0
178 16 0 3.0
163 18 0 3.25
335 11 0 3.25
303 15 0 2.0
300 26 0 2.0
215 0 0 4.0
263 29 0 4.0
306 19 0 3.25
241 5 0 3.75
293 23 0 3.0
315 22 0 4.0
351 14 0 2.25
121 5 0 3.5
179 11 0 2.0
133 27 0 2.0
165 42 0 3.5
110 2 0 3.25
17 20 0 3.75
62 3 0 3.75
48 11 0 3.5
38 2 0 2.75
206 20 0 3.5
300 13 0 2.75
79 27 0 4.0
347 56 0 2.0
15 25 0 2.75
205 3 0 3.0
165 78 0 4.0
290 14 0 2.75
87 27 0 3.75
160 37 0 4.0
82 28 0 4.0
207 4 0 4.0
133 5 0 4.0
238 16 0 2.75
260 16 0 4.0
261 4 0 3.25
298 17 0 3.75
232 4 0 3.25
160 28 0 3.5
221 19 0 2.5
292 8 0 2.0
149 12 0 2.75
143 22 0 4.0
307 19 0 3.0
122 15 0 3.0
206 34 0 2.75
298 14 0 2.5
229 27 0 3.5
204 8 0 2.25
318 28 0 3.75
34 8 0 2.0
234 19 0 2.75
238 20 0 4.0
288 6 0 3.0
263 1 0 2.0
204 13 0 3.5
64 26 0 4.0
130 10 0 3.5
54 8 0 3.25
117 29 0 2.0
101 14 0 3.0
182 10 0 4.0
238 23 0 3.25
124 7 0 2.75
12 28 0 3.5
306 11 0 2.25
121 20 0 2.5
185 18 0 3.5
236 3 0 3.0
335 5 0 2.5
169 6 0 3.5
41 7 0 3.5
24 12 0 4.0
29 27 0 2.75
309 15 0 2.5
317 1 0 3.25
23 14 0 2.5
20 28 0 2.5
283 8 0 3.0
273 26 0 2.25
0 18 0 3.0
182 3 0 2.25
126 17 0 2.75
246 13 0 2.75
244 22 0 3.0
188 30 0 4.0
176 28 0 2.25
49 10 0 2.75
192 33 0 2.25
159 0 0 4.0
37 59 0 2.25
299 18 0 2.5
166 7 0 4.0
341 29 0 4.0
352 1 0 2.5
353 2 0 4.0
42 20 0 3.0
105 28 0 3.0
159 35 0 2.5
340 10 0 2.75
87 51 0 4.0
202 12 0 2.25
141 3 0 2.0
60 27 0 3.75
190 1 0 4.0
311 1 0 2.5
327 25 0 3.25
197 34 0 2.75
251 29 0 3.25
204 7 0 2.75
84 30 0 2.75
4 7 0 2.25
339 16 0 2.5
303 44 0 3.0
191 21 0 2.75
84 0 0 2.0
323 3 0 2.25
45 20 0 2.75
328 26 0 3.5
160 7 0 2.0
341 22 0 3.0
323 3 0 3.5
235 20 0 2.75
352 19 0 2.0
273 19 0 2.25
65 26 0 2.0
34 26 0 2.25
311 25 0 4.0
239 27 0 3.25
330 26 0 3.5
251 54 0 3.5
344 2 0 4.0
17 57 0 3.5
219 29 0 2.25
65 2 0 3.25
221 0 0 2.25
106 27 0 3.75
238 10 0 2.75
314 8 0 2.5
253 3 0 2.75
356 20 0 4.0
224 2 0 2.75
188 25 0 3.0
249 3 0 3.5
1 19 0 2.25
178 4 0 2.25
154 24 0 3.5
96 21 0 3.0
148 13 0 2.25
221 0 0 4.0
129 28 0 4.0
61 5 0 3.0
288 30 0 3.0
24 4 0 3.0
281 30 0 2.5
17 19 0 2.75
155 49 0 4.0
232 22 0 2.0
282 25 0 2.0
355 9 0 2.0
123 14 0 3.75
334 30 0 3.75
316 21 0 3.5
152 30 0 2.75
341 57 0 3.25
21 4 0 3.0
320 39 0 3.5
137 2 0 4.0
38 22 0 3.0
234 29 0 2.5
14 25 0 3.25
73 7 0 3.5
133 30 0 2.0
284 27 0 2.25
31 11 0 2.5
174 25 0 2.25
189 11 0 3.25
29 15 0 4.0
43 22 0 3.0
335 8 0 3.25
124 2 0 3.5
223 1 0 3.0
64 16 0 3.5
166 48 0 2.75
190 3 0 3.75
318 19 0 4.0
180 0 0 2.0
26 27 0 3.5
148 11 0 3.25
128 18 0 2.0
99 3 0 4.0
341 5 0 2.75
336 23 0 3.5
147 8 0 2.0
230 5 0 3.0
276 12 0 2.5
217 5 0 2.0
21 30 0 3.0
318 27 0 4.0
349 0 0 2.0
5 18 0 3.5
191 19 0 3.0
294 14 0 3.5
321 14 0 3.0
76 28 0 3.75
204 23 0 2.0
297 10 0 2.0
123 1 0 2.0
295 11 0 2.25
211 18 0 3.25
327 43 0 4.0
329 14 0 2.0
82 5 0 2.0
28 10 0 3.0
346 15 0 2.25
265 4 0 3.25
64 16 0 2.5
242 2 0 2.0
7 2 0 3.25
127 24 0 3.25
229 0 0 3.25
122 0 0 2.25
100 24 0 2.25
306 8 0 2.25
279 2 0 3.0
284 30 0 2.75
133 8 0 3.25
170 14 0 2.25
21 9 0 3.0
205 15 0 3.5
98 21 0 2.0
296 20 0 3.5
352 17 0 2.75
69 5 0 2.25
218 18 0 3.5
98 10 0 2.0
29 26 0 3.25
117 26 0 3.25
62 26 0 3.75
57 5 0 3.25
77 8 0 3.0
214 20 0 3.5
302 22 0 4.0
7 26 0 4.0
249 28 0 3.75
164 23 0 3.25
180 30 0 3.75
59 6 0 2.0
142 7 0 3.75
359 27 0 4.0
175 21 0 2.25
193 5 0 3.5
19 12 0 3.25
170 2 0 2.5
197 15 0 3.75
105 8 0 4.0
3 2 0 3.75
192 8 0 3.5
58 17 0 3.25
194 3 0 3.0
113 9 0 2.5
166 27 0 4.0
115 30 0 4.0
190 14 0 2.5
334 28 0 2.25
275 29 0 2.75
134 21 0 2.25
347 1 0 3.75
284 7 0 3.5
145 28 0 2.75
201 10 0 3.5
236 24 0 2.0
82 19 0 3.5
167 14 0 3.75
158 23 0 4.0
251 0 0 2.75
21 47 0 3.5
111 22 0 2.0
335 10 0 4.0
301 8 0 2.75
143 17 0 2.0
3 47 0 2.25
172 52 0 3.5
25 21 0 3.25
347 16 0 3.0
142 10 0 3.75
256 30 0 2.0
160 18 0 3.75
217 21 0 4.0
2 23 0 2.75
25 14 0 2.25
85 11 0 4.0
207 7 0 3.5
167 17 0 4.0
182 22 0 3.75
132 0 0 2.75
355 15 0 2.0
338 2 0 3.0
22 27 0 2.75
315 6 0 3.25
65 29 0 2.75
203 4 0 3.0
2 13 0 3.75
119 28 0 2.75
6 9 0 4.0
11 53 0 3.75
349 21 0 2.0
194 9 0 2.25
18 11 0 2.75
152 5 0 2.25
335 21 0 2.25
302 29 0 3.75
174 12 0 4.0
115 26 0 2.5
123 5 0 2.25
359 22 0 2.5
35 0 0 2.25
306 0 0 2.75
298 8 0 2.5
61 23 0 4.0
58 11 0 3.5
339 25 0 2.5
190 6 0 2.75
228 28 0 3.75
319 22 0 3.5
171 8 0 3.25
41 5 0 2.75
39 23 0 2.25
102 12 0 2.75
342 19 0 2.0
126 8 0 4.0
282 3 0 3.75
213 6 0 4.0
195 22 0 3.0
225 28 0 3.75
75 30 0 2.25
31 18 0 4.0
167 4 0 2.0
248 13 0 4.0
139 26 0 3.25
49 21 0 2.75
11 2 0 3.0
131 17 0 2.0
192 4 0 3.5
117 1 0 2.75
213 14 0 2.0
44 7 0 3.5
241 9 0 3.75
284 13 0 3.0
73 14 0 2.0
31 28 0 3.5
250 37 0 2.0
143 3 0 2.5
251 10 0 2.0
162 17 0 2.75
143 41 0 2.75
77 0 0 3.5
136 23 0 3.5
11 25 0 4.0
347 17 0 3.5
312 23 0 2.5
114 26 0 2.5
254 10 0 4.0
47 22 0 2.0
78 4 0 3.25
105 12 0 2.5
334 19 0 2.0
90 30 0 2.25
308 8 0 3.25
291 19 0 3.0
128 52 0 2.75
108 11 0 4.0
6 20 0 3.5
27 26 0 3.25
241 11 0 3.5
309 14 0 2.0
123 8 0 2.25
165 7 0 3.0
255 20 0 3.0
8 18 0 3.75
181 30 0 2.75
179 30 0 3.75
170 27 0 4.0
276 11 0 2.5
269 6 0 3.25
252 14 0 2.0
274 2 0 3.0
212 27 0 3.75
100 1 0 2.25
207 19 0 2.0
41 6 0 3.25
3 2 0 2.75
50 28 0 3.5
58 16 0 2.25
24 4 0 2.5
290 25 0 2.0
342 11 0 2.25
210 29 0 2.25
97 6 0 3.75
341 28 0 3.75
64 12 0 4.0
286 9 0 2.25
212 2 0 2.25
55 18 0 3.75
235 7 0 3.25
227 16 0 2.25
149 22 0 2.0
44 19 0 4.0
157 8 0 2.5
107 47 0 3.0
99 7 0 2.0
244 23 0 2.0
272 24 0 4.0
288 25 0 2.25
165 10 0 2.25
267 10 0 2.25
243 11 0 3.5
321 10 0 2.75
316 15 0 4.0
273 6 0 2.0
337 19 0 3.25
13 9 0 3.25
193 30 0 3.25
286 23 0 4.0
334 54 0 4.0
251 7 0 3.75
109 1 0 2.0
42 4 0 2.0
193 11 0 2.75
61 5 0 2.25
128 5 0 4.0
91 19 0 2.75
299 20 0 4.0
237 49 0 3.25
275 30 0 3.0
237 11 0 4.0
330 5 0 3.5
293 1 0 2.25
179 25 0 4.0
267 5 0 2.5
131 4 0 2.75
60 16 0 3.25
312 19 0 3.25
345 3 0 2.25
0 21 0 3.25
66 7 0 2.0
333 1 0 2.25
54 29 0 2.25
278 1 0 3.75
228 41 0 3.25
106 23 0 2.0
235 24 0 3.75
186 5 0 2.25
17 14 0 2.25
288 7 0 3.0
55 14 0 4.0
180 14 0 2.25
181 0 0 2.0
298 26 0 3.75
159 29 0 2.5
83 9 0 2.0
112 31 0 2.0
142 30 0 3.25
219 7 0 2.0
195 20 0 3.25
117 20 0 2.25
255 6 0 2.5
77 3 0 3.25
325 9 0 3.75
131 2 0 2.75
152 15 0 2.75
129 2 0 2.0
168 10 0 3.5
125 11 0 4.0
148 27 0 3.5
45 11 0 4.0
113 17 0 3.75
148 20 0 4.0
324 8 0 4.0
145 18 0 2.0
35 3 0 3.25
82 18 0 3.5
54 7 0 2.25
53 5 0 2.5
320 26 0 2.0
65 16 0 3.5
109 9 0 3.25
98 14 0 2.75
50 18 0 2.5
106 1 0 4.0
301 27 0 2.25
59 15 0 2.0
331 4 0 4.0
187 7 0 3.25
347 10 0 3.5
343 4 0 4.0
325 18 0 2.75
35 18 0 3.25
84 16 0 2.0
245 26 0 2.25
116 9 0 3.5
265 28 0 2.0
257 4 0 3.5
75 11 0 2.5
66 17 0 3.5
317 14 0 3.25
323 5 0 3.25
160 18 0 2.5
340 29 0 3.5
264 27 0 3.5
155 12 0 4.0
31 24 0 2.25
94 0 0 2.5
28 12 0 4.0
66 0 0 2.25
150 6 0 3.5
140 4 0 3.5
142 5 0 3.5
337 57 0 4.0
249 42 0 3.5
322 3 0 2.25
339 12 0 2.5
332 18 0 2.5
318 6 0 2.0
4 3 0 4.0
186 28 0 4.0
335 11 0 4.0
340 11 0 3.5
115 27 0 4.0
22 10 0 2.5
46 23 0 2.0
156 8 0 3.25
313 5 0 3.5
300 15 0 3.25
277 19 0 2.25
31 24 0 3.0
112 13 0 2.0
83 11 0 3.25
91 4 0 4.0
354 11 0 2.75
2 7 0 2.5
202 19 0 3.0
42 13 0 2.75
139 9 0 3.5
236 16 0 3.75
269 14 0 3.5
217 8 0 2.25
256 8 0 3.75
15 5 0 3.5
276 4 0 2.5
120 27 0 4.0
354 36 0 3.0
219 1 0 4.0
346 17 0 3.75
283 27 0 2.5
288 0 0 2.5
343 10 0 3.75
225 15 0 3.0
16 24 0 3.0
4 15 0 3.5
109 28 0 2.75
338 6 0 4.0
241 23 0 2.5
174 25 0 2.0
57 17 0 2.5
103 14 0 2.25
117 17 0 3.5
111 9 0 3.25
280 7 0 3.25
4 34 0 2.5
227 21 0 3.0
126 5 0 3.75
198 30 0 3.75
70 25 0 3.5
241 9 0 2.75
139 11 0 3.0
23 11 0 3.5
357 11 0 2.0
187 3 0 3.25
288 22 0 2.5
113 26 0 3.0
215 11 0 3.25
286 9 0 2.75
333 23 0 3.75
120 27 0 3.75
171 4 0 2.25
154 6 0 3.25
317 6 0 4.0
239 15 0 4.0
301 6 0 2.0
357 30 0 2.75
161 23 0 2.0
278 11 0 3.0
178 14 0 2.75
197 11 0 3.0
149 16 0 3.25
78 18 0 2.5
31 16 0 2.25
138 80 0 2.0
165 7 0 2.5
55 23 0 4.0
97 6 0 2.0
243 7 0 2.5
256 25 0 3.5
75 9 0 2.75
253 3 0 2.0
256 19 0 4.0
243 9 0 3.75
157 20 0 3.75
325 16 0 4.0
64 17 0 2.25
343 10 0 4.0
58 6 0 4.0
206 0 0 3.5
262 4 0 4.0
83 9 0 2.75
58 5 0 2.0
287 11 0 3.0
359 25 0 3.75
141 2 0 3.5
175 45 0 3.0
298 2 0 3.25
127 23 0 4.0
323 23 0 2.5
52 0 0 2.0
85 15 0 4.0
300 24 0 3.5
161 6 0 2.5
122 6 0 3.75
29 18 0 2.75
305 29 0 3.5
140 15 0 3.0
305 9 0 3.25
237 35 0 3.75
344 36 0 2.75
230 0 0 3.75
56 26 0 2.5
58 30 0 2.25
254 54 0 2.25
22 18 0 2.0
262 6 0 2.25
273 20 0 3.25
272 12 0 3.0
297 22 0 3.5
349 8 0 3.5
33 2 0 2.5
77 3 0 4.0
324 2 0 3.25
142 29 0 3.25
89 4 0 2.25
232 26 0 2.5
100 11 0 2.25
235 9 0 2.5
247 2 0 3.5
304 17 0 3.75
120 33 0 3.5
135 3 0 4.0
357 29 0 3.25
48 3 0 3.75
22 7 0 4.0
190 27 0 3.25
288 11 0 2.0
67 7 0 3.0
162 18 0 2.0
45 30 0 2.75
25 27 0 3.75
61 10 0 2.25
255 28 0 3.5
153 15 0 2.75
23 5 0 2.0
42 68 0 2.5
272 9 0 3.5
317 10 0 2.25
111 22 0 2.5
220 13 0 2.0
327 13 0 2.0
97 3 0 2.5
20 0 0 3.0
21 7 0 2.5
165 20 0 3.75
20 22 0 3.5
64 13 0 3.25
199 20 0 2.75
35 16 0 2.25
303 9 0 3.5
216 27 0 4.0
193 1 0 2.0
146 45 0 3.75
182 5 0 4.0
51 20 0 3.0
255 0 0 4.0
93 57 0 2.5
89 30 0 3.25
97 20 0 3.25
121 29 0 2.75
348 7 0 2.25
113 0 0 3.75
114 14 0 3.0
49 10 0 2.5
55 5 0 4.0
91 20 0 3.25
153 13 0 3.75
39 23 0 2.5
47 13 0 3.0
212 23 0 2.75
325 19 0 3.0
272 5 0 3.5
178 13 0 2.0
172 0 0 2.25
240 25 0 2.0
283 19 0 2.25
140 2 0 3.0
121 9 0 2.5
235 28 0 2.25
79 26 0 2.25
237 8 0 2.75
253 9 0 3.25
130 10 0 3.75
313 43 0 2.0
217 1 0 3.0
203 30 0 3.75
324 18 0 4.0
100 12 0 2.75
62 18 0 3.25
41 3 0 2.5
190 20 0 3.5
214 16 0 3.0
359 16 0 3.5
321 25 0 3.0
214 6 0 3.0
23 16 0 3.5
148 39 0 2.25
133 1 0 3.25
140 25 0 4.0
229 13 0 4.0
83 17 0 3.0
27 0 0 3.0
75 16 0 2.0
248 12 0 4.0
174 10 0 3.5
231 21 0 2.5
194 9 0 3.75
73 12 0 2.75
267 18 0 2.75
310 20 0 3.0
304 15 0 2.0
123 17 0 2.0
357 14 0 3.25
264 2 0 2.25
192 26 0 3.5
151 8 0 3.25
104 12 0 2.5
346 7 0 3.5
345 17 0 3.75
259 10 0 2.0
340 10 0 2.5
329 17 0 3.25
318 5 0 3.25
229 16 0 3.0
18 14 0 4.0
181 44 0 3.25
279 0 0 2.75
354 28 0 2.75
135 14 0 2.0
293 3 0 2.75
272 3 0 2.25
246 19 0 2.25
56 13 0 3.5
218 10 0 3.5
180 17 0 2.75
162 25 0 2.5
98 6 0 4.0
170 11 0 2.5
351 27 0 2.5
277 23 0 3.5
182 22 0 2.25
181 27 0 2.75
235 25 0 3.5
348 20 0 2.75
7 74 0 3.25
163 22 0 4.0
113 16 0 3.0
66 13 0 4.0
96 19 0 3.0
59 4 0 2.0
116 2 0 2.5
351 14 0 3.75
32 17 0 3.5
143 6 0 2.75
197 17 0 3.75
54 20 0 2.5
97 3 0 3.75
1 5 0 4.0
183 5 0 2.0
296 21 0 3.25
107 19 0 2.5
267 26 0 2.0
179 29 0 2.25
341 8 0 2.5
196 23 0 4.0
358 50 0 2.25
298 28 0 3.75
107 27 0 3.25
350 11 0 2.25
199 29 0 3.0
347 16 0 3.5
179 23 0 4.0
304 19 0 2.25
269 9 0 3.5
39 26 0 2.5
350 18 0 3.5
202 18 0 2.75
288 7 0 2.25
140 13 0 2.25
112 7 0 3.5
333 27 0 3.5
126 14 0 2.25
159 3 0 3.5
299 19 0 4.0
107 23 0 2.25
264 4 0 4.0
63 28 0 2.75
40 29 0 3.75
266 0 0 3.5
227 5 0 2.0
41 0 0 3.25
181 10 0 3.75
127 13 0 2.25
252 14 0 2.5
39 23 0 3.75
147 2 0 2.75
290 3 0 2.0
287 2 0 2.75
11 13 0 3.25
299 22 0 2.5
193 20 0 3.0
78 8 0 2.25
288 4 0 2.25
329 18 0 2.75
91 14 0 3.25
182 15 0 2.0
173 30 0 2.25
307 30 0 2.75
215 30 0 3.75
113 25 0 4.0
154 8 0 3.0
216 29 0 4.0
283 10 0 2.0
126 24 0 2.5
69 28 0 4.0
110 28 0 4.0
275 21 0 2.25
248 49 0 2.75
18 19 0 3.75
237 27 0 3.0
178 10 0 3.75
153 8 0 2.5
153 19 0 3.75
177 29 0 4.0
179 10 0 3.5
220 11 0 3.0
223 12 0 2.75
136 33 0 2.75
58 5 0 2.5
55 0 0 4.0
166 3 0 2.75
223 6 0 3.75
343 7 0 3.75
255 52 0 2.5
321 14 0 2.75
264 58 0 4.0
195 11 0 2.5
348 4 0 3.75
34 5 0 3.0
93 5 0 2.0
88 26 0 3.75
328 16 0 2.25
30 28 0 2.0
197 16 0 2.25
106 27 0 2.0
293 0 0 3.75
105 15 0 2.5
237 18 0 2.5
323 0 0 3.0
138 12 0 3.75
310 30 0 4.0
317 29 0 2.25
177 7 0 3.75
303 25 0 3.25
24 55 0 3.5
351 20 0 2.5
276 14 0 3.25
184 19 0 2.75
242 6 0 3.5
177 21 0 3.75
131 4 0 3.5
264 18 0 2.5
14 28 0 3.75
320 17 0 3.75
134 28 0 2.75
317 19 0 2.0
47 5 0 3.0
279 15 0 3.5
173 12 0 3.75
244 14 0 4.0
20 7 0 2.0
44 10 0 3.0
25 18 0 3.5
37 22 0 3.25
108 14 0 3.75
312 2 0 3.5
277 11 0 2.5
232 3 0 2.5
160 20 0 2.75
342 17 0 3.25
163 30 0 3.5
76 22 0 3.0
325 22 0 2.5
186 24 0 3.25
131 23 0 4.0
98 7 0 3.75
68 1 0 2.75
305 17 0 3.0
344 12 0 3.5
184 8 0 2.0
302 30 0 2.25
233 18 0 2.0
244 49 0 2.25
3 2 0 2.25
115 24 0 2.75
219 22 0 4.0
112 7 0 2.0
331 12 0 3.5
144 10 0 2.75
197 27 0 4.0
75 13 0 3.25
231 19 0 2.75
88 13 0 2.75
97 17 0 3.0
165 0 0 2.75
87 27 0 2.5
38 11 0 3.5
317 4 0 2.0
218 9 0 2.75
192 23 0 3.75
109 24 0 2.25
20 28 0 2.75
178 9 0 2.0
112 16 0 3.25
356 15 0 2.0
189 0 0 3.5
92 14 0 3.5
188 5 0 3.0
349 7 0 2.5
182 26 0 2.25
136 18 0 3.25
120 13 0 2.5
4 6 0 2.75
70 7 0 3.75
308 9 0 3.75
337 22 0 2.5
247 22 0 2.5
85 13 0 4.0
27 6 0 2.25
321 14 0 3.5
36 4 0 3.75
345 3 0 3.5
283 29 0 2.5
84 0 0 2.5
33 9 0 2.75
351 20 0 2.0
139 28 0 2.0
199 5 0 3.75
41 29 0 2.5
239 18 0 2.25
297 26 0 3.75
34 35 0 3.25
13 27 0 3.0
85 27 0 4.0
253 30 0 2.75
226 14 0 2.5
14 28 0 2.5
121 23 0 3.25
140 24 0 3.5
329 17 0 2.0
60 17 0 3.5
275 7 0 2.25
285 28 0 2.25
320 0 0 4.0
282 24 0 3.75
38 6 0 3.25
202 15 0 2.0
287 25 0 3.0
301 0 0 2.25
168 14 0 3.5
151 18 0 3.25
107 28 0 2.0
286 30 0 2.25
200 28 0 3.75
145 27 0 2.5
126 7 0 3.5
342 22 0 2.25
235 6 0 3.75
100 24 0 2.5
11 6 0 4.0
272 18 0 3.75
126 19 0 2.75
256 18 0 3.5
216 20 0 2.25
146 15 0 3.0
179 3 0 2.0
254 24 0 2.75
25 24 0 3.25
119 59 0 3.0
306 19 0 2.0
22 9 0 2.75
163 9 0 2.25
28 55 0 3.0
163 29 0 3.0
129 29 0 2.75
124 27 0 4.0
275 21 0 3.75
219 24 0 3.0
213 23 0 3.5
245 21 0 4.0
20 25 0 3.75
80 16 0 4.0
333 4 0 2.75
152 26 0 3.25
211 23 0 4.0
161 7 0 3.5
151 57 0 2.75
338 27 0 2.75
314 6 0 2.0
190 4 0 2.0
301 17 0 2.0
123 9 0 2.75
216 4 0 4.0
328 21 0 3.75
6 5 0 3.25
86 5 0 3.0
75 30 0 2.75
57 4 0 4.0
220 59 0 4.0
295 17 0 2.5
263 17 0 3.0
255 27 0 3.25
280 12 0 2.5
34 11 0 3.0
303 15 0 2.75
349 27 0 3.5
160 23 0 2.0
304 53 0 3.75
161 26 0 3.75
278 73 0 2.75
295 30 0 4.0
339 3 0 3.25
124 1 0 2.25
214 30 0 2.5
40 1 0 2.25
225 3 0 3.5
295 15 0 2.75
171 3 0 4.0
166 56 0 3.5
200 7 0 2.75
159 16 0 2.25
293 6 0 3.0
15 5 0 2.0
166 11 0 3.75
301 25 0 2.5
43 10 0 4.0
86 22 0 2.75
346 0 0 3.75
261 28 0 2.75
165 14 0 2.25
217 6 0 2.0
220 30 0 3.0
218 18 0 4.0
207 24 0 2.75
104 10 0 2.0
281 19 0 4.0
206 28 0 2.25
55 4 0 3.0
150 14 0 2.0
201 23 0 3.5
182 14 0 3.0
256 27 0 3.0
118 30 0 3.0
31 30 0 3.5
138 11 0 3.0
258 10 0 2.25
155 44 0 3.25
332 20 0 4.0
281 18 0 4.0
109 23 0 4.0
249 22 0 3.0
41 7 0 2.5
46 5 0 4.0
91 6 0 2.0
248 19 0 3.25
218 6 0 3.75
189 28 0 3.75
193 9 0 4.0
36 21 0 3.0
92 23 0 3.0
108 10 0 4.0
3 72 0 2.25
295 20 0 3.5
182 18 0 3.75
5 4 0 2.25
231 20 0 3.0
169 75 0 2.75
19 10 0 2.25
226 1 0 3.75
38 8 0 3.25
258 19 0 2.25
155 45 0 2.75
219 21 0 3.5
46 13 0 3.25
221 20 0 2.25
248 29 0 4.0
209 16 0 2.75
291 23 0 2.0
347 19 0 3.0
119 21 0 3.0
303 18 0 2.75
84 4 0 2.0
249 25 0 2.5
331 13 0 3.25
289 15 0 3.25
1 30 0 3.0
191 32 0 3.5
188 3 0 3.0
206 22 0 2.5
189 24 0 2.75
12 17 0 3.75
215 9 0 2.25
189 24 0 4.0
350 24 0 3.5
191 25 0 3.0
120 33 0 2.25
271 60 0 2.75
296 7 0 4.0
334 30 0 3.0
3 13 0 2.0
164 17 0 3.25
6 4 0 2.0
24 9 0 2.75
212 7 0 2.75
320 21 0 4.0
251 30 0 3.5
111 24 0 2.25
249 11 0 2.25
150 23 0 3.25
4 7 0 3.5
218 27 0 2.5
138 15 0 2.0
83 23 0 2.5
29 15 0 3.75
280 21 0 2.75
16 16 0 3.75
233 3 0 4.0
133 7 0 3.0
71 11 0 3.5
215 15 0 3.75
14 25 0 3.0
172 17 0 2.0
105 18 0 3.75
209 30 0 2.5
194 30 0 2.5
136 26 0 4.0
208 6 0 3.25
326 27 0 3.25
40 5 0 3.0
121 19 0 3.5
294 23 0 3.0
231 26 0 2.5
298 20 0 2.5
80 44 0 2.5
67 7 0 3.75
245 9 0 3.25
302 4 0 2.75
8 8 0 2.75
221 2 0 4.0
258 14 0 2.25
341 18 0 3.0
266 23 0 2.0
100 0 0 2.75
138 14 0 3.5
179 8 0 2.25
249 5 0 3.75
325 18 0 2.0
320 5 0 3.75
185 5 0 3.75
17 17 0 3.75
92 9 0 2.75
47 22 0 3.25
17 20 0 2.75
24 3 0 2.5
282 13 0 2.5
241 16 0 3.0
288 3 0 3.0
245 24 0 2.25
352 27 0 2.25
43 8 0 2.25
95 9 0 3.75
204 5 0 2.25
33 28 0 3.75
104 17 0 3.75
308 45 0 3.25
253 10 0 2.25
163 21 0 2.75
102 26 0 4.0
259 17 0 3.5
133 13 0 2.0
181 25 0 3.25
130 24 0 2.5
343 30 0 3.25
102 15 0 3.25
159 0 0 3.0
331 10 0 3.25
31 23 0 2.5
325 60 0 2.5
147 7 0 3.5
257 11 0 2.75
330 14 0 3.0
271 30 0 2.5
305 13 0 4.0
190 30 0 4.0
132 0 0 3.25
295 29 0 2.75
156 8 0 4.0
5 21 0 4.0
253 30 0 2.0
222 18 0 2.5
239 24 0 3.25
303 16 0 2.5
263 14 0 2.5
254 19 0 3.75
74 30 0 2.5
187 7 0 4.0
41 18 0 4.0
345 24 0 2.5
130 23 0 3.25
103 22 0 4.0
153 21 0 2.25
260 2 0 2.0
17 21 0 3.75
155 8 0 2.25
251 13 0 2.25
23 26 0 2.75
324 19 0 3.0
200 21 0 3.75
191 21 0 2.25
172 4 0 3.5
20 33 0 2.75
23 29 0 2.0
6 16 0 3.5
315 7 0 2.75
236 14 0 2.5
267 22 0 2.75
270 6 0 3.25
207 13 0 2.75
82 26 0 2.75
228 21 0 3.0
291 4 0 3.75
214 4 0 2.25
321 26 0 2.75
8 27 0 3.0
221 22 0 2.0
297 16 0 2.75
222 28 0 3.5
57 28 0 3.25
276 0 0 2.0
172 12 0 2.5
208 3 0 3.5
326 30 0 2.0
114 22 0 3.5
340 10 0 3.75
154 14 0 3.75
268 29 0 2.5
79 1 0 3.0
218 6 0 2.75
218 24 0 3.0
279 26 0 2.0
86 14 0 4.0
188 14 0 3.25
291 8 0 3.75
317 28 0 4.0
114 21 0 3.25
78 0 0 2.75
305 5 0 3.5
355 2 0 3.75
146 17 0 3.75
353 15 0 3.0
262 6 0 3.25
247 2 0 3.75
352 16 0 3.0
277 9 0 2.25
71 6 0 2.0
163 19 0 2.5
329 12 0 2.25
172 17 0 2.25
275 11 0 3.75
261 5 0 3.5
309 23 0 4.0
27 29 0 2.75
322 50 0 4.0
62 66 0 3.25
114 13 0 3.5
317 24 0 3.0
146 8 0 3.25
30 16 0 3.0
354 24 0 2.5
100 14 0 2.0
342 0 0 2.0
62 23 0 3.25
108 28 0 3.25
217 27 0 3.0
118 17 0 2.0
177 29 0 3.0
51 11 0 3.75
176 5 0 2.75
119 10 0 4.0
1 5 0 2.5
135 11 0 3.5
81 10 0 4.0
187 11 0 3.5
141 56 0 3.0
306 5 0 2.5
62 43 0 3.75
184 2 0 4.0
181 24 0 3.0
307 24 0 2.75
69 0 0 3.75
45 13 0 4.0
358 13 0 3.25
132 3 0 2.75
41 12 0 3.0
245 25 0 2.25
233 0 0 2.25
45 19 0 3.25
296 11 0 3.5
150 11 0 3.75
288 16 0 3.5
261 20 0 2.5
342 25 0 3.0
356 27 0 3.5
270 12 0 2.5
147 29 0 2.75
182 60 0 3.5
180 30 0 3.5
228 30 0 3.25
38 5 0 3.75
8 16 0 2.0
175 27 0 3.75
149 0 0 3.25
10 28 0 2.0
279 3 0 3.0
70 24 0 2.75
33 1 0 2.5
10 12 0 3.5
189 23 0 4.0
38 28 0 2.5
325 3 0 3.0
75 17 0 3.75
277 4 0 2.0
52 4 0 2.25
320 7 0 3.5
293 16 0 2.5
184 24 0 3.0
305 22 0 4.0
121 12 0 2.5
132 48 0 3.75
220 5 0 2.0
94 8 0 3.25
82 13 0 2.25
311 6 0 4.0
36 14 0 2.0
321 12 0 2.5
320 24 0 2.25
311 2 0 3.75
330 11 0 4.0
86 11 0 2.5
10 9 0 3.0
275 7 0 3.5
20 13 0 4.0
333 25 0 3.75
123 5 0 3.75
49 9 0 3.0
243 39 0 4.0
111 15 0 4.0
174 23 0 3.25
105 24 0 2.0
179 4 0 2.5
51 25 0 2.5
94 9 0 3.25
68 11 0 2.5
147 20 0 2.75
211 12 0 3.5
147 10 0 2.25
242 26 0 2.75
123 21 0 4.0
141 12 0 3.5
20 2 0 2.75
87 12 0 3.5
122 4 0 3.5
4 5 0 2.75
350 6 0 2.25
250 18 0 3.25
323 24 0 3.0
20 1 0 3.5
127 15 0 2.25
342 12 0 2.75
160 10 0 2.75
76 26 0 2.0
34 6 0 3.25
189 19 0 2.0
184 11 0 3.5
77 16 0 3.0
338 6 0 2.0
325 15 0 3.25
129 26 0 2.5
247 29 0 4.0
57 25 0 2.75
254 29 0 3.25
170 29 0 3.0
294 2 0 2.0
352 11 0 2.5
221 0 0 3.0
116 1 0 4.0
240 7 0 3.0
3 2 0 4.0
138 23 0 2.5
97 11 0 2.25
194 9 0 2.5
135 22 0 2.5
156 13 0 3.5
66 29 0 3.75
62 31 0 3.75
286 6 0 2.75
157 25 0 3.75
120 16 0 2.25
19 16 0 3.5
99 7 0 2.25
235 11 0 2.5
42 2 0 2.0
351 12 0 3.0
67 15 0 3.0
174 7 0 4.0
77 21 0 3.25
31 54 0 3.25
255 23 0 2.5
40 27 0 3.25
327 2 0 2.75
230 12 0 3.25
296 25 0 2.75
153 19 0 2.5
324 34 0 2.5
105 12 0 4.0
246 17 0 3.75
257 21 0 3.75
88 11 0 3.75
84 15 0 3.5
135 16 0 2.5
229 28 0 2.5
193 6 0 2.75
36 18 0 2.25
229 23 0 3.75
193 23 0 3.0
339 7 0 3.75
211 10 0 2.5
198 23 0 3.5
287 24 0 2.75
204 29 0 2.25
238 15 0 3.75
28 8 0 3.5
309 0 0 4.0
12 21 0 2.75
126 6 0 2.75
220 1 0 3.25
117 19 0 2.75
345 11 0 3.5
32 3 0 2.0
32 7 0 4.0
298 41 0 2.0
6 15 0 2.25
2 16 0 3.25
261 18 0 3.25
323 30 0 2.5
313 4 0 3.75
33 14 0 2.25
39 25 0 2.75
246 5 0 2.0
187 22 0 3.75
66 7 0 2.25
253 2 0 3.75
59 2 0 2.0
45 8 0 4.0
107 24 0 3.0
327 36 0 3.5
93 21 0 3.5
151 27 0 3.75
143 16 0 2.5
172 12 0 2.0
148 25 0 3.5
125 4 0 3.75
210 5 0 3.0
349 18 0 3.75
299 23 0 3.5
351 15 0 3.0
33 7 0 4.0
188 15 0 3.0
281 26 0 2.0
328 26 0 2.75
115 25 0 3.25
176 18 0 3.25
273 4 0 4.0
239 5 0 4.0
196 30 0 3.0
61 13 0 2.5
164 1 0 2.25
90 4 0 3.75
179 6 0 2.25
6 26 0 3.75
338 14 0 3.5
45 1 0 2.0
152 22 0 2.5
315 2 0 2.0
1 16 0 2.75
134 13 0 3.25
15 16 0 3.0
275 14 0 2.25
43 4 0 3.75
4 2 0 2.25
350 25 0 3.75
178 25 0 2.25
46 15 0 2.75
213 3 0 2.0
228 18 0 4.0
34 9 0 2.25
85 10 0 4.0
272 15 0 4.0
108 9 0 3.5
87 2 0 2.25
214 5 0 2.0
188 23 0 3.75
156 26 0 3.75
262 27 0 2.0
326 13 0 2.75
326 20 0 2.25
205 24 0 3.0
97 9 0 2.0
190 22 0 2.75
17 48 0 3.0
209 3 0 3.75
236 26 0 2.0
343 27 0 2.75
143 4 0 3.75
19 2 0 2.0
32 4 0 2.75
79 6 0 3.0
276 23 0 2.5
15 2 0 2.75
33 24 0 3.25
308 19 0 2.25
141 27 0 4.0
253 0 0 4.0
44 0 0 3.5
337 23 0 3.25
168 20 0 3.0
149 27 0 3.25
92 16 0 3.5
150 30 0 3.5
297 18 0 3.75
30 25 0 3.75
50 5 0 2.75
336 23 0 2.0
180 23 0 3.0
40 11 0 4.0
294 14 0 2.25
85 16 0 3.25
76 25 0 2.0
122 24 0 2.25
295 13 0 2.75
32 15 0 3.5
210 21 0 3.25
50 0 0 3.75
194 16 0 3.25
66 25 0 3.25
337 22 0 3.25
216 7 0 3.5
32 29 0 3.25
287 11 0 3.5
300 17 0 3.0
55 19 0 3.25
49 21 0 3.25
298 14 0 2.75
228 9 0 2.25
64 18 0 2.25
87 14 0 2.25
174 22 0 3.0
189 10 0 3.25
45 15 0 3.75
340 9 0 2.0
198 0 0 3.25
277 15 0 2.5
254 25 0 2.25
340 19 0 3.75
164 27 0 2.0
153 21 0 3.0
303 5 0 3.5
102 48 0 2.0
201 18 0 2.5
94 6 0 2.25
126 14 0 3.0
163 0 0 2.5
220 23 0 3.5
291 5 0 3.0
111 34 0 3.5
189 14 0 2.0
328 22 0 3.0
251 23 0 3.25
203 6 0 3.5
311 0 0 2.75
46 22 0 4.0
142 30 0 2.5
312 18 0 3.0
329 14 0 2.25
75 19 0 3.25
112 4 0 2.25
112 28 0 3.25
29 9 0 2.5
224 1 0 2.5
215 5 0 2.5
98 72 0 3.75
302 19 0 2.25
276 7 0 3.25
17 18 0 2.25
251 14 0 2.5
340 3 0 2.0
302 27 0 3.25
242 23 0 2.25
14 17 0 2.0
198 8 0 4.0
331 30 0 2.0
142 30 0 2.0
63 9 0 2.5
113 3 0 2.25
47 16 0 2.25
57 21 0 3.25
101 16 0 3.0
220 16 0 4.0
16 13 0 2.0
299 1 0 4.0
347 25 0 2.75
240 9 0 2.25
18 7 0 2.0
120 6 0 2.75
347 17 0 2.5
338 12 0 4.0
345 1 0 2.75
121 8 0 3.25
111 18 0 2.25
20 30 0 3.0
288 24 0 4.0
312 11 0 2.0
274 0 0 3.5
223 9 0 4.0
45 25 0 3.0
47 19 0 3.25
171 2 0 3.25
61 10 0 2.75
91 8 0 2.75
311 2 0 3.0
67 23 0 4.0
75 11 0 3.75
235 16 0 2.0
31 22 0 2.25
254 16 0 2.25
255 18 0 3.0
116 14 0 2.0
135 27 0 2.0
187 53 0 3.5
22 17 0 4.0
3 25 0 3.25
260 7 0 2.0
346 9 0 3.75
162 12 0 3.75
168 30 0 3.5
230 24 0 3.0
157 23 0 3.5
134 24 0 2.0
45 14 0 3.5
200 1 0 2.25
75 10 0 3.25
17 28 0 4.0
309 7 0 3.75
89 22 0 4.0
212 8 0 2.5
184 20 0 3.0
126 7 0 4.0
30 19 0 2.0
219 7 0 2.75
97 26 0 4.0
267 6 0 3.0
109 28 0 2.5
223 20 0 2.25
218 26 0 3.75
85 24 0 3.25
153 29 0 4.0
262 30 0 2.5
62 19 0 2.0
64 7 0 3.0
223 15 0 3.0
83 0 0 3.0
207 28 0 2.75
14 12 0 2.25
245 15 0 2.75
173 1 0 3.0
236 28 0 3.0
86 26 0 2.75
276 29 0 2.75
6 11 0 3.25
248 9 0 2.25
287 26 0 3.0
165 20 0 2.75
166 14 0 4.0
186 13 0 3.0
13 28 0 3.75
114 22 0 2.75
297 8 0 2.5
342 12 0 4.0
184 15 0 2.25
33 13 0 3.25
126 23 0 3.25
334 4 0 2.25
54 29 0 4.0
276 56 0 3.5
68 20 0 2.5
0 8 0 3.75
245 20 0 2.25
300 15 0 3.0
39 15 0 2.25
34 29 0 2.75
112 23 0 4.0
113 12 0 3.25
199 64 0 2.5
73 29 0 4.0
219 26 0 3.75
303 11 0 2.75
46 70 0 3.25
198 18 0 2.5
282 12 0 3.5
145 9 0 2.0
346 26 0 2.5
225 7 0 3.0
191 2 0 3.0
326 10 0 3.75
75 8 0 2.5
129 19 0 2.0
292 14 0 3.75
131 17 0 3.5
325 30 0 4.0
236 8 0 2.75
107 10 0 3.75
127 25 0 2.25
95 15 0 2.0
99 26 0 3.5
7 14 0 3.0
263 26 0 3.5
213 10 0 4.0
141 30 0 2.75
80 1 0 4.0
275 15 0 2.0
87 18 0 4.0
70 0 0 3.0
330 55 0 3.75
178 2 0 3.5
112 5 0 3.0
293 45 0 2.25
272 17 0 2.5
181 17 0 2.75
276 29 0 3.25
163 13 0 4.0
121 23 0 3.75
222 8 0 2.75
117 1 0 4.0
191 12 0 2.25
120 13 0 2.75
51 23 0 3.75
152 17 0 4.0
278 17 0 3.0
47 8 0 3.25
202 2 0 2.25
321 19 0 2.5
350 27 0 3.25
20 22 0 2.0
220 2 0 4.0
95 47 0 2.0
2 11 0 2.0
358 20 0 3.0
6 12 0 2.25
131 13 0 3.25
34 15 0 3.25
135 11 0 2.25
66 23 0 2.25
191 17 0 3.75
178 27 0 4.0
140 21 0 3.25
298 26 0 2.5
196 4 0 3.0
58 19 0 2.5
116 20 0 2.0
309 14 0 2.75
9 7 0 3.75
160 4 0 3.25
324 50 0 4.0
59 0 0 3.25
214 20 0 3.0
332 7 0 2.5
195 25 0 2.25
77 25 0 2.5
240 9 0 2.5
138 28 0 2.0
339 27 0 2.25
335 30 0 2.25
288 6 0 3.25
226 30 0 3.25
28 1 0 2.5
17 26 0 2.75
84 22 0 2.25
212 3 0 3.25
56 6 0 2.25
185 24 0 4.0
158 23 0 3.75
349 14 0 2.75
95 8 0 3.0
228 7 0 3.5
302 28 0 2.25
247 2 0 2.75
189 28 0 3.25
327 19 0 3.75
94 25 0 3.25
29 29 0 3.0
221 1 0 3.0
98 20 0 3.0
149 6 0 2.75
257 27 0 3.25
285 10 0 4.0
331 0 0 3.5
51 2 0 2.75
352 29 0 2.0
156 20 0 3.75
166 15 0 2.75
60 28 0 3.5
70 3 0 2.25
160 17 0 2.75
106 0 0 4.0
248 9 0 2.5
117 23 0 2.25
350 24 0 2.5
163 12 0 3.0
219 4 0 2.25
233 11 0 2.5
148 13 0 3.75
202 26 0 3.75
287 9 0 2.75
48 13 0 3.75
38 21 0 2.0
123 15 0 3.25
170 12 0 2.75
30 17 0 3.25
236 13 0 2.25
12 35 0 2.25
79 27 0 2.75
30 21 0 2.0
122 12 0 3.5
136 15 0 2.25
199 12 0 2.75
156 13 0 2.0
297 21 0 3.25
258 9 0 2.0
272 27 0 3.0
322 0 0 4.0
45 10 0 2.25
136 19 0 2.0
56 27 0 2.5
303 17 0 2.0
183 4 0 3.5
354 9 0 3.5
21 15 0 3.0
127 27 0 2.75
90 25 0 4.0
130 21 0 2.25
89 17 0 3.0
31 6 0 2.0
252 27 0 3.0
103 28 0 2.25
323 26 0 2.25
15 7 0 2.75
350 19 0 3.25
144 16 0 3.0
115 3 0 2.0
211 6 0 2.75
140 40 0 3.5
165 6 0 2.25
347 22 0 3.75
9 10 0 2.25
144 16 0 2.25
197 25 0 2.5
225 23 0 3.0
162 15 0 2.0
45 4 0 3.0
119 19 0 3.0
246 24 0 3.75
252 16 0 2.0
48 10 0 3.25
209 17 0 2.25
317 8 0 3.25
45 15 0 3.25
288 17 0 2.0
24 18 0 2.75
266 10 0 3.25
180 22 0 2.5
27 5 0 2.0
15 27 0 2.5
123 29 0 3.75
336 8 0 3.75
354 17 0 3.0
173 3 0 2.75
312 2 0 3.0
252 6 0 4.0
137 19 0 3.25
221 11 0 2.25
253 4 0 3.5
38 0 0 3.75
228 22 0 2.5
230 6 0 3.5
154 29 0 2.0
308 29 0 2.5
268 17 0 3.0
142 26 0 2.5
316 24 0 2.5
63 11 0 2.75
50 28 0 2.75
208 30 0 3.75
6 8 0 2.75
212 8 0 3.25
198 9 0 2.75
235 16 0 2.75
318 0 0 2.75
251 10 0 3.25
282 10 0 2.25
110 22 0 2.5
7 5 0 3.25
199 4 0 3.0
132 2 0 4.0
353 7 0 4.0
115 27 0 3.25
333 26 0 4.0
3 23 0 2.5
257 26 0 2.75
115 0 0 4.0
141 11 0 3.75
132 56 0 2.75
61 7 0 3.0
102 13 0 2.5
277 0 0 2.0
239 28 0 3.75
206 9 0 3.25
247 7 0 4.0
169 4 0 2.75
83 4 0 3.5
272 24 0 3.0
54 14 0 3.0
168 30 0 3.25
295 5 0 2.25
193 2 0 2.25
181 19 0 2.75
282 28 0 3.75
97 26 0 2.0
325 8 0 3.0
210 2 0 3.5
108 20 0 4.0
103 23 0 3.75
190 28 0 3.75
345 23 0 4.0
136 27 0 2.75
299 8 0 2.0
1 25 0 2.25
327 4 0 3.75
89 14 0 2.5
159 30 0 2.0
51 29 0 2.75
2 19 0 3.5
203 21 0 3.25
211 27 0 3.25
192 3 0 4.0
231 14 0 3.75
86 18 0 3.75
164 2 0 3.25
93 21 0 2.0
232 10 0 3.25
355 5 0 3.0
197 16 0 2.5
293 25 0 2.25
85 28 0 4.0
104 16 0 3.0
251 6 0 3.0
9 2 0 3.5
230 4 0 4.0
104 22 0 2.75
1 16 0 3.0
5 8 0 2.5
226 2 0 3.25
306 18 0 3.25
243 29 0 3.25
60 11 0 3.25
133 0 0 3.75
23 15 0 3.25
54 24 0 4.0
224 12 0 3.25
329 9 0 2.75
240 24 0 2.25
63 18 0 2.0
248 27 0 3.25
39 27 0 3.75
161 21 0 3.0
237 15 0 3.0
23 9 0 3.0
29 3 0 3.75
139 20 0 2.25
123 9 0 3.75
194 14 0 3.25
264 18 0 2.75
133 17 0 2.5
322 1 0 3.5
304 22 0 2.5
298 12 0 3.75
270 6 0 2.25
333 2 0 4.0
258 26 0 3.25
258 3 0 2.25
319 23 0 3.5
76 8 0 2.5
121 12 0 3.25
145 0 0 3.75
34 17 0 3.75
331 13 0 2.0
265 20 0 3.25
225 2 0 3.0
273 13 0 2.75
200 37 0 2.75
175 25 0 3.5
197 10 0 3.5
4 22 0 3.25
202 27 0 3.5
232 2 0 4.0
344 8 0 3.25
241 6 0 2.0
4 57 0 2.25
210 23 0 4.0
56 11 0 2.25
104 15 0 3.25
338 28 0 2.25
206 25 0 4.0
336 15 0 4.0
113 26 0 3.5
160 26 0 3.0
272 24 0 2.75
83 22 0 2.5
352 28 0 3.75
87 2 0 3.25
204 0 0 3.75
185 13 0 2.25
209 18 0 3.25
337 27 0 3.75
83 12 0 3.25
243 19 0 3.0
101 10 0 3.5
192 22 0 4.0
251 18 0 3.75
46 29 0 2.5
344 21 0 3.25
47 7 0 4.0
251 30 0 2.25
320 15 0 3.0
87 21 0 4.0
289 4 0 4.0
346 26 0 2.0
84 39 0 3.75
217 15 0 3.25
250 25 0 4.0
213 16 0 2.0
192 14 0 4.0
167 20 0 4.0
274 9 0 3.75
187 19 0 2.75
175 15 0 3.5
286 25 0 3.0
203 10 0 4.0
45 27 0 4.0
353 5 0 2.25
60 54 0 2.0
31 7 0 2.75
286 7 0 3.0
325 1 0 3.75
66 24 0 2.5
90 20 0 2.0
218 8 0 3.5
244 51 0 3.5
224 10 0 2.25
116 25 0 3.0
204 30 0 2.5
202 18 0 2.5
214 75 0 3.75
105 28 0 3.75
286 1 0 4.0
267 24 0 3.25
322 26 0 2.5
165 11 0 3.0
289 26 0 3.25
306 18 0 3.5
1 26 0 3.5
182 11 0 3.5
118 6 0 2.0
80 30 0 3.5
212 6 0 2.75
276 18 0 2.0
264 6 0 3.5
23 26 0 2.25
122 22 0 2.25
160 4 0 2.25
214 6 0 2.75
117 7 0 2.25
80 29 0 4.0
252 0 0 4.0
108 5 0 2.5
138 16 0 2.75
38 23 0 3.75
307 26 0 2.0
276 13 0 2.25
241 15 0 4.0
202 9 0 2.5
68 19 0 2.75
150 10 0 3.0
12 7 0 2.5
315 11 0 2.0
142 2 0 4.0
9 10 0 3.0
339 25 0 2.0
275 17 0 3.75
249 17 0 2.0
64 26 0 2.25
325 8 0 4.0
134 26 0 3.25
18 15 0 3.25
56 13 0 3.0
22 28 0 4.0
249 26 0 2.75
321 19 0 3.75
31 21 0 2.75
124 63 0 3.0
97 10 0 4.0
92 25 0 2.75
169 23 0 2.25
267 21 0 2.0
12 30 0 3.25
217 25 0 4.0
257 7 0 3.5
353 8 0 4.0
356 3 0 3.75
46 30 0 2.0
325 6 0 3.25
306 0 0 3.5
191 10 0 2.5
347 2 0 2.0
325 27 0 2.0
357 0 0 2.25
344 13 0 2.5
51 7 0 2.25
252 12 0 3.0
151 29 0 2.25
283 6 0 3.0
0 14 0 2.25
224 29 0 2.25
315 5 0 3.25
304 18 0 2.0
255 24 0 2.25
82 5 0 2.5
201 26 0 3.0
185 29 0 4.0
134 8 0 4.0
226 14 0 3.75
51 30 0 2.0
5 19 0 2.75
193 9 0 3.5
325 14 0 4.0
132 19 0 2.25
350 0 0 3.0
35 6 0 3.75
347 0 0 2.5
209 10 0 2.5
141 3 0 4.0
341 10 0 2.75
1 12 0 4.0
41 20 0 4.0
301 11 0 3.5
286 19 0 4.0
41 28 0 4.0
87 27 0 2.25
229 4 0 3.75
116 2 0 3.25
51 24 0 4.0
34 19 0 3.5
6 11 0 4.0
6 15 0 4.0
161 18 0 3.25
280 23 0 2.75
171 51 0 2.75
90 28 0 2.25
163 11 0 2.0
47 14 0 4.0
221 8 0 2.5
229 3 0 3.25
259 26 0 2.25
239 5 0 2.25
258 17 0 3.5
118 23 0 3.25
44 12 0 2.0
71 3 0 3.75
103 7 0 3.5
68 2 0 2.25
10 28 0 2.25
139 34 0 2.5
6 11 0 3.5
65 7 0 2.75
331 0 0 3.25
121 34 0 3.25
350 16 0 3.0
261 29 0 2.5
2 4 0 2.5
187 9 0 2.0
333 10 0 3.0
166 2 0 2.0
232 5 0 3.0
257 11 0 2.5
102 12 0 3.5
150 2 0 2.25
91 3 0 3.25
151 18 0 2.25
93 16 0 2.25
174 1 0 4.0
242 15 0 3.75
276 20 0 3.25
95 7 0 3.25
56 2 0 2.25
247 14 0 2.5
186 22 0 3.75
274 3 0 2.5
223 11 0 3.0
279 15 0 2.5
220 11 0 3.25
203 22 0 2.5
79 30 0 3.0
268 7 0 3.25
130 17 0 2.5
233 24 0 2.75
329 8 0 3.75
152 10 0 2.5
332 9 0 4.0
188 6 0 3.0
26 10 0 2.75
314 29 0 2.75
186 29 0 3.75
356 25 0 2.0
14 8 0 3.5
110 4 0 2.0
66 3 0 3.75
33 27 0 2.5
11 25 0 2.25
211 16 0 2.75
34 10 0 3.25
58 14 0 2.75
205 16 0 3.0
71 13 0 2.0
270 29 0 2.5
249 18 0 2.0
240 19 0 2.5
355 30 0 2.75
255 26 0 2.75
172 6 0 4.0
306 17 0 4.0
278 9 0 3.0
199 24 0 3.25
64 28 0 2.75
142 7 0 2.5
113 5 0 3.75
85 7 0 2.5
95 10 0 4.0
40 29 0 3.0
308 28 0 2.0
329 7 0 2.0
61 25 0 3.75
145 22 0 3.0
252 8 0 2.25
336 5 0 2.75
276 57 0 3.75
317 19 0 3.0
257 24 0 3.25
122 8 0 2.25
136 3 0 2.5
272 0 0 2.5
188 28 0 3.0
48 20 0 3.75
18 27 0 2.0
316 15 0 2.5
355 10 0 2.5
356 9 0 3.25
273 19 0 2.75
74 28 0 2.75
68 25 0 2.75
319 28 0 4.0
259 16 0 2.5
273 28 0 3.0
262 3 0 2.75
43 27 0 2.0
178 6 0 2.25
270 21 0 2.25
296 0 0 3.0
311 22 0 4.0
45 26 0 3.5
171 11 0 2.5
48 9 0 2.0
86 13 0 2.75
14 26 0 3.25
193 29 0 2.25
333 23 0 3.0
314 19 0 3.75
225 17 0 2.0
274 14 0 2.25
54 15 0 2.25
242 22 0 2.0
96 14 0 2.5
31 1 0 4.0
268 27 0 2.25
11 5 0 2.75
144 2 0 2.75
34 2 0 2.25
85 39 0 3.75
355 28 0 3.5
323 1 0 2.0
217 2 0 3.5
354 18 0 3.75
10 18 0 2.75
46 2 0 4.0
311 16 0 2.25
212 17 0 3.75
39 12 0 3.75
160 25 0 3.75
87 25 0 2.25
290 1 0 3.25
72 5 0 2.75
120 9 0 2.5
322 29 0 2.5
111 3 0 4.0
252 9 0 3.25
238 27 0 3.25
98 14 0 3.0
186 0 0 2.75
198 19 0 2.75
152 14 0 2.75
135 2 0 2.25
104 18 0 2.5
31 26 0 2.5
168 15 0 2.5
257 13 0 3.0
64 22 0 2.75
327 18 0 4.0
148 3 0 3.5
230 9 0 2.5
265 11 0 2.25
156 30 0 4.0
206 24 0 3.5
166 1 0 4.0
39 0 0 2.0
199 22 0 4.0
300 27 0 3.0
173 5 0 2.25
177 3 0 3.0
350 20 0 2.75
156 24 0 3.0
21 6 0 3.25
146 3 0 3.25
69 10 0 2.25
15 16 0 2.75
73 27 0 2.25
264 0 0 4.0
93 6 0 2.25
143 3 0 3.75
192 15 0 2.25
270 16 0 3.25
4 3 0 3.25
229 8 0 3.75
338 12 0 2.25
96 13 0 3.0
207 0 0 2.75
261 16 0 3.75
77 12 0 2.25
284 8 0 2.25
89 26 0 2.75
276 24 0 2.0
228 22 0 3.5
55 11 0 3.75
233 23 0 2.5
123 26 0 2.5
10 3 0 3.0
334 60 0 2.25
211 2 0 2.5
95 1 0 2.0
260 9 0 2.0
263 18 0 3.25
356 14 0 3.0
272 30 0 3.75
25 8 0 2.0
155 7 0 3.25
270 11 0 2.0
242 0 0 3.25
177 27 0 3.5
65 20 0 2.0
336 1 0 2.75
260 27 0 3.25
200 11 0 2.0
274 5 0 3.25
344 20 0 2.75
270 5 0 3.5
90 7 0 4.0
336 9 0 2.75
279 6 0 2.75
120 11 0 3.5
276 0 0 4.0
111 19 0 2.5
276 20 0 3.5
208 16 0 2.25
6 25 0 2.0
285 26 0 2.25
330 11 0 2.0
157 13 0 3.5
27 8 0 4.0
289 17 0 2.25
246 12 0 2.75
343 7 0 3.25
308 74 0 3.0
306 1 0 3.0
28 27 0 2.25
65 23 0 4.0
291 22 0 4.0
46 2 0 2.75
185 1 0 2.5
36 26 0 4.0
91 12 0 2.5
300 1 0 2.0
324 31 0 3.75
129 16 0 3.0
130 23 0 2.75
25 3 0 2.25
169 0 0 2.75
213 13 0 3.75
340 9 0 4.0
244 1 0 3.25
261 22 0 3.75
307 13 0 2.5
214 15 0 2.0
307 13 0 2.75
189 21 0 2.5
317 13 0 3.0
341 17 0 3.0
227 13 0 2.75
241 0 0 2.0
243 13 0 3.75
16 17 0 2.5
141 14 0 3.0
52 4 0 3.0
355 25 0 3.25
19 14 0 2.75
200 18 0 2.25
355 23 0 2.25
295 15 0 2.25
5 21 0 3.75
38 3 0 3.75
197 24 0 3.75
349 29 0 2.0
60 42 0 2.75
94 9 0 3.0
296 10 0 3.0
194 25 0 2.5
66 5 0 2.75
221 10 0 3.0
107 24 0 2.0
164 6 0 2.75
199 16 0 3.5
310 3 0 2.5
127 27 0 3.0
73 2 0 3.75
300 20 0 3.5
114 27 0 3.75
176 23 0 3.5
235 9 0 2.75
331 14 0 3.0
120 56 0 3.25
68 29 0 3.25
61 20 0 4.0
193 23 0 2.75
162 6 0 2.0
9 27 0 2.75
251 30 0 2.75
285 11 0 2.75
203 33 0 3.25
140 9 0 3.75
97 13 0 3.25
54 27 0 2.0
71 4 0 2.25
188 0 0 2.75
122 11 0 4.0
37 20 0 2.5
49 9 0 3.25
220 17 0 3.0
65 43 0 4.0
63 23 0 2.75
345 10 0 4.0
88 7 0 3.5
258 24 0 4.0
187 3 0 2.5
289 10 0 4.0
358 21 0 3.5
178 37 0 3.0
176 0 0 2.5
321 1 0 2.0
19 9 0 2.5
200 4 0 3.75
208 12 0 2.75
64 15 0 3.0
114 22 0 3.0
244 26 0 3.75
316 25 0 3.5
355 12 0 4.0
208 4 0 3.75
346 8 0 2.75
335 28 0 2.0
29 21 0 2.75
145 18 0 2.75
3 7 0 3.25
348 22 0 2.75
71 20 0 3.5
37 1 0 2.75
9 20 0 3.25
247 7 0 3.25
60 40 0 2.5
252 10 0 2.25
36 12 0 3.75
21 29 0 3.25
26 0 0 4.0
160 8 0 2.0
48 3 0 2.25
174 26 0 3.25
141 21 0 3.25
73 25 0 3.5
154 10 0 3.0
182 29 0 3.75
79 16 0 3.5
292 5 0 3.75
61 30 0 3.25
1 15 0 3.25
138 4 0 2.5
178 22 0 3.25
200 23 0 2.75
106 28 0 2.5
48 5 0 3.25
175 18 0 2.75
326 5 0 3.25
1 14 0 2.75
181 13 0 2.0
211 12 0 2.5
179 3 0 2.25
294 25 0 2.75
207 2 0 2.0
132 15 0 2.5
76 53 0 2.5
286 1 0 3.25
218 7 0 2.25
254 13 0 2.5
241 29 0 2.5
134 0 0 3.25
111 17 0 2.75
268 11 0 3.75
51 19 0 3.5
286 21 0 2.0
48 1 0 2.5
322 10 0 2.5
6 26 0 2.5
335 13 0 2.5
19 20 0 2.5
122 23 0 2.0
62 28 0 4.0
197 22 0 2.0
289 22 0 2.25
358 9 0 4.0
270 13 0 3.0
271 15 0 3.25
237 13 0 2.5
18 1 0 2.5
165 9 0 2.75
38 12 0 3.75
161 26 0 3.25
28 8 0 2.25
2 5 0 3.25
60 21 0 2.0
258 24 0 2.5
142 14 0 2.5
311 2 0 2.0
241 8 0 2.0
126 27 0 3.75
313 27 0 3.75
98 8 0 3.25
288 8 0 2.0
341 4 0 2.75
351 26 0 2.75
355 18 0 3.25
306 20 0 3.5
100 5 0 4.0
127 4 0 4.0
73 28 0 3.0
342 3 0 2.25
81 25 0 2.75
38 23 0 2.75
225 28 0 3.5
9 17 0 3.25
343 25 0 3.25
97 6 0 2.25
228 25 0 3.0
344 7 0 4.0
303 15 0 3.5
68 25 0 3.0
302 7 0 3.0
277 28 0 3.5
254 45 0 2.0
165 23 0 2.75
64 22 0 2.25
183 17 0 3.25
0 26 0 2.5
13 28 0 4.0
290 22 0 3.0
64 3 0 4.0
168 6 0 4.0
142 7 0 2.25
102 29 0 3.25
224 1 0 2.25
63 26 0 4.0
94 11 0 3.0
273 13 0 2.0
169 7 0 2.25
88 16 0 4.0
207 16 0 2.5
191 20 0 3.5
210 4 0 2.5
275 18 0 3.25
338 16 0 2.0
227 16 0 4.0
207 23 0 4.0
83 29 0 4.0
265 1 0 3.75
356 22 0 3.75
147 29 0 3.5
42 15 0 2.0
351 51 0 4.0
52 15 0 2.75
139 10 0 2.0
67 6 0 4.0
22 29 0 2.75
248 27 0 4.0
344 1 0 4.0
37 19 0 2.0
284 15 0 3.5
63 29 0 4.0
98 9 0 3.75
229 28 0 2.0
10 17 0 3.25
240 8 0 2.75
104 30 0 4.0
123 10 0 2.5
53 23 0 3.25
205 30 0 2.75
164 23 0 2.5
238 9 0 2.0
252 5 0 2.0
12 19 0 4.0
147 10 0 2.5
28 18 0 3.5
319 14 0 3.5
129 23 0 3.5
26 0 0 3.0
171 25 0 3.25
56 10 0 3.75
206 9 0 2.25
349 9 0 2.25
347 23 0 3.75
108 10 0 3.25
213 0 0 3.0
356 10 0 3.5
243 20 0 3.25
16 5 0 4.0
95 16 0 3.0
19 19 0 2.25
299 37 0 4.0
336 1 0 2.0
120 30 0 3.25
312 11 0 2.75
65 11 0 3.0
303 16 0 2.0
240 6 0 2.75
250 17 0 2.5
209 0 0 4.0
210 30 0 2.75
70 28 0 3.25
35 15 0 2.75
195 36 0 2.25
190 21 0 3.75
88 43 0 4.0
225 2 0 3.25
6 7 0 2.5
118 24 0 3.75
235 15 0 2.0
340 22 0 2.0
165 13 0 2.5
55 29 0 3.0
110 5 0 2.75
301 6 0 3.0
5 0 0 3.0
89 11 0 2.5
127 12 0 2.0
131 11 0 2.5
285 3 0 3.5
101 3 0 3.5
277 19 0 4.0
228 12 0 2.25
7 8 0 2.25
181 3 0 4.0
159 24 0 2.75
16 9 0 4.0
332 15 0 4.0
353 11 0 3.5
105 19 0 2.5
63 14 0 4.0
114 15 0 3.25
228 5 0 4.0
248 22 0 2.0
18 23 0 2.0
251 25 0 2.0
15 21 0 3.75
76 18 0 3.75
286 2 0 3.25
347 30 0 2.25
49 28 0 3.25
251 17 0 3.0
101 19 0 2.0
110 13 0 3.0
54 20 0 2.0
223 10 0 2.75
287 5 0 3.75
222 2 0 3.75
179 7 0 2.5
162 24 0 2.0
195 43 0 3.5
97 19 0 2.5
244 18 0 3.25
7 19 0 3.5
340 15 0 2.75
104 12 0 2.75
280 24 0 3.5
241 7 0 2.0
83 13 0 3.75
292 6 0 2.75
180 21 0 3.25
5 25 0 3.75
4 28 0 4.0
78 21 0 4.0
31 21 0 2.5
112 24 0 2.75
147 16 0 3.75
4 12 0 2.75
2 10 0 2.75
88 19 0 3.75
61 24 0 3.25
11 0 0 2.25
126 25 0 4.0
176 3 0 2.5
67 18 0 2.75
82 45 0 2.5
91 20 0 4.0
307 27 0 3.5
86 20 0 2.25
244 26 0 4.0
348 8 0 3.75
186 5 0 2.0
351 9 0 2.25
344 4 0 3.25
332 28 0 4.0
27 8 0 2.5
251 2 0 3.75
24 13 0 4.0
30 21 0 2.75
181 0 0 2.25
91 25 0 2.0
111 28 0 4.0
337 12 0 3.25
280 6 0 3.75
261 6 0 3.25
140 17 0 2.5
62 0 0 3.75
156 1 0 2.0
223 14 0 3.75
165 4 0 3.5
262 5 0 3.25
243 8 0 2.25
241 26 0 2.5
95 44 0 3.75
239 29 0 3.0
193 17 0 2.25
352 3 0 2.5
140 3 0 2.75
10 27 0 3.5
224 17 0 3.75
80 25 0 2.0
353 12 0 3.0
143 24 0 3.0
317 17 0 4.0
117 29 0 4.0
66 15 0 2.0
228 26 0 3.0
149 16 0 2.0
26 24 0 2.75
321 45 0 4.0
216 6 0 3.5
140 6 0 3.25
292 15 0 2.25
333 18 0 2.0
169 32 0 4.0
294 15 0 3.25
89 1 0 2.0
298 17 0 2.25
130 18 0 3.75
234 24 0 3.25
262 10 0 2.75
124 16 0 2.75
231 13 0 2.5
212 21 0 4.0
251 1 0 2.75
87 27 0 2.75
346 4 0 2.25
326 0 0 3.25
322 15 0 2.75
156 2 0 3.25
135 30 0 4.0
26 6 0 2.0
32 18 0 2.75
206 13 0 3.0
7 19 0 3.25
307 30 0 3.75
326 14 0 2.0
14 9 0 4.0
172 29 0 4.0
72 49 0 2.75
26 23 0 2.0
75 20 0 3.25
237 16 0 3.25
36 7 0 3.0
112 50 0 3.25
161 27 0 2.75
41 2 0 3.25
49 27 0 3.75
295 22 0 3.5
268 1 0 3.25
302 22 0 2.25
302 11 0 2.0
198 7 0 2.25
333 16 0 4.0
348 25 0 3.5
292 26 0 3.25
100 5 0 3.75
197 16 0 2.0
183 5 0 3.5
346 28 0 2.5
125 24 0 2.25
345 3 0 2.5
321 21 0 2.0
298 25 0 3.75
53 13 0 3.75
283 25 0 4.0
6 3 0 3.25
43 13 0 2.75
44 0 0 2.75
159 21 0 4.0
359 51 0 3.25
142 29 0 3.75
58 28 0 3.25
151 10 0 3.0
125 4 0 3.5
41 23 0 3.25
213 10 0 2.75
212 2 0 2.0
86 7 0 2.75
92 23 0 4.0
146 7 0 3.75
55 11 0 3.0
280 27 0 2.5
266 5 0 2.0
290 17 0 3.5
35 4 0 3.0
46 21 0 3.75
160 21 0 3.75
315 8 0 2.75
230 6 0 2.75
266 30 0 2.5
43 7 0 2.5
329 19 0 2.25
357 26 0 2.0
310 30 0 2.75
333 20 0 3.5
139 0 0 3.0
18 6 0 3.0
137 24 0 2.5
310 40 0 2.0
75 10 0 3.5
242 17 0 2.0
149 17 0 2.0
53 19 0 3.25
157 17 0 3.25
42 2 0 4.0
162 16 0 3.0
106 26 0 2.25
59 21 0 4.0
334 16 0 3.25
298 24 0 2.75
178 23 0 2.0
50 5 0 3.0
61 28 0 3.0
197 17 0 3.25
147 9 0 2.0
288 12 0 3.0
358 12 0 3.5
147 22 0 2.75
64 15 0 3.75
86 2 0 3.5
252 16 0 2.5
320 5 0 2.5
247 19 0 2.75
28 10 0 3.25
349 13 0 3.75
343 50 0 3.5
227 12 0 3.75
283 2 0 3.75
64 8 0 2.0
4 0 0 4.0
315 23 0 2.5
146 17 0 3.0
238 10 0 2.25
263 11 0 2.0
254 28 0 2.25
182 0 0 3.25
282 9 0 3.0
217 27 0 2.0
13 27 0 3.25
76 15 0 4.0
315 29 0 2.25
248 28 0 2.25
78 25 0 4.0
192 2 0 3.75
4 14 0 2.25
3 0 0 2.5
323 12 0 3.25
66 30 0 2.0
193 26 0 4.0
14 5 0 2.0
174 15 0 3.25
330 65 0 3.0
99 20 0 2.5
272 29 0 2.75
104 18 0 3.0
14 17 0 2.5
209 22 0 3.0
275 24 0 2.0
88 25 0 3.25
165 26 0 2.5
39 7 0 4.0
353 20 0 2.75
336 25 0 3.75
209 4 0 3.25
275 6 0 2.75
27 12 0 3.0
87 23 0 3.5
299 19 0 2.75
109 7 0 3.75
72 7 0 2.0
270 10 0 2.75
148 21 0 2.5
85 6 0 3.75
284 13 0 4.0
1 37 0 3.25
193 21 0 2.0
192 9 0 3.25
208 18 0 2.75
233 10 0 3.75
124 27 0 3.25
199 20 0 3.75
226 2 0 2.5
311 25 0 3.5
88 21 0 2.5
212 20 0 3.25
292 14 0 4.0
35 15 0 4.0
293 18 0 3.25
272 6 0 3.5
127 57 0 2.25
279 60 0 4.0
91 7 0 2.75
21 28 0 4.0
210 15 0 2.25
2 18 0 2.75
179 0 0 3.5
44 24 0 2.25
115 20 0 3.0
128 28 0 3.75
38 10 0 3.75
243 0 0 2.0
16 30 0 3.0
211 30 0 2.5
151 21 0 2.5
265 9 0 2.75
41 13 0 3.5
312 29 0 2.0
71 10 0 4.0
303 0 0 3.75
49 2 0 3.5
303 10 0 4.0
332 2 0 3.0
316 12 0 3.0
331 22 0 2.75
316 20 0 4.0
176 19 0 3.75
115 25 0 2.75
205 30 0 3.25
127 24 0 2.0
263 2 0 2.5
265 20 0 2.5
278 27 0 3.0
273 27 0 3.75
217 4 0 2.25
281 21 0 2.25
101 17 0 2.0
176 19 0 2.25
284 4 0 3.25
89 28 0 2.25
20 19 0 3.75
232 20 0 3.5
259 22 0 2.5
259 8 0 2.75
105 5 0 2.0
46 13 0 2.75
121 15 0 2.0
329 18 0 4.0
278 17 0 2.0
90 26 0 3.25
42 23 0 2.0
299 6 0 2.75
133 1 0 3.5
167 13 0 2.5
308 10 0 2.25
89 25 0 3.5
246 26 0 2.75
323 19 0 4.0
285 7 0 3.25
187 30 0 2.25
100 3 0 4.0
125 25 0 2.25
293 18 0 2.75
333 30 0 3.0
106 12 0 2.0
24 11 0 2.0
144 10 0 2.5
239 7 0 2.5
31 13 0 2.5
184 9 0 3.5
158 17 0 2.25
342 9 0 3.0
142 24 0 2.5
24 19 0 2.0
96 21 0 2.75
342 6 0 2.0
189 29 0 3.25
3 15 0 3.5
117 13 0 2.75
14 23 0 3.25
181 31 0 3.75
249 27 0 2.5
171 9 0 3.5
119 22 0 2.5
150 2 0 2.75
71 16 0 2.75
207 0 0 2.0
189 2 0 2.0
184 5 0 3.5
209 2 0 3.5
348 10 0 2.25
82 9 0 4.0
55 25 0 3.25
225 11 0 2.25
115 27 0 2.75
146 22 0 3.25
266 16 0 3.5
327 23 0 2.25
335 7 0 2.5
99 30 0 3.5
284 1 0 3.25
182 5 0 3.0
325 3 0 3.25
238 73 0 2.75
313 22 0 3.75
79 4 0 3.75
296 3 0 3.25
300 42 0 4.0
48 13 0 3.25
24 5 0 3.75
145 16 0 3.25
61 17 0 3.75
61 14 0 2.75
71 16 0 3.25
16 12 0 2.75
159 15 0 4.0
299 14 0 4.0
87 19 0 3.25
270 22 0 4.0
113 20 0 2.0
356 27 0 3.25
144 18 0 3.0
252 27 0 3.25
317 4 0 3.5
338 59 0 2.5
267 45 0 3.0
72 58 0 3.5
127 26 0 4.0
317 6 0 3.75
18 15 0 3.75
266 21 0 4.0
313 12 0 3.25
162 10 0 2.5
254 20 0 3.5
179 4 0 4.0
348 11 0 3.75
240 12 0 4.0
185 0 0 4.0
253 21 0 3.0
5 20 0 3.5
348 10 0 2.0
348 13 0 3.0
170 0 0 3.75
327 1 0 3.25
202 5 0 3.25
57 27 0 3.75
211 25 0 2.25
130 7 0 2.75
119 2 0 2.5
182 6 0 2.75
333 21 0 3.25
122 2 0 2.0
212 14 0 2.75
165 20 0 2.0
148 9 0 3.5
159 7 0 3.5
56 0 0 2.75
38 30 0 2.5
40 2 0 3.5
304 8 0 2.25
30 28 0 3.5
312 21 0 2.25
207 14 0 3.0
107 5 0 3.25
39 17 0 3.75
240 18 0 3.25
55 3 0 4.0
6 4 0 3.25
253 15 0 2.25
273 0 0 2.5
238 28 0 3.25
137 21 0 2.0
7 1 0 2.25
17 29 0 2.75
49 19 0 2.5
243 2 0 2.0
108 20 0 2.25
117 9 0 3.75
54 10 0 3.5
56 22 0 2.25
175 9 0 2.0
302 25 0 3.25
315 28 0 3.25
116 18 0 3.25
211 24 0 2.0
125 24 0 4.0
41 30 0 2.75
138 4 0 3.5
271 21 0 2.75
201 4 0 3.75
1 16 0 3.5
258 18 0 4.0
152 25 0 2.75
245 20 0 3.0
333 22 0 2.0
83 15 0 2.0
351 27 0 2.75
237 26 0 3.0
16 25 0 3.75
319 2 0 2.75
162 1 0 3.0
317 53 0 3.0
303 25 0 3.5
223 16 0 3.75
5 1 0 2.75
51 18 0 4.0
228 19 0 4.0
309 22 0 2.75
322 26 0 2.25
228 42 0 3.75
251 17 0 4.0
178 22 0 3.75
111 25 0 2.75
1 13 0 4.0
62 10 0 3.25
234 20 0 3.25
266 28 0 2.25
269 7 0 2.25
37 30 0 3.25
261 0 0 3.5
272 1 0 2.75
257 1 0 3.25
60 13 0 3.0
25 1 0 3.0
168 44 0 3.25
120 17 0 3.25
75 4 0 3.75
346 7 0 2.75
81 30 0 3.0
194 22 0 3.75
213 8 0 2.5
296 17 0 2.75
359 30 0 3.75
41 18 0 2.75
86 20 0 4.0
339 8 0 3.0
121 20 0 2.75
284 25 0 3.75
118 25 0 2.0
275 58 0 3.25
123 14 0 4.0
315 10 0 4.0
155 26 0 3.25
130 7 0 3.0
229 26 0 2.0
129 14 0 4.0
217 0 0 3.75
350 30 0 3.5
181 23 0 3.75
59 13 0 3.0
199 18 0 2.25
23 50 0 3.5
117 8 0 4.0
325 30 0 2.0
17 4 0 3.25
121 26 0 3.5
90 7 0 3.0
185 27 0 2.0
110 16 0 2.0
128 0 0 4.0
61 12 0 3.25
180 2 0 2.5
99 29 0 2.5
352 15 0 3.5
217 11 0 2.75
202 8 0 3.5
98 28 0 4.0
232 24 0 2.25
220 3 0 3.0
91 24 0 3.5
246 30 0 3.25
100 4 0 2.75
27 20 0 2.5
296 17 0 4.0
48 8 0 4.0
250 4 0 3.75
232 16 0 2.5
20 29 0 3.5
296 8 0 3.75
290 3 0 2.75
243 8 0 3.0
88 15 0 3.0
79 1 0 3.75
356 10 0 2.5
227 27 0 2.75
160 3 0 3.5
274 26 0 3.5
337 10 0 3.25
292 0 0 3.75
263 18 0 3.75
104 24 0 2.75
290 5 0 3.0
61 30 0 2.5
61 0 0 2.5
331 4 0 2.25
115 16 0 4.0
352 2 0 2.75
57 28 0 2.25
123 24 0 2.5
145 4 0 3.75
46 5 0 2.75
226 19 0 2.75
179 21 0 2.75
300 21 0 2.5
72 3 0 3.0
85 0 0 2.0
8 24 0 2.0
99 28 0 4.0
341 30 0 4.0
290 16 0 4.0
149 8 0 3.25
139 78 0 3.0
1 4 0 2.5
302 38 0 2.75
176 15 0 3.25
274 14 0 3.5
239 28 0 2.25
223 21 0 2.75
61 3 0 3.5
152 3 0 3.5
183 27 0 3.5
319 20 0 3.75
70 8 0 3.75
261 4 0 2.0
274 12 0 2.25
95 20 0 3.0
223 22 0 2.75
262 13 0 4.0
82 27 0 3.75
116 20 0 4.0
344 42 0 2.0
131 26 0 3.5
95 16 0 3.75
310 7 0 2.5
349 9 0 3.75
182 9 0 3.25
206 18 0 2.5
353 5 0 2.5
35 26 0 3.0
49 18 0 2.0
98 25 0 3.25
308 25 0 4.0
345 5 0 2.75
206 29 0 3.75
195 16 0 2.25
297 20 0 4.0
201 23 0 2.5
72 11 0 2.0
349 25 0 2.0
77 24 0 4.0
71 22 0 3.0
297 54 0 3.25
293 25 0 3.25
58 30 0 3.75
211 3 0 3.5
6 2 0 2.5
32 30 0 3.0
10 28 0 3.75
2 16 0 2.25
308 21 0 2.0
89 3 0 3.75
291 2 0 4.0
322 3 0 4.0
344 26 0 2.5
91 1 0 2.5
336 14 0 2.25
16 13 0 3.25
177 10 0 3.5
83 33 0 4.0
216 16 0 2.5
358 5 0 2.0
20 6 0 3.25
357 22 0 2.25
178 23 0 4.0
278 12 0 2.0
117 11 0 2.0
327 23 0 3.5
262 27 0 3.5
76 22 0 2.5
203 0 0 3.5
225 20 0 2.5
224 30 0 3.0
131 10 0 3.25
332 25 0 4.0
