218 14 0 2.5
114 29 0 3.0
22 22 0 3.5
139 3 0 2.75
291 3 0 2.0
324 11 0 3.0
232 13 0 3.25
154 3 0 3.5
265 20 0 2.25
169 20 0 3.75
289 30 0 2.5
251 4 0 2.0
297 3 0 2.25
47 32 0 3.25
83 41 0 2.5
144 26 0 3.25
99 8 0 4.0
335 9 0 2.75
149 0 0 3.25
109 5 0 3.5
76 26 0 2.5
168 13 0 3.75
61 29 0 3.5
35 7 0 2.75
306 25 0 3.0
276 0 0 2.25
284 9 0 2.25
201 25 0 2.0
0 28 0 3.75
189 25 0 4.0
248 14 0 2.25
197 15 0 3.0
178 19 0 2.0
242 9 0 3.0
65 5 0 2.25
29 0 0 3.0
347 22 0 4.0
226 25 0 3.0
291 28 0 4.0
88 24 0 2.75
345 2 0 2.75
97 23 0 2.0
32 8 0 4.0
352 26 0 2.25
84 28 0 3.5
1 2 0 3.5
157 19 0 4.0
172 6 0 3.5
147 5 0 3.5
252 7 0 4.0
42 25 0 3.75
272 14 0 3.5
25 25 0 3.5
156 3 0 2.75
243 20 0 2.75
155 29 0 2.75
226 14 0 4.0
322 14 0 2.0
4 26 0 2.75
78 0 0 4.0
328 8 0 3.25
40 23 0 3.5
82 15 0 2.25
299 19 0 3.75
316 23 0 4.0
69 3 0 3.0
167 7 0 2.5
309 27 0 2.75
153 16 0 2.5
328 24 0 3.75
116 22 0 2.0
79 3 0 3.25
312 27 0 3.0
233 5 0 3.75
87 16 0 4.0
293 28 0 3.0
73 54 0 3.25
284 16 0 3.75
327 20 0 2.5
153 47 0 2.5
78 44 0 3.75
26 10 0 2.75
312 19 0 4.0
350 50 0 2.75
25 14 0 3.75
279 13 0 3.25
101 14 0 3.75
123 4 0 4.0
177 10 0 2.25
6 21 0 3.0
215 15 0 2.5
49 12 0 4.0
277 25 0 3.25
295 24 0 4.0
312 27 0 2.5
119 5 0 4.0
311 0 0 3.25
337 3 0 3.0
357 16 0 3.0
352 29 0 3.5
133 23 0 3.25
321 10 0 3.25
142 12 0 3.0
253 4 0 2.5
80 4 0 2.25
300 17 0 4.0
108 23 0 2.75
229 11 0 3.0
12 7 0 2.5
33 19 0 3.0
148 8 0 2.0
278 12 0 2.5
238 24 0 2.25
247 18 0 2.0
359 24 0 2.0
276 41 0 2.0
18 22 0 3.25
359 13 0 2.75
336 11 0 2.5
77 16 0 3.25
270 50 0 3.25
222 22 0 3.75
43 3 0 3.25
242 24 0 3.25
217 20 0 4.0
114 3 0 2.5
257 19 0 2.5
70 1 0 2.5
218 13 0 3.25
120 10 0 2.5
121 55 0 3.75
95 25 0 3.5
28 30 0 2.5
117 29 0 3.5
199 18 0 2.0
286 24 0 3.25
175 8 0 3.25
246 1 0 2.0
112 18 0 3.5
78 30 0 3.75
249 2 0 3.0
208 6 0 2.25
24 15 0 4.0
239 12 0 2.5
226 48 0 4.0
218 3 0 2.25
173 25 0 3.25
161 22 0 3.5
30 28 0 4.0
350 1 0 2.25
53 22 0 2.75
12 1 0 4.0
148 7 0 2.5
151 21 0 3.5
95 3 0 2.75
50 19 0 3.0
294 15 0 2.5
172 30 0 4.0
343 27 0 3.5
77 20 0 3.75
236 28 0 4.0
0 34 0 3.25
214 16 0 4.0
148 30 0 2.25
135 2 0 4.0
29 0 0 2.75
125 4 0 3.0
73 60 0 2.0
289 8 0 2.0
69 3 0 3.25
181 25 0 3.75
58 26 0 3.75
90 49 0 2.75
98 4 0 2.0
70 18 0 3.25
288 1 0 2.5
220 27 0 4.0
283 23 0 3.75
260 61 0 3.75
127 2 0 4.0
318 10 0 3.0
202 23 0 3.0
203 10 0 3.75
269 1 0 2.5
159 22 0 2.75
166 25 0 2.75
49 20 0 3.25
86 19 0 2.5
89 8 0 2.5
207 11 0 3.75
135 12 0 3.25
201 1 0 4.0
236 20 0 2.0
87 20 0 3.25
277 14 0 3.75
80 3 0 3.5
15 16 0 2.5
316 19 0 2.0
10 23 0 4.0
355 13 0 3.0
177 23 0 3.75
8 18 0 3.75
44 7 0 3.25
194 30 0 2.0
161 19 0 3.75
48 15 0 3.25
358 12 0 3.0
275 8 0 3.25
215 1 0 2.5
180 28 0 3.5
308 1 0 3.75
203 4 0 4.0
233 6 0 2.25
77 17 0 3.0
331 6 0 3.75
352 20 0 3.25
346 30 0 2.5
74 18 0 2.0
325 22 0 3.25
322 27 0 2.0
354 12 0 2.5
236 16 0 2.25
68 3 0 4.0
27 37 0 2.75
306 5 0 3.0
40 19 0 2.25
24 25 0 3.5
213 0 0 2.75
152 75 0 3.0
58 7 0 3.25
343 23 0 2.0
193 22 0 4.0
42 1 0 3.75
272 7 0 3.0
233 19 0 2.5
174 15 0 4.0
328 26 0 2.75
291 31 0 3.75
228 8 0 3.25
317 15 0 2.75
229 26 0 2.5
341 2 0 4.0
69 27 0 4.0
331 9 0 3.25
173 18 0 3.75
162 30 0 4.0
257 5 0 2.25
119 10 0 3.5
152 26 0 3.25
336 27 0 4.0
332 23 0 3.75
30 9 0 4.0
81 30 0 2.25
38 24 0 2.0
228 8 0 3.0
304 26 0 2.25
282 7 0 3.75
78 3 0 2.25
110 1 0 3.5
8 27 0 3.75
64 15 0 2.75
336 19 0 4.0
320 23 0 2.0
241 9 0 4.0
197 14 0 3.25
347 30 0 3.75
286 6 0 3.0
63 15 0 2.75
278 3 0 3.75
318 30 0 3.0
352 3 0 3.5
79 8 0 2.5
242 14 0 3.75
352 16 0 2.75
71 16 0 3.75
328 3 0 3.0
235 5 0 3.0
282 18 0 3.5
8 16 0 3.5
119 16 0 2.5
256 8 0 3.5
352 10 0 4.0
124 16 0 3.75
252 27 0 3.5
119 19 0 2.0
227 26 0 2.75
1 30 0 2.5
103 10 0 2.75
145 8 0 3.25
50 25 0 3.75
217 12 0 2.25
36 12 0 3.25
8 1 0 3.25
165 9 0 3.75
152 6 0 3.5
176 4 0 2.0
320 18 0 3.25
38 26 0 2.0
131 15 0 3.25
120 12 0 2.0
212 28 0 2.0
170 28 0 2.75
348 12 0 2.0
70 6 0 2.25
111 25 0 2.75
17 20 0 2.0
261 17 0 2.25
155 26 0 3.0
251 17 0 2.0
44 12 0 2.25
145 2 0 3.0
274 3 0 2.5
115 8 0 3.25
32 25 0 3.25
202 24 0 2.25
326 28 0 2.5
205 27 0 3.5
291 26 0 2.0
341 12 0 2.75
109 25 0 3.75
200 10 0 3.75
43 27 0 3.0
105 27 0 3.5
288 16 0 2.0
39 42 0 3.25
336 26 0 3.75
339 6 0 3.25
128 3 0 2.75
192 22 0 3.5
241 14 0 2.5
99 19 0 2.5
177 7 0 3.5
195 13 0 2.25
153 1 0 3.75
259 4 0 2.0
323 28 0 4.0
107 12 0 4.0
180 21 0 2.75
61 54 0 3.0
339 18 0 3.25
164 29 0 2.5
230 17 0 3.25
117 22 0 3.75
276 20 0 3.5
284 17 0 2.5
86 29 0 2.25
294 4 0 2.25
247 18 0 2.25
208 10 0 3.25
181 28 0 2.5
218 5 0 2.75
169 7 0 3.5
23 5 0 4.0
61 6 0 2.5
159 6 0 3.75
48 6 0 3.0
191 2 0 3.25
20 67 0 2.5
68 22 0 3.75
151 1 0 3.0
316 4 0 3.5
157 1 0 4.0
190 28 0 2.5
341 7 0 3.5
42 22 0 2.5
11 1 0 4.0
64 12 0 3.25
159 10 0 3.75
124 19 0 4.0
299 11 0 2.5
269 26 0 4.0
89 1 0 3.5
288 25 0 2.75
122 29 0 2.0
126 28 0 3.0
102 2 0 3.5
181 26 0 3.0
328 19 0 2.5
290 1 0 2.75
158 21 0 3.0
273 25 0 3.75
47 30 0 3.5
227 54 0 3.25
211 10 0 2.5
236 18 0 3.75
171 15 0 2.0
229 37 0 2.25
321 3 0 3.75
241 13 0 3.5
301 6 0 3.5
140 49 0 4.0
321 19 0 3.5
235 14 0 2.5
36 36 0 2.5
147 57 0 2.5
219 16 0 2.75
51 6 0 3.0
109 23 0 2.25
308 19 0 2.0
190 4 0 3.75
51 5 0 2.5
275 18 0 2.5
221 0 0 4.0
147 9 0 4.0
170 0 0 3.75
240 18 0 3.5
68 28 0 2.0
247 4 0 2.0
107 24 0 3.75
333 15 0 3.75
136 17 0 4.0
291 28 0 3.75
38 13 0 2.75
150 8 0 2.0
136 19 0 3.75
347 28 0 3.75
161 24 0 3.0
4 35 0 4.0
205 1 0 3.0
300 22 0 3.75
206 9 0 2.25
37 17 0 3.5
252 46 0 3.25
42 24 0 2.0
320 22 0 2.5
334 8 0 3.25
246 26 0 3.0
8 13 0 3.25
53 10 0 3.5
182 28 0 4.0
37 24 0 3.0
98 30 0 2.5
290 15 0 4.0
358 13 0 3.5
122 6 0 3.0
299 21 0 3.0
215 16 0 3.5
243 30 0 3.5
119 0 0 2.75
331 19 0 3.0
186 28 0 3.0
263 24 0 3.25
221 17 0 3.5
41 5 0 4.0
1 3 0 2.5
85 9 0 3.5
259 28 0 2.75
89 4 0 2.0
343 29 0 2.5
45 2 0 3.0
151 4 0 2.0
118 8 0 3.5
164 19 0 2.25
255 29 0 4.0
68 14 0 2.0
24 19 0 3.5
24 9 0 4.0
25 1 0 2.25
297 14 0 2.25
271 10 0 2.0
341 7 0 3.25
345 13 0 3.75
332 4 0 2.25
238 4 0 2.25
100 25 0 3.75
198 17 0 4.0
277 10 0 3.25
235 29 0 3.75
236 3 0 3.0
275 25 0 2.5
145 15 0 2.0
59 21 0 2.75
290 7 0 2.75
254 25 0 4.0
213 4 0 2.75
175 2 0 3.75
220 21 0 2.5
218 22 0 2.0
220 58 0 2.5
235 30 0 3.5
231 19 0 2.5
29 14 0 3.25
50 14 0 3.0
50 19 0 3.5
224 6 0 3.75
73 1 0 2.0
227 48 0 3.5
61 3 0 3.75
317 8 0 2.75
184 62 0 3.0
302 4 0 2.0
102 5 0 3.25
220 16 0 4.0
5 18 0 2.5
123 30 0 3.75
213 7 0 3.0
313 8 0 2.0
178 20 0 3.25
245 18 0 3.0
214 0 0 2.75
143 21 0 2.75
272 7 0 3.75
271 27 0 3.25
205 14 0 3.0
83 9 0 2.5
46 33 0 2.25
208 16 0 2.0
260 28 0 2.5
233 28 0 2.75
53 22 0 3.25
97 21 0 2.0
177 28 0 3.0
204 1 0 3.5
157 12 0 2.0
194 12 0 2.0
359 15 0 3.75
331 3 0 2.5
325 28 0 2.75
359 30 0 2.25
305 25 0 3.75
52 7 0 2.75
2 28 0 2.5
112 26 0 3.75
57 20 0 3.25
312 9 0 3.75
17 15 0 2.5
153 15 0 3.0
258 27 0 3.5
78 24 0 3.25
117 23 0 3.75
314 11 0 3.5
97 4 0 3.25
255 8 0 2.5
322 20 0 3.0
285 8 0 3.5
8 14 0 2.0
182 4 0 2.5
16 11 0 2.5
101 5 0 2.25
14 13 0 2.75
0 6 0 4.0
92 5 0 2.75
258 35 0 2.5
295 7 0 2.5
340 18 0 4.0
59 29 0 3.0
189 28 0 2.25
302 16 0 4.0
168 4 0 2.0
330 2 0 3.5
30 12 0 4.0
264 8 0 4.0
32 10 0 4.0
198 30 0 3.5
68 20 0 2.25
331 8 0 3.75
49 16 0 2.25
178 17 0 2.0
104 6 0 2.5
333 21 0 3.75
77 7 0 3.5
143 18 0 3.0
188 24 0 4.0
30 20 0 3.0
135 12 0 2.5
33 14 0 3.75
144 0 0 3.25
310 13 0 3.5
97 34 0 2.5
129 19 0 3.25
233 17 0 3.25
49 15 0 3.5
156 20 0 3.5
300 13 0 3.5
245 1 0 3.75
0 9 0 3.25
298 0 0 2.25
188 13 0 2.25
194 3 0 3.5
268 8 0 3.5
82 0 0 3.25
33 2 0 3.75
50 30 0 3.75
263 10 0 3.0
10 66 0 4.0
5 18 0 3.25
74 25 0 2.0
141 17 0 3.0
300 26 0 4.0
159 16 0 3.5
51 58 0 2.75
240 16 0 2.75
207 54 0 4.0
8 10 0 2.5
322 23 0 3.75
7 39 0 3.75
269 20 0 3.25
308 2 0 2.5
262 12 0 2.25
77 10 0 2.75
25 7 0 2.75
115 18 0 2.5
15 20 0 3.25
125 8 0 2.75
148 24 0 2.0
130 27 0 4.0
112 29 0 3.75
3 14 0 2.75
236 21 0 3.5
49 6 0 2.75
327 4 0 4.0
343 5 0 4.0
227 11 0 3.0
247 0 0 2.0
74 1 0 3.75
179 14 0 3.25
30 22 0 3.75
204 1 0 3.0
134 20 0 4.0
9 30 0 3.25
279 28 0 2.0
202 4 0 3.0
205 25 0 2.5
62 8 0 3.25
211 29 0 3.25
142 21 0 2.0
160 19 0 3.0
144 17 0 2.25
20 17 0 2.0
187 48 0 2.75
13 17 0 4.0
56 6 0 3.0
1 16 0 3.25
271 27 0 4.0
77 2 0 3.25
235 26 0 3.75
358 21 0 2.0
189 26 0 2.25
119 2 0 3.5
210 29 0 2.75
66 7 0 4.0
67 7 0 2.0
94 12 0 3.75
252 18 0 4.0
111 24 0 4.0
25 12 0 2.25
46 24 0 2.25
259 30 0 2.5
184 28 0 2.75
275 23 0 2.25
194 13 0 3.75
211 44 0 2.25
359 9 0 3.75
109 22 0 2.0
200 7 0 3.75
32 4 0 2.25
144 5 0 3.0
293 12 0 2.0
336 18 0 3.25
147 8 0 2.75
225 25 0 3.25
181 12 0 3.5
278 5 0 2.5
309 2 0 3.75
250 26 0 4.0
246 28 0 3.25
170 9 0 3.25
300 27 0 2.0
80 19 0 2.75
309 28 0 3.0
240 9 0 2.0
194 24 0 2.75
18 14 0 2.0
302 23 0 2.75
2 2 0 2.25
117 2 0 2.5
241 15 0 3.0
107 0 0 2.0
291 2 0 3.0
143 17 0 3.5
280 29 0 2.75
94 17 0 3.0
172 11 0 3.0
32 18 0 2.25
83 7 0 3.75
27 25 0 3.25
11 30 0 3.0
57 28 0 2.0
240 13 0 2.75
18 23 0 2.75
40 14 0 3.5
199 17 0 3.75
120 24 0 3.5
75 14 0 4.0
221 0 0 3.0
332 24 0 2.25
80 3 0 4.0
323 4 0 2.25
287 7 0 2.25
99 4 0 2.75
83 51 0 3.0
326 7 0 3.5
38 19 0 3.0
268 78 0 3.25
43 22 0 3.0
30 15 0 3.5
327 21 0 4.0
58 21 0 3.0
250 19 0 3.5
299 15 0 2.25
269 26 0 3.0
317 1 0 3.0
81 26 0 3.75
218 8 0 2.5
72 17 0 3.75
229 21 0 3.0
57 26 0 2.25
231 9 0 3.0
94 16 0 3.25
98 2 0 3.75
357 23 0 3.5
27 15 0 3.0
202 13 0 2.25
88 23 0 2.0
136 28 0 3.0
328 29 0 2.25
349 20 0 2.75
115 25 0 2.75
297 9 0 2.0
221 29 0 3.25
162 17 0 2.25
115 11 0 3.75
258 4 0 3.25
352 20 0 3.5
259 22 0 2.0
57 6 0 3.0
38 3 0 3.25
28 7 0 2.75
116 7 0 2.25
217 12 0 2.75
111 9 0 2.5
56 20 0 3.75
264 9 0 2.25
8 8 0 3.0
295 6 0 2.25
193 23 0 2.5
334 12 0 3.25
113 3 0 2.75
124 1 0 4.0
320 12 0 3.0
71 13 0 3.0
121 3 0 2.0
314 6 0 2.25
65 22 0 3.5
1 15 0 2.0
21 19 0 2.25
322 79 0 2.25
276 15 0 3.5
85 30 0 3.75
347 4 0 3.75
112 5 0 2.0
259 5 0 3.25
257 19 0 3.75
162 24 0 3.75
175 20 0 4.0
117 1 0 3.75
55 20 0 3.5
78 56 0 3.75
310 4 0 3.25
117 13 0 3.75
245 0 0 2.75
65 8 0 2.5
127 5 0 2.25
205 7 0 3.25
108 21 0 3.75
339 15 0 3.5
41 3 0 3.75
113 5 0 3.75
301 3 0 4.0
109 12 0 3.25
11 11 0 3.25
216 2 0 4.0
112 30 0 2.0
256 25 0 3.0
57 55 0 3.75
350 17 0 2.5
128 7 0 2.75
80 19 0 2.5
106 7 0 2.25
338 0 0 2.5
269 19 0 4.0
223 14 0 4.0
92 30 0 2.25
25 29 0 2.5
59 15 0 3.5
252 14 0 2.75
346 13 0 2.0
71 30 0 3.0
265 30 0 3.75
194 5 0 3.25
200 29 0 3.5
269 27 0 3.25
193 28 0 2.75
84 7 0 2.5
155 14 0 2.5
145 17 0 3.25
293 29 0 2.5
117 5 0 2.25
14 18 0 2.5
209 20 0 3.5
143 30 0 4.0
115 28 0 3.25
236 26 0 3.75
333 43 0 2.0
357 27 0 2.5
193 3 0 2.0
274 21 0 2.0
189 21 0 2.25
172 20 0 2.75
280 28 0 2.0
80 15 0 4.0
117 65 0 2.5
136 0 0 2.25
82 21 0 2.75
84 21 0 4.0
116 44 0 2.25
180 1 0 3.75
103 21 0 2.0
110 15 0 3.5
287 20 0 3.75
321 6 0 2.75
160 15 0 2.75
336 14 0 2.25
281 21 0 2.25
55 21 0 3.0
120 29 0 3.0
121 3 0 3.75
242 23 0 2.25
309 8 0 2.75
225 0 0 2.25
75 29 0 4.0
138 14 0 3.0
189 6 0 3.75
214 27 0 2.0
265 29 0 4.0
302 3 0 2.0
182 3 0 3.75
323 12 0 3.0
310 7 0 3.5
124 20 0 4.0
6 25 0 3.75
221 22 0 4.0
112 15 0 2.25
289 16 0 3.25
189 2 0 4.0
227 5 0 2.75
307 27 0 4.0
350 4 0 3.5
279 29 0 3.0
281 14 0 2.75
118 16 0 3.0
294 6 0 2.0
59 21 0 3.5
167 7 0 3.5
236 46 0 3.75
186 18 0 2.0
86 1 0 3.0
277 1 0 3.75
223 0 0 3.75
206 14 0 2.5
96 20 0 2.0
217 9 0 3.75
297 2 0 3.0
349 29 0 4.0
0 18 0 3.0
158 27 0 4.0
51 8 0 2.75
244 7 0 3.25
215 26 0 2.75
208 24 0 2.25
83 27 0 2.5
73 21 0 3.0
206 40 0 3.5
84 20 0 3.0
194 18 0 3.5
219 3 0 2.5
243 5 0 3.5
76 10 0 2.75
168 7 0 3.5
10 17 0 3.75
66 28 0 3.75
218 1 0 2.75
221 12 0 3.5
56 1 0 2.0
253 7 0 2.0
157 17 0 3.0
295 21 0 3.25
287 10 0 3.25
13 13 0 3.5
29 7 0 2.0
331 5 0 3.0
160 14 0 3.25
292 0 0 2.25
139 21 0 2.75
19 4 0 2.75
162 20 0 3.25
318 6 0 3.25
120 25 0 2.5
254 26 0 2.25
98 74 0 2.75
345 24 0 2.75
309 3 0 2.25
341 27 0 3.5
301 24 0 3.0
153 0 0 3.75
226 18 0 2.75
135 9 0 3.5
280 22 0 2.0
353 8 0 4.0
183 27 0 2.0
62 30 0 3.0
101 2 0 2.5
164 25 0 2.25
246 24 0 3.0
245 15 0 4.0
177 10 0 2.5
212 11 0 2.0
44 10 0 2.0
172 13 0 2.0
257 5 0 3.25
193 43 0 2.5
256 23 0 3.5
10 8 0 2.25
173 0 0 3.75
176 2 0 3.5
185 30 0 2.25
308 18 0 2.0
52 22 0 2.5
151 15 0 2.5
251 23 0 2.5
306 14 0 2.75
181 8 0 3.25
125 17 0 2.75
318 30 0 4.0
302 20 0 3.75
160 8 0 2.75
262 30 0 2.75
238 15 0 4.0
61 14 0 3.5
183 5 0 2.25
68 14 0 3.0
175 19 0 2.25
20 23 0 3.5
18 57 0 3.0
310 20 0 3.25
359 11 0 4.0
301 18 0 3.75
177 4 0 4.0
229 11 0 2.5
140 3 0 3.0
291 12 0 3.75
359 10 0 4.0
271 63 0 2.25
120 18 0 4.0
90 27 0 2.0
258 27 0 3.0
253 27 0 4.0
66 10 0 4.0
348 22 0 2.0
46 15 0 3.5
238 29 0 3.0
230 5 0 3.5
263 23 0 3.25
192 21 0 2.75
233 60 0 3.75
197 7 0 4.0
293 22 0 3.25
54 29 0 2.25
316 11 0 2.75
330 18 0 2.75
218 17 0 2.25
182 14 0 2.25
200 19 0 2.75
243 25 0 2.5
107 0 0 3.5
269 35 0 3.25
17 14 0 2.0
34 22 0 3.0
320 30 0 4.0
165 20 0 3.5
101 0 0 3.25
313 24 0 2.0
357 21 0 3.75
61 4 0 3.25
288 10 0 2.0
99 5 0 2.75
281 26 0 3.75
127 7 0 3.25
301 8 0 2.25
118 11 0 2.75
90 12 0 2.5
40 28 0 2.25
274 11 0 2.25
133 8 0 4.0
309 75 0 2.5
260 3 0 3.25
177 28 0 4.0
237 30 0 3.75
258 20 0 2.75
29 27 0 3.5
94 3 0 3.5
324 2 0 4.0
132 6 0 2.0
253 1 0 2.0
33 17 0 4.0
335 5 0 2.75
264 12 0 2.75
37 26 0 3.5
342 24 0 2.25
260 2 0 3.25
78 7 0 3.5
45 24 0 3.0
201 24 0 2.5
268 28 0 2.75
150 13 0 3.5
323 7 0 3.25
342 9 0 2.75
22 37 0 3.5
278 19 0 2.25
81 23 0 3.0
313 23 0 3.25
124 24 0 2.5
61 0 0 2.5
257 2 0 2.5
318 20 0 2.0
161 4 0 2.5
136 23 0 2.75
293 12 0 3.5
259 15 0 3.0
11 22 0 3.5
6 53 0 2.25
250 10 0 3.75
91 3 0 3.0
285 16 0 2.0
106 21 0 3.25
298 4 0 2.5
274 5 0 3.5
230 22 0 4.0
5 30 0 2.0
108 1 0 2.0
127 29 0 2.5
56 24 0 2.5
100 6 0 3.5
88 0 0 2.25
116 17 0 2.5
188 7 0 2.0
200 28 0 2.5
119 4 0 2.25
182 24 0 4.0
32 27 0 3.25
300 19 0 3.5
294 5 0 3.25
117 23 0 2.0
106 51 0 2.25
31 26 0 3.0
270 14 0 3.0
330 14 0 2.25
166 9 0 2.75
217 21 0 2.25
167 8 0 2.5
350 9 0 2.0
301 16 0 2.5
107 9 0 3.0
315 15 0 3.5
338 25 0 2.75
236 30 0 2.5
186 34 0 2.75
277 1 0 2.0
134 2 0 4.0
43 5 0 4.0
262 38 0 2.5
317 17 0 2.0
25 6 0 2.75
236 1 0 3.0
158 0 0 2.75
26 15 0 3.5
281 15 0 2.75
162 23 0 3.75
61 29 0 2.25
275 4 0 2.75
253 15 0 2.75
347 29 0 3.25
195 49 0 4.0
69 3 0 2.25
282 15 0 3.5
33 18 0 3.75
79 6 0 3.5
305 26 0 3.5
194 10 0 2.75
72 3 0 2.25
324 23 0 2.0
184 8 0 3.25
15 12 0 2.75
34 7 0 2.5
334 24 0 2.5
74 32 0 3.0
48 8 0 2.25
234 9 0 4.0
235 27 0 2.75
45 28 0 3.0
69 9 0 3.0
177 50 0 2.0
133 11 0 3.5
246 2 0 2.0
268 10 0 4.0
256 0 0 3.0
223 54 0 3.75
191 27 0 3.5
328 1 0 2.0
312 47 0 3.75
205 3 0 3.75
296 35 0 3.25
325 10 0 2.25
171 14 0 2.25
56 22 0 2.75
137 0 0 3.75
353 20 0 3.25
34 10 0 2.25
285 22 0 2.75
154 4 0 3.5
89 13 0 2.5
359 25 0 3.75
111 1 0 2.0
138 14 0 2.25
130 22 0 3.0
33 51 0 2.75
124 28 0 3.0
326 7 0 2.75
39 23 0 3.25
202 21 0 2.5
311 23 0 3.0
202 3 0 2.5
58 1 0 2.75
255 23 0 4.0
275 6 0 4.0
170 14 0 3.5
246 8 0 4.0
290 8 0 3.5
302 2 0 3.25
267 25 0 2.25
126 15 0 2.75
195 23 0 2.0
149 14 0 2.5
204 20 0 4.0
200 17 0 2.0
119 6 0 2.5
48 3 0 3.5
63 6 0 3.75
229 8 0 2.5
104 28 0 2.0
43 17 0 2.0
8 27 0 4.0
16 19 0 3.5
142 11 0 2.5
69 19 0 2.0
278 65 0 3.0
229 15 0 2.0
56 4 0 2.0
8 16 0 2.0
358 16 0 3.75
83 23 0 3.0
146 0 0 3.75
311 6 0 3.5
108 35 0 3.25
197 7 0 2.5
206 11 0 2.5
260 28 0 3.5
122 22 0 2.25
153 7 0 3.0
317 4 0 2.25
351 29 0 3.25
201 20 0 3.25
167 30 0 2.0
339 0 0 2.75
172 18 0 2.75
222 43 0 3.5
12 6 0 2.25
87 4 0 3.75
184 26 0 4.0
321 14 0 2.25
248 5 0 4.0
234 18 0 2.25
355 7 0 2.5
56 8 0 3.0
17 19 0 3.25
232 1 0 3.0
102 40 0 2.0
154 5 0 2.75
259 14 0 2.75
164 8 0 3.25
251 11 0 2.25
266 7 0 3.25
316 6 0 3.25
165 14 0 3.75
231 6 0 2.0
229 25 0 3.25
158 13 0 3.25
345 13 0 2.25
259 23 0 2.25
219 30 0 2.75
109 0 0 3.25
319 18 0 2.0
175 29 0 3.75
155 27 0 2.25
266 28 0 2.75
214 23 0 2.75
151 14 0 2.0
356 8 0 3.5
100 18 0 3.0
154 25 0 2.0
344 9 0 3.25
262 22 0 3.25
81 19 0 3.25
113 10 0 3.5
50 5 0 4.0
290 19 0 2.25
43 15 0 2.0
241 13 0 3.0
129 15 0 2.0
59 6 0 3.0
264 6 0 2.75
183 15 0 4.0
100 8 0 2.0
270 1 0 4.0
323 11 0 3.75
241 19 0 2.25
209 0 0 3.5
71 4 0 4.0
303 25 0 2.5
317 2 0 3.5
166 7 0 4.0
28 28 0 2.25
15 2 0 3.25
300 21 0 2.5
256 19 0 3.5
45 25 0 3.25
185 25 0 2.5
243 29 0 4.0
36 4 0 3.5
123 27 0 2.75
323 0 0 3.5
243 27 0 3.25
224 14 0 3.75
93 13 0 3.5
205 28 0 2.5
175 6 0 2.0
180 14 0 2.75
111 17 0 3.75
183 19 0 3.0
166 10 0 2.5
93 8 0 2.75
289 47 0 3.25
49 1 0 3.75
167 29 0 3.5
323 18 0 4.0
115 11 0 2.25
245 2 0 4.0
302 28 0 2.5
116 30 0 2.75
265 35 0 3.25
12 30 0 2.5
59 8 0 3.0
207 13 0 2.0
72 15 0 3.0
345 6 0 4.0
28 27 0 3.25
228 46 0 2.5
299 15 0 2.75
109 14 0 3.5
205 2 0 2.25
61 10 0 2.0
96 1 0 2.0
83 15 0 2.75
285 18 0 2.5
94 21 0 2.25
164 22 0 3.25
275 19 0 2.0
353 14 0 2.5
224 19 0 3.5
230 14 0 4.0
203 28 0 2.5
57 15 0 3.0
206 7 0 2.25
55 19 0 3.5
43 1 0 3.75
48 44 0 3.5
265 19 0 3.5
125 17 0 3.25
297 17 0 2.5
349 3 0 2.0
283 30 0 2.75
207 5 0 3.5
228 15 0 2.75
257 24 0 3.0
346 6 0 3.75
52 7 0 3.25
30 17 0 3.5
163 28 0 2.5
104 20 0 2.75
318 23 0 3.25
268 0 0 3.25
198 3 0 2.0
212 10 0 2.25
123 2 0 2.5
346 21 0 3.25
135 15 0 3.25
48 26 0 3.5
280 1 0 2.0
77 28 0 2.0
307 16 0 3.5
165 3 0 3.0
59 10 0 2.0
80 3 0 2.5
60 1 0 2.5
355 24 0 2.75
74 1 0 3.5
160 19 0 3.5
102 19 0 2.75
204 15 0 4.0
132 16 0 2.25
161 9 0 3.0
342 2 0 2.0
356 28 0 3.0
168 30 0 3.75
254 6 0 2.25
88 2 0 2.5
193 59 0 4.0
84 29 0 2.0
199 24 0 4.0
190 8 0 3.75
194 1 0 3.0
224 23 0 2.5
162 6 0 2.75
273 1 0 3.0
38 14 0 2.75
336 11 0 3.75
232 29 0 3.5
323 21 0 2.0
221 20 0 3.5
238 1 0 2.25
104 53 0 2.0
302 26 0 3.5
250 14 0 3.25
112 7 0 2.25
306 11 0 3.5
146 8 0 3.25
300 10 0 3.25
190 19 0 2.5
144 11 0 2.75
349 25 0 3.75
197 25 0 3.5
237 11 0 2.75
213 2 0 4.0
64 16 0 4.0
126 12 0 2.5
92 22 0 3.0
355 2 0 3.0
325 20 0 2.0
211 21 0 2.0
33 0 0 2.0
267 3 0 3.0
296 27 0 3.0
289 12 0 2.5
330 29 0 3.0
241 21 0 2.25
352 70 0 3.75
93 18 0 3.5
243 22 0 3.0
344 23 0 3.75
152 23 0 2.25
153 10 0 2.25
340 37 0 4.0
80 21 0 2.75
179 6 0 2.75
220 19 0 3.5
286 10 0 2.0
256 27 0 3.5
321 9 0 3.5
350 14 0 2.0
19 1 0 2.5
182 11 0 2.25
290 22 0 2.5
136 24 0 3.5
33 13 0 3.0
141 41 0 3.0
14 6 0 3.75
62 20 0 2.0
284 19 0 2.25
27 24 0 3.75
329 6 0 2.75
203 8 0 3.25
207 29 0 3.75
234 4 0 2.25
303 12 0 2.75
341 17 0 4.0
248 22 0 2.25
74 12 0 2.75
112 21 0 2.5
247 16 0 3.0
50 30 0 2.25
137 31 0 2.25
55 17 0 3.0
27 7 0 3.5
334 10 0 2.75
181 8 0 3.0
55 4 0 3.75
187 12 0 2.5
254 25 0 3.25
289 6 0 2.0
297 1 0 2.75
311 5 0 2.5
4 22 0 3.5
137 19 0 2.25
270 1 0 3.0
194 52 0 3.75
219 28 0 3.0
298 20 0 2.25
359 22 0 3.5
79 26 0 2.5
45 12 0 3.75
183 27 0 2.25
348 37 0 2.75
111 29 0 2.25
138 28 0 3.75
112 30 0 2.5
58 26 0 3.5
209 3 0 4.0
186 16 0 4.0
84 8 0 2.0
190 4 0 3.5
203 4 0 2.75
74 23 0 2.75
330 36 0 2.0
260 54 0 3.5
342 4 0 3.5
208 6 0 4.0
313 23 0 2.5
353 4 0 3.0
32 0 0 2.25
236 4 0 4.0
206 53 0 3.0
245 0 0 2.25
129 21 0 4.0
140 0 0 3.25
112 1 0 3.0
86 19 0 2.75
273 15 0 2.0
68 25 0 3.25
337 2 0 3.75
336 10 0 2.0
8 25 0 2.0
234 9 0 2.75
114 30 0 3.5
359 26 0 2.0
106 4 0 3.0
111 13 0 2.75
159 29 0 3.25
64 2 0 3.5
162 27 0 2.75
10 17 0 3.0
338 7 0 4.0
43 7 0 3.5
56 18 0 2.5
304 3 0 3.0
288 1 0 2.0
217 9 0 3.0
153 30 0 3.5
276 30 0 3.25
0 0 0 3.5
288 29 0 2.25
90 2 0 3.0
184 3 0 3.5
325 15 0 2.75
157 0 0 2.5
347 11 0 2.25
1 13 0 2.0
200 10 0 2.5
76 28 0 3.0
126 1 0 2.75
119 13 0 3.75
231 13 0 3.0
33 2 0 3.5
172 2 0 2.5
319 10 0 3.25
23 2 0 2.0
68 9 0 3.75
239 18 0 3.0
77 28 0 3.5
30 15 0 3.25
112 26 0 4.0
333 21 0 4.0
46 3 0 3.75
95 28 0 3.25
99 21 0 2.5
25 23 0 2.0
151 3 0 4.0
133 16 0 3.75
33 6 0 2.25
17 10 0 2.0
248 34 0 2.0
223 56 0 3.0
164 24 0 3.5
194 52 0 3.25
253 4 0 3.0
3 46 0 3.0
301 2 0 3.5
348 19 0 3.5
18 16 0 2.75
209 3 0 3.75
310 17 0 4.0
27 22 0 2.0
315 5 0 2.0
157 27 0 2.25
327 20 0 3.75
12 21 0 2.25
82 8 0 3.25
80 28 0 2.0
58 4 0 2.75
187 11 0 3.5
337 13 0 2.5
334 19 0 2.25
25 6 0 2.25
179 7 0 4.0
148 11 0 2.75
162 21 0 2.5
349 26 0 4.0
78 5 0 2.25
187 28 0 3.75
311 17 0 4.0
337 24 0 3.25
326 9 0 3.25
354 3 0 4.0
208 8 0 3.0
117 9 0 3.75
192 15 0 3.5
46 72 0 3.25
338 27 0 2.75
75 12 0 2.75
242 7 0 3.25
309 6 0 3.5
267 28 0 2.25
230 21 0 3.25
145 19 0 3.5
113 9 0 3.75
52 19 0 2.5
202 28 0 2.75
49 0 0 3.25
346 30 0 2.75
355 0 0 3.75
112 7 0 2.75
227 23 0 3.25
125 15 0 2.5
88 7 0 2.5
166 10 0 3.25
241 7 0 2.25
1 12 0 3.25
28 13 0 3.75
93 21 0 3.25
27 7 0 2.5
243 3 0 3.5
99 3 0 2.5
161 20 0 2.0
164 30 0 4.0
293 13 0 2.75
69 25 0 3.5
49 12 0 2.25
345 21 0 3.25
300 8 0 4.0
246 27 0 2.75
88 39 0 2.0
137 5 0 2.25
187 16 0 3.5
63 20 0 3.5
181 23 0 3.5
310 18 0 4.0
248 4 0 3.25
231 26 0 2.0
218 28 0 2.5
5 1 0 4.0
254 8 0 4.0
294 1 0 3.75
85 16 0 2.0
21 2 0 4.0
129 22 0 2.0
170 0 0 2.75
165 4 0 2.0
5 5 0 4.0
209 13 0 3.5
351 25 0 2.5
243 44 0 2.25
25 24 0 2.0
179 5 0 3.25
322 15 0 3.25
280 9 0 2.5
137 18 0 2.25
269 29 0 2.0
9 22 0 4.0
241 9 0 3.5
46 18 0 2.0
178 26 0 3.25
290 20 0 4.0
103 29 0 2.75
271 20 0 3.5
245 28 0 3.75
147 29 0 3.0
280 17 0 2.5
282 27 0 2.75
271 16 0 2.25
270 44 0 2.25
195 54 0 2.25
190 76 0 4.0
187 7 0 2.5
295 1 0 2.0
24 20 0 3.5
73 27 0 3.5
59 22 0 4.0
282 16 0 4.0
95 17 0 3.25
194 15 0 2.75
163 23 0 3.75
24 11 0 2.25
56 11 0 2.5
283 23 0 2.5
44 26 0 2.25
19 17 0 2.0
35 4 0 4.0
19 21 0 2.5
31 18 0 3.0
39 22 0 3.5
241 0 0 2.25
82 3 0 2.5
225 16 0 2.0
159 18 0 2.5
41 20 0 3.75
48 9 0 3.5
254 12 0 2.5
246 27 0 3.25
240 38 0 3.75
148 16 0 2.75
3 7 0 2.0
4 9 0 2.5
219 28 0 2.0
207 15 0 2.0
319 12 0 2.25
97 17 0 4.0
118 2 0 4.0
199 6 0 2.5
105 2 0 2.75
238 6 0 2.5
267 7 0 3.25
335 8 0 3.0
103 10 0 3.75
280 17 0 3.25
142 18 0 2.75
290 4 0 2.75
47 9 0 2.0
76 13 0 3.75
219 14 0 3.0
229 22 0 2.0
243 11 0 2.75
316 12 0 2.5
31 10 0 3.25
55 2 0 3.5
185 3 0 4.0
100 3 0 3.75
195 28 0 2.0
178 20 0 2.5
45 2 0 3.75
274 29 0 2.5
342 3 0 4.0
192 0 0 3.5
315 68 0 3.0
125 13 0 3.75
70 21 0 3.25
25 23 0 3.75
136 4 0 2.5
353 1 0 3.25
3 24 0 2.0
118 1 0 2.75
93 30 0 3.75
195 20 0 3.75
96 5 0 3.75
266 0 0 2.75
199 29 0 2.75
304 19 0 2.25
135 25 0 2.25
153 38 0 2.0
26 4 0 2.0
345 29 0 3.5
235 24 0 2.0
242 27 0 3.5
165 12 0 3.25
236 57 0 2.75
14 16 0 2.5
92 16 0 2.25
43 9 0 3.5
30 28 0 3.5
83 49 0 3.25
225 14 0 4.0
10 1 0 2.5
209 19 0 2.75
271 2 0 2.25
181 12 0 3.0
211 12 0 3.25
337 12 0 3.75
298 11 0 4.0
315 1 0 2.25
24 14 0 3.75
333 2 0 3.5
69 20 0 3.75
356 25 0 3.0
321 14 0 2.5
352 0 0 3.5
214 17 0 3.75
247 1 0 3.0
292 20 0 2.0
67 10 0 2.75
40 3 0 3.0
187 65 0 2.75
148 14 0 3.25
51 10 0 3.25
255 24 0 2.25
79 16 0 4.0
180 27 0 2.75
51 13 0 3.75
336 6 0 3.75
130 80 0 4.0
345 14 0 3.75
207 6 0 2.25
211 5 0 3.0
194 14 0 3.25
68 14 0 2.5
165 12 0 2.5
307 19 0 4.0
31 14 0 3.25
309 25 0 3.5
90 16 0 2.0
298 27 0 3.5
283 13 0 2.0
347 30 0 2.5
83 17 0 2.5
133 15 0 3.5
61 17 0 2.5
104 30 0 2.0
254 23 0 2.75
23 25 0 2.25
65 15 0 2.0
114 28 0 2.5
192 25 0 3.25
29 5 0 3.25
2 30 0 2.75
48 58 0 2.5
85 24 0 2.75
66 15 0 2.0
153 7 0 3.75
16 12 0 2.75
142 1 0 4.0
144 3 0 2.0
253 4 0 2.75
140 4 0 2.75
337 22 0 2.0
324 0 0 3.75
65 28 0 4.0
152 25 0 3.5
311 29 0 4.0
98 9 0 2.0
10 28 0 3.75
166 31 0 4.0
271 19 0 2.25
139 25 0 2.5
153 25 0 3.75
356 19 0 2.0
14 14 0 2.25
351 2 0 3.0
222 4 0 3.25
138 16 0 3.25
194 1 0 2.25
337 2 0 2.0
351 8 0 2.0
117 18 0 3.5
326 13 0 2.25
160 14 0 2.5
316 3 0 4.0
263 5 0 2.25
162 22 0 4.0
296 24 0 2.75
347 19 0 2.75
251 30 0 3.75
310 26 0 3.25
239 10 0 3.75
296 12 0 2.25
285 7 0 2.25
335 28 0 4.0
180 10 0 4.0
169 0 0 2.25
281 19 0 2.5
43 1 0 2.5
309 14 0 2.0
253 17 0 3.75
326 9 0 3.75
67 3 0 3.25
159 7 0 2.5
141 17 0 3.5
352 8 0 3.25
148 6 0 4.0
110 28 0 2.75
131 8 0 3.25
358 5 0 3.75
279 2 0 3.0
294 21 0 3.0
216 28 0 2.25
109 1 0 3.0
170 9 0 2.75
315 23 0 3.5
166 59 0 3.5
70 17 0 3.0
5 3 0 2.5
154 7 0 3.75
241 8 0 3.25
124 24 0 4.0
194 19 0 3.75
128 16 0 2.0
99 2 0 4.0
207 6 0 2.75
271 12 0 4.0
135 10 0 3.25
166 22 0 2.0
201 13 0 3.5
230 29 0 3.25
122 5 0 3.25
186 11 0 2.5
352 23 0 2.75
248 6 0 3.25
80 27 0 2.75
204 21 0 2.5
63 28 0 3.75
188 12 0 3.0
132 14 0 4.0
268 27 0 4.0
291 29 0 2.0
74 6 0 4.0
316 10 0 4.0
245 30 0 4.0
293 9 0 2.75
51 1 0 3.5
329 25 0 2.5
344 11 0 3.75
233 27 0 3.0
166 24 0 2.5
158 6 0 3.25
150 54 0 2.25
54 1 0 3.75
46 23 0 2.75
18 30 0 3.25
144 28 0 4.0
221 29 0 4.0
264 7 0 3.75
183 22 0 4.0
177 27 0 3.5
250 1 0 2.0
204 78 0 4.0
250 11 0 2.0
280 6 0 2.75
170 55 0 3.25
114 25 0 3.25
120 10 0 3.75
332 6 0 2.75
141 25 0 3.5
14 27 0 3.0
175 14 0 2.25
231 0 0 4.0
127 11 0 2.25
175 21 0 2.0
192 27 0 2.25
107 1 0 2.25
33 13 0 2.5
154 0 0 2.5
217 18 0 4.0
231 23 0 2.25
81 23 0 2.75
337 22 0 2.25
39 6 0 2.0
97 28 0 2.0
208 15 0 2.5
334 22 0 2.25
31 20 0 2.25
185 30 0 3.0
236 29 0 2.75
110 30 0 2.25
185 8 0 2.25
3 19 0 3.75
280 13 0 2.5
272 9 0 3.5
97 28 0 4.0
219 18 0 2.5
156 2 0 3.25
343 28 0 3.0
264 21 0 3.0
10 2 0 2.0
350 22 0 2.75
327 3 0 2.5
173 2 0 3.75
335 17 0 2.75
140 24 0 3.0
127 18 0 3.5
93 22 0 4.0
97 9 0 2.25
30 25 0 4.0
210 23 0 2.25
276 5 0 2.0
283 20 0 4.0
109 25 0 4.0
157 12 0 2.5
108 25 0 4.0
142 27 0 2.0
160 6 0 2.5
344 6 0 2.25
180 2 0 4.0
244 21 0 2.5
217 56 0 4.0
331 26 0 2.25
291 12 0 2.25
301 11 0 2.5
322 0 0 3.75
59 29 0 2.75
352 7 0 3.25
156 9 0 2.0
188 5 0 3.25
357 18 0 2.75
57 30 0 2.0
90 0 0 3.0
99 9 0 2.25
27 24 0 2.75
339 28 0 3.5
205 13 0 3.25
84 24 0 3.5
104 0 0 3.0
299 6 0 2.5
272 17 0 3.25
24 19 0 3.0
333 2 0 4.0
256 19 0 3.75
244 12 0 2.5
242 4 0 2.75
167 2 0 2.25
41 11 0 4.0
94 55 0 3.0
229 72 0 3.5
97 16 0 3.0
112 28 0 2.5
88 19 0 2.0
260 13 0 3.5
321 9 0 2.75
82 27 0 3.5
66 9 0 3.25
78 14 0 3.25
329 0 0 2.5
275 25 0 2.0
13 2 0 3.5
174 20 0 2.25
99 10 0 3.25
249 12 0 4.0
193 18 0 2.5
358 16 0 3.5
125 22 0 3.75
48 26 0 2.0
148 16 0 3.5
221 18 0 4.0
45 3 0 4.0
202 4 0 2.0
23 3 0 3.25
53 0 0 3.0
79 29 0 3.75
292 21 0 2.5
77 20 0 3.25
16 4 0 3.25
296 15 0 3.75
2 16 0 3.75
4 23 0 2.75
97 14 0 2.5
318 16 0 3.5
138 7 0 3.5
75 4 0 3.0
329 2 0 2.25
110 8 0 3.5
138 5 0 2.0
332 22 0 3.25
90 13 0 3.75
93 4 0 2.75
244 33 0 2.75
42 17 0 3.75
123 8 0 2.25
30 9 0 2.25
215 16 0 3.25
255 27 0 2.75
313 29 0 2.25
329 20 0 2.75
308 6 0 3.75
213 23 0 4.0
254 22 0 2.5
358 23 0 2.25
325 14 0 2.25
248 15 0 2.25
97 14 0 3.25
119 27 0 2.75
37 21 0 3.25
336 19 0 3.5
54 28 0 2.5
127 61 0 4.0
287 0 0 2.25
299 8 0 2.25
33 24 0 4.0
31 21 0 3.75
258 32 0 3.75
126 9 0 2.0
311 16 0 4.0
188 22 0 2.0
36 0 0 3.0
308 6 0 3.5
171 15 0 2.75
134 4 0 3.75
170 21 0 3.5
49 15 0 2.75
2 41 0 2.75
125 7 0 4.0
99 14 0 3.5
139 25 0 3.25
68 8 0 3.0
39 13 0 2.25
229 66 0 3.25
24 28 0 2.5
3 8 0 2.0
340 55 0 3.25
277 15 0 2.0
77 6 0 3.5
331 0 0 4.0
260 5 0 3.0
51 38 0 3.25
100 3 0 2.75
317 9 0 3.75
85 3 0 3.5
175 12 0 2.25
236 15 0 3.5
316 28 0 3.25
217 23 0 2.25
309 7 0 2.0
65 20 0 3.0
23 14 0 2.75
250 27 0 3.75
301 5 0 3.25
1 14 0 2.25
201 10 0 3.25
119 12 0 2.0
204 29 0 4.0
139 6 0 2.25
51 10 0 3.5
150 23 0 2.5
229 21 0 2.75
337 9 0 2.75
285 19 0 3.5
69 7 0 3.5
100 11 0 2.0
31 0 0 2.0
33 17 0 2.5
296 4 0 4.0
121 22 0 3.25
43 2 0 2.0
253 21 0 2.5
9 10 0 2.75
140 8 0 2.0
44 1 0 2.0
188 25 0 3.5
335 10 0 4.0
140 15 0 2.0
68 71 0 2.75
266 20 0 3.0
255 15 0 3.75
354 7 0 2.25
128 25 0 2.0
55 28 0 2.0
117 2 0 3.0
66 61 0 3.0
232 6 0 2.5
343 22 0 3.75
324 7 0 3.75
8 0 0 3.25
337 8 0 2.25
42 26 0 2.0
57 5 0 2.5
329 28 0 3.75
204 16 0 3.25
52 11 0 2.75
161 14 0 3.25
124 25 0 2.5
141 18 0 4.0
340 13 0 2.5
165 29 0 3.5
231 12 0 3.5
215 7 0 2.75
20 26 0 4.0
93 30 0 4.0
90 17 0 3.0
206 5 0 3.0
161 29 0 4.0
178 1 0 2.75
204 0 0 3.0
338 3 0 2.5
199 29 0 3.75
29 6 0 2.5
14 26 0 2.75
179 4 0 2.5
324 23 0 3.25
352 19 0 3.75
73 18 0 2.0
276 18 0 4.0
280 23 0 2.0
10 26 0 3.0
61 42 0 3.0
259 2 0 3.25
100 23 0 2.0
282 56 0 2.75
321 79 0 3.0
212 2 0 4.0
208 28 0 2.0
16 2 0 2.75
240 12 0 3.0
3 26 0 3.5
118 7 0 3.75
263 14 0 2.0
326 21 0 2.75
167 21 0 4.0
294 26 0 2.75
20 28 0 3.5
135 20 0 4.0
50 26 0 2.25
85 17 0 2.25
54 3 0 2.5
201 28 0 2.5
20 23 0 3.75
275 8 0 3.0
71 18 0 3.5
134 22 0 3.25
246 15 0 2.25
243 4 0 4.0
16 30 0 4.0
169 15 0 2.25
243 27 0 2.25
318 0 0 3.5
79 24 0 2.5
206 12 0 4.0
173 13 0 3.0
327 10 0 4.0
319 9 0 3.25
340 10 0 2.25
232 16 0 3.5
284 19 0 3.25
250 20 0 4.0
61 10 0 3.5
217 16 0 2.25
299 14 0 3.5
328 30 0 3.75
340 14 0 2.75
254 13 0 2.0
97 20 0 3.0
217 20 0 2.75
286 24 0 3.75
291 12 0 3.5
136 14 0 2.25
185 8 0 4.0
142 8 0 4.0
190 3 0 3.0
97 0 0 3.75
5 24 0 2.0
27 0 0 3.25
356 22 0 2.25
108 28 0 2.5
289 5 0 2.5
38 25 0 3.75
30 8 0 4.0
220 22 0 3.0
306 16 0 3.25
141 4 0 3.0
26 18 0 3.0
199 26 0 2.25
112 15 0 2.75
127 29 0 2.75
79 16 0 2.5
101 23 0 2.5
74 16 0 4.0
95 27 0 2.75
280 10 0 3.75
256 5 0 3.75
267 10 0 2.75
66 14 0 3.0
180 8 0 2.5
121 8 0 3.5
129 16 0 3.75
311 29 0 3.25
314 16 0 2.25
225 26 0 2.25
78 29 0 2.0
134 15 0 3.5
239 17 0 3.5
284 30 0 2.25
282 29 0 2.0
171 26 0 2.25
271 10 0 2.25
304 16 0 3.5
176 5 0 3.75
10 27 0 3.25
128 0 0 3.0
24 8 0 3.0
142 26 0 4.0
191 18 0 3.5
300 25 0 2.75
322 28 0 2.75
96 30 0 2.5
258 1 0 3.75
135 28 0 2.5
345 23 0 3.0
15 27 0 2.25
348 6 0 3.5
236 10 0 3.0
72 21 0 2.0
352 17 0 2.0
301 24 0 4.0
300 0 0 3.0
241 2 0 2.25
85 18 0 2.0
105 16 0 4.0
93 18 0 2.5
230 15 0 2.75
266 3 0 3.25
341 21 0 3.5
105 16 0 2.0
57 10 0 3.25
339 18 0 3.75
178 26 0 3.5
208 26 0 3.75
244 16 0 2.75
94 8 0 3.5
204 3 0 2.0
193 6 0 4.0
44 19 0 3.5
66 10 0 2.25
300 20 0 3.75
93 17 0 3.0
77 9 0 3.5
283 4 0 2.5
142 0 0 3.75
146 26 0 3.0
6 7 0 2.25
192 6 0 3.25
139 29 0 4.0
229 53 0 2.75
76 16 0 2.5
308 16 0 4.0
350 15 0 2.75
19 9 0 2.5
255 13 0 2.5
203 0 0 2.5
283 23 0 3.25
28 23 0 2.0
311 28 0 3.0
251 11 0 3.0
31 0 0 3.0
182 19 0 2.5
24 2 0 4.0
313 21 0 3.0
54 7 0 3.5
250 56 0 2.0
115 2 0 3.0
89 29 0 3.75
192 17 0 2.25
170 19 0 3.5
95 23 0 3.0
208 14 0 3.75
20 25 0 2.75
249 12 0 3.25
113 6 0 3.0
310 8 0 3.75
177 11 0 3.0
55 13 0 2.25
223 7 0 2.25
290 0 0 3.75
146 5 0 2.0
60 59 0 2.5
115 1 0 3.0
320 8 0 4.0
125 25 0 4.0
15 18 0 2.25
138 18 0 3.25
14 23 0 2.5
100 15 0 3.25
69 27 0 2.25
2 17 0 2.0
187 12 0 2.0
216 20 0 3.5
212 2 0 2.75
274 14 0 2.0
41 26 0 4.0
32 13 0 2.25
284 49 0 3.5
71 8 0 2.25
54 25 0 2.75
315 0 0 3.75
269 8 0 3.25
307 1 0 4.0
187 14 0 2.0
253 17 0 2.25
298 12 0 3.5
336 12 0 2.0
351 0 0 2.75
1 23 0 2.5
304 7 0 2.0
47 4 0 3.0
27 1 0 2.25
30 18 0 3.0
270 62 0 3.5
103 8 0 2.75
133 7 0 2.75
329 22 0 2.75
314 6 0 3.0
181 14 0 3.75
143 28 0 3.0
28 21 0 4.0
61 4 0 2.25
307 21 0 2.5
183 20 0 3.5
323 14 0 3.25
31 13 0 3.5
321 22 0 2.5
315 27 0 2.25
63 18 0 3.0
75 27 0 2.0
13 9 0 3.0
256 4 0 3.0
23 27 0 2.75
293 26 0 2.5
9 33 0 3.5
298 6 0 3.25
23 18 0 2.25
62 20 0 2.25
303 20 0 2.0
320 17 0 3.0
125 28 0 2.25
37 18 0 2.0
235 14 0 3.5
89 14 0 2.75
24 25 0 2.25
230 27 0 4.0
346 9 0 4.0
315 30 0 2.25
314 10 0 2.75
338 23 0 3.5
189 6 0 3.25
85 25 0 2.75
209 18 0 3.75
9 25 0 2.0
267 8 0 2.5
252 17 0 2.25
320 22 0 3.0
152 3 0 3.0
32 12 0 2.75
211 0 0 3.25
324 23 0 3.0
130 12 0 2.25
129 24 0 3.25
253 17 0 2.0
173 8 0 3.5
298 17 0 3.0
242 28 0 3.25
228 3 0 3.0
355 19 0 2.75
157 10 0 3.75
315 9 0 2.5
263 21 0 4.0
16 24 0 3.0
82 14 0 3.75
4 13 0 3.75
219 5 0 2.75
244 13 0 3.5
329 3 0 3.75
195 15 0 2.75
16 23 0 3.25
327 2 0 3.0
258 24 0 2.0
266 30 0 3.75
252 5 0 2.0
171 56 0 2.25
158 30 0 3.75
311 18 0 3.5
215 10 0 3.5
17 51 0 3.5
173 28 0 4.0
205 17 0 3.0
234 19 0 3.25
9 4 0 2.5
133 22 0 3.25
279 1 0 4.0
298 18 0 3.0
207 29 0 3.5
340 7 0 2.0
279 14 0 2.25
117 12 0 2.0
335 13 0 3.25
112 23 0 2.25
341 18 0 2.0
134 58 0 3.75
124 14 0 2.75
220 30 0 2.0
132 15 0 2.0
18 12 0 2.75
159 59 0 2.25
74 2 0 2.25
275 26 0 2.0
238 18 0 2.75
245 30 0 3.5
55 1 0 3.5
4 13 0 2.75
145 23 0 3.75
175 14 0 3.75
265 20 0 4.0
91 13 0 4.0
162 27 0 3.75
159 26 0 3.5
113 27 0 2.0
337 0 0 2.5
283 15 0 2.25
174 19 0 2.5
39 14 0 4.0
347 4 0 3.25
294 2 0 2.0
186 6 0 3.0
103 75 0 2.5
73 10 0 2.75
261 19 0 4.0
332 8 0 3.0
324 12 0 3.75
275 1 0 2.25
231 21 0 2.5
299 4 0 3.5
313 9 0 3.5
100 26 0 2.25
117 15 0 4.0
114 10 0 3.5
289 10 0 2.0
33 12 0 2.75
92 7 0 3.25
323 17 0 3.75
245 25 0 3.75
162 3 0 3.75
137 25 0 2.25
65 26 0 2.0
167 0 0 3.5
124 20 0 2.0
66 4 0 3.0
146 3 0 4.0
337 21 0 2.5
49 16 0 2.0
54 10 0 2.75
45 0 0 2.0
98 3 0 2.0
346 0 0 3.0
300 47 0 2.75
208 7 0 3.75
331 18 0 3.75
352 21 0 2.0
38 10 0 2.25
334 20 0 4.0
222 20 0 3.75
128 25 0 3.0
327 4 0 2.5
38 10 0 2.5
17 28 0 4.0
154 20 0 3.0
221 10 0 3.75
260 21 0 2.0
193 20 0 3.0
76 0 0 3.5
103 2 0 2.75
340 11 0 2.0
320 12 0 4.0
248 9 0 4.0
60 21 0 3.0
250 23 0 3.5
334 19 0 3.25
82 19 0 2.75
37 5 0 2.25
247 17 0 2.25
142 27 0 4.0
339 10 0 3.5
331 21 0 4.0
187 28 0 3.0
77 13 0 2.75
219 29 0 3.25
134 22 0 2.0
3 22 0 2.0
202 10 0 3.75
348 55 0 2.5
256 16 0 3.75
25 26 0 3.75
268 11 0 2.75
350 21 0 2.0
228 7 0 2.5
124 0 0 2.0
143 10 0 3.0
315 18 0 4.0
27 16 0 2.0
279 12 0 3.75
278 2 0 3.0
87 21 0 3.25
133 23 0 3.0
216 29 0 3.0
212 18 0 2.5
134 16 0 2.0
248 8 0 2.75
291 30 0 2.25
94 22 0 3.0
260 28 0 3.25
238 11 0 2.25
134 27 0 4.0
232 11 0 3.0
85 17 0 3.25
84 9 0 2.75
243 6 0 2.0
90 9 0 2.0
68 5 0 3.5
262 28 0 2.5
181 28 0 3.0
2 8 0 3.75
170 12 0 2.5
251 28 0 2.75
308 30 0 2.0
255 14 0 2.5
347 9 0 2.75
59 19 0 4.0
33 11 0 3.75
314 23 0 2.5
150 16 0 3.5
335 27 0 2.75
235 15 0 3.0
256 16 0 4.0
189 35 0 2.5
102 9 0 2.25
337 10 0 2.75
99 11 0 4.0
165 24 0 3.75
150 22 0 2.0
44 27 0 2.75
63 4 0 2.0
251 29 0 2.0
292 16 0 2.5
343 20 0 4.0
90 12 0 2.0
151 20 0 2.0
80 27 0 3.5
194 18 0 2.5
168 24 0 2.5
295 28 0 2.25
52 17 0 3.25
257 10 0 3.5
269 4 0 2.5
157 29 0 3.5
30 28 0 3.0
32 29 0 3.25
178 21 0 2.0
6 10 0 3.0
265 26 0 4.0
295 19 0 2.0
124 19 0 3.75
233 27 0 4.0
59 24 0 4.0
182 3 0 3.25
246 23 0 4.0
81 25 0 3.5
263 18 0 2.25
171 21 0 3.0
144 0 0 4.0
340 29 0 3.5
203 22 0 2.0
87 10 0 2.5
101 1 0 2.75
135 18 0 2.75
197 9 0 2.75
132 25 0 2.25
161 18 0 3.0
14 15 0 2.75
182 30 0 2.25
47 37 0 3.25
185 13 0 3.25
344 15 0 2.25
57 26 0 4.0
113 73 0 3.75
282 24 0 2.75
252 24 0 3.0
4 30 0 3.75
85 6 0 4.0
176 28 0 2.5
17 17 0 3.75
262 23 0 3.0
4 23 0 3.25
105 7 0 2.5
177 4 0 2.25
197 15 0 4.0
330 2 0 2.75
10 27 0 3.5
115 47 0 3.5
289 15 0 4.0
50 25 0 3.0
350 26 0 3.25
212 6 0 3.25
105 24 0 2.75
139 6 0 2.0
260 8 0 2.5
269 0 0 2.5
105 25 0 3.0
124 24 0 3.0
158 14 0 2.25
6 12 0 2.5
284 17 0 3.25
320 11 0 3.25
199 30 0 2.0
332 15 0 3.5
251 22 0 2.5
89 3 0 3.75
170 1 0 2.25
151 8 0 3.0
281 27 0 2.0
78 15 0 2.75
139 20 0 2.5
111 13 0 3.5
245 10 0 2.5
292 30 0 2.75
303 2 0 3.25
330 26 0 3.0
276 19 0 2.75
167 21 0 2.0
197 5 0 2.75
192 26 0 3.0
182 15 0 3.0
222 23 0 4.0
32 12 0 3.0
52 26 0 3.75
243 29 0 2.25
184 6 0 4.0
351 1 0 3.0
294 6 0 3.25
143 8 0 2.25
26 12 0 3.0
346 6 0 2.5
317 15 0 3.0
237 7 0 3.0
342 28 0 2.0
259 22 0 3.25
323 20 0 3.0
75 19 0 4.0
320 12 0 2.75
54 23 0 2.5
267 15 0 2.0
108 19 0 3.75
38 18 0 2.25
73 28 0 3.0
117 13 0 2.25
250 22 0 2.25
108 22 0 2.0
343 9 0 3.75
135 4 0 2.0
185 15 0 2.5
265 20 0 3.5
320 14 0 2.75
303 26 0 2.25
83 23 0 2.25
343 7 0 3.0
148 27 0 2.25
83 12 0 3.0
330 4 0 3.0
2 18 0 2.25
285 14 0 2.5
112 24 0 2.75
66 28 0 2.25
211 29 0 3.5
318 15 0 3.0
75 21 0 3.75
285 27 0 4.0
26 5 0 2.5
84 25 0 3.75
91 46 0 3.5
281 0 0 2.25
283 28 0 2.0
305 18 0 2.25
235 5 0 2.0
354 11 0 3.0
226 26 0 3.5
190 4 0 2.0
320 26 0 3.25
228 28 0 3.5
265 29 0 2.25
260 20 0 2.0
97 1 0 3.75
164 12 0 3.5
81 25 0 2.25
179 26 0 3.25
90 25 0 3.25
245 24 0 2.0
81 5 0 2.75
220 14 0 2.0
313 24 0 2.75
48 24 0 3.0
332 29 0 2.0
87 3 0 2.75
136 11 0 2.5
48 28 0 4.0
255 3 0 2.0
292 17 0 2.0
98 13 0 3.75
153 22 0 3.5
315 10 0 2.75
281 0 0 2.5
211 12 0 4.0
6 29 0 3.0
299 8 0 4.0
22 22 0 3.0
350 31 0 3.75
101 18 0 4.0
98 25 0 4.0
174 23 0 2.25
296 0 0 2.75
247 30 0 2.0
154 17 0 3.75
18 5 0 3.75
46 29 0 3.75
149 20 0 4.0
43 19 0 4.0
286 27 0 3.25
194 28 0 2.75
106 52 0 3.25
119 4 0 2.0
28 7 0 2.25
130 30 0 3.5
152 19 0 3.75
265 13 0 2.25
164 9 0 3.75
73 3 0 4.0
26 21 0 3.5
271 17 0 4.0
260 22 0 4.0
220 9 0 3.75
171 8 0 2.25
141 11 0 2.25
131 17 0 3.5
198 58 0 3.5
11 22 0 4.0
16 21 0 3.25
234 23 0 3.25
163 20 0 2.75
295 14 0 2.25
125 6 0 3.75
172 18 0 2.25
0 14 0 2.5
179 27 0 2.5
68 19 0 3.5
332 14 0 4.0
296 17 0 4.0
173 8 0 2.25
270 4 0 2.25
353 3 0 3.5
317 11 0 2.5
125 24 0 2.5
194 3 0 2.5
275 6 0 3.0
267 18 0 2.75
316 13 0 4.0
310 18 0 2.25
253 13 0 3.5
64 12 0 2.75
256 17 0 3.0
102 30 0 2.25
300 13 0 3.75
238 0 0 2.75
94 11 0 3.25
47 18 0 3.5
81 22 0 2.75
58 6 0 2.25
67 28 0 4.0
198 6 0 2.25
120 20 0 2.0
162 26 0 2.5
222 8 0 3.5
202 17 0 3.5
177 10 0 2.0
26 14 0 2.75
225 29 0 3.75
241 6 0 3.25
5 3 0 2.75
239 2 0 3.75
288 17 0 3.0
232 20 0 3.5
130 26 0 3.5
48 2 0 3.5
70 13 0 3.25
154 50 0 3.0
228 27 0 2.75
303 28 0 2.75
338 19 0 4.0
101 2 0 3.75
181 6 0 2.5
64 4 0 4.0
124 21 0 2.25
107 58 0 3.5
9 18 0 2.75
45 7 0 3.0
270 30 0 2.0
83 3 0 2.25
286 5 0 3.25
13 28 0 2.25
190 2 0 2.0
311 14 0 3.75
342 12 0 2.5
290 23 0 2.0
211 18 0 2.5
54 11 0 3.75
164 4 0 4.0
338 18 0 4.0
143 1 0 3.0
32 23 0 3.5
242 17 0 4.0
69 26 0 3.0
49 10 0 2.5
216 16 0 4.0
14 10 0 3.5
266 18 0 2.25
35 14 0 4.0
273 5 0 3.75
6 22 0 3.75
189 28 0 4.0
28 4 0 3.0
223 4 0 2.75
265 13 0 3.25
347 21 0 3.75
351 27 0 2.5
183 9 0 2.5
50 21 0 2.75
167 10 0 2.0
111 25 0 2.5
325 3 0 3.0
15 10 0 3.0
145 6 0 2.5
333 28 0 3.25
126 1 0 2.25
312 9 0 2.0
23 5 0 2.0
68 7 0 3.0
95 3 0 3.5
156 28 0 2.75
164 0 0 3.75
232 26 0 2.25
38 18 0 3.75
319 23 0 4.0
29 51 0 2.25
273 22 0 2.5
212 15 0 3.25
129 9 0 2.75
149 52 0 3.25
314 14 0 3.0
167 10 0 4.0
177 16 0 2.0
45 10 0 3.0
203 13 0 2.25
178 52 0 3.5
352 18 0 2.0
279 16 0 2.25
97 6 0 3.0
173 6 0 2.25
348 9 0 3.75
25 17 0 2.0
144 20 0 2.5
129 4 0 3.5
208 19 0 2.0
359 1 0 3.25
68 17 0 3.0
215 7 0 2.5
120 24 0 2.25
264 4 0 2.25
268 10 0 3.25
133 12 0 2.5
94 30 0 2.25
342 12 0 2.25
192 10 0 2.5
203 28 0 3.5
356 10 0 2.75
273 6 0 3.5
325 20 0 3.0
186 16 0 3.25
67 18 0 2.25
94 10 0 2.25
211 18 0 3.25
349 0 0 2.0
140 19 0 3.25
61 11 0 4.0
88 16 0 2.75
82 6 0 2.0
48 27 0 3.75
243 11 0 4.0
255 19 0 3.0
357 29 0 3.25
292 29 0 2.5
145 2 0 3.5
43 10 0 3.25
300 2 0 3.75
272 10 0 2.25
234 12 0 2.0
288 17 0 2.5
1 21 0 3.25
18 29 0 3.25
310 32 0 2.25
2 14 0 3.75
234 23 0 3.5
281 14 0 3.5
258 9 0 2.75
74 29 0 2.75
190 13 0 3.75
314 7 0 2.5
105 21 0 4.0
260 21 0 2.25
213 26 0 2.0
94 26 0 2.0
345 20 0 4.0
2 13 0 3.0
319 2 0 3.25
338 10 0 3.0
176 17 0 2.5
27 17 0 3.5
116 26 0 3.5
267 11 0 3.25
93 27 0 3.25
176 25 0 3.25
143 52 0 2.25
48 10 0 3.5
80 27 0 3.75
199 10 0 3.25
326 9 0 4.0
105 19 0 2.5
22 29 0 3.5
291 7 0 4.0
25 45 0 3.5
234 23 0 2.0
179 23 0 2.0
113 20 0 3.0
265 26 0 2.75
167 12 0 2.75
319 19 0 3.5
109 16 0 3.0
44 4 0 3.25
116 14 0 2.25
217 6 0 2.5
18 30 0 3.75
38 1 0 2.75
78 27 0 3.25
65 16 0 2.0
63 13 0 2.5
109 21 0 3.75
165 17 0 3.75
135 3 0 4.0
116 10 0 2.0
47 0 0 3.75
123 21 0 3.75
121 29 0 2.75
211 20 0 2.5
278 1 0 3.75
334 8 0 2.25
160 30 0 3.0
13 21 0 3.5
33 2 0 2.25
265 26 0 2.0
340 25 0 3.25
316 4 0 2.5
282 46 0 3.75
255 24 0 2.75
354 8 0 3.0
23 5 0 2.75
230 10 0 4.0
127 22 0 2.5
163 3 0 2.0
282 19 0 3.5
199 10 0 2.25
275 23 0 3.25
102 26 0 2.5
184 21 0 3.5
135 5 0 3.75
312 11 0 2.5
153 5 0 2.75
324 8 0 3.5
327 14 0 2.25
108 6 0 2.25
90 10 0 3.25
125 4 0 4.0
10 8 0 2.5
345 20 0 2.5
296 9 0 3.5
0 18 0 4.0
99 22 0 3.0
27 17 0 3.0
83 29 0 3.0
114 14 0 2.25
284 28 0 2.25
331 11 0 3.0
351 9 0 3.0
316 22 0 3.5
248 13 0 3.25
304 16 0 2.0
176 22 0 2.0
27 8 0 3.0
117 22 0 2.5
256 13 0 4.0
217 19 0 2.5
91 28 0 2.75
136 55 0 2.0
349 20 0 3.25
167 5 0 4.0
254 24 0 2.0
327 74 0 3.5
343 17 0 2.25
276 10 0 2.25
157 4 0 4.0
75 5 0 4.0
222 28 0 3.75
73 6 0 2.25
249 26 0 2.5
18 8 0 4.0
307 43 0 2.75
210 16 0 3.0
281 16 0 3.0
117 22 0 3.5
120 26 0 3.75
228 17 0 3.5
224 24 0 2.25
336 25 0 3.75
174 11 0 2.25
339 23 0 3.25
168 57 0 3.0
278 3 0 2.75
78 29 0 3.5
68 0 0 3.25
269 20 0 2.75
124 9 0 2.75
223 8 0 3.0
107 3 0 2.5
220 29 0 4.0
349 3 0 2.25
46 18 0 2.25
4 4 0 2.5
91 20 0 3.5
338 1 0 3.25
95 26 0 2.0
305 27 0 3.0
138 13 0 3.25
173 2 0 3.25
216 13 0 3.5
149 18 0 3.25
151 9 0 3.75
195 19 0 2.75
46 17 0 2.75
310 9 0 4.0
175 7 0 4.0
61 10 0 3.25
147 9 0 3.75
294 20 0 2.0
288 4 0 4.0
78 23 0 2.5
202 27 0 2.75
359 17 0 2.25
202 26 0 2.5
112 2 0 2.5
110 28 0 2.5
349 30 0 2.75
236 11 0 2.25
76 23 0 4.0
134 15 0 3.75
157 15 0 2.5
318 24 0 2.0
55 16 0 2.75
120 16 0 3.75
12 12 0 2.25
331 29 0 2.75
335 21 0 2.75
350 2 0 2.0
63 28 0 3.0
327 23 0 3.75
64 6 0 2.25
4 0 0 2.5
340 2 0 3.75
253 25 0 4.0
224 3 0 3.0
206 23 0 2.75
32 6 0 2.5
330 4 0 3.75
335 30 0 3.25
312 14 0 2.0
130 6 0 2.75
57 23 0 4.0
297 18 0 3.75
36 3 0 3.0
292 17 0 2.75
5 23 0 3.25
136 50 0 2.5
280 67 0 3.25
225 11 0 2.75
239 1 0 3.25
350 20 0 2.0
246 22 0 2.5
188 27 0 3.75
316 18 0 2.0
92 54 0 2.0
117 25 0 2.25
294 15 0 2.0
242 61 0 2.25
120 6 0 3.5
330 21 0 3.5
45 8 0 2.75
265 13 0 3.5
68 18 0 2.25
352 8 0 2.5
126 4 0 2.75
229 12 0 2.25
292 26 0 4.0
126 24 0 2.0
45 26 0 2.25
232 10 0 3.5
251 6 0 3.75
58 16 0 2.75
353 5 0 3.0
54 0 0 3.0
38 12 0 2.75
69 9 0 3.75
297 3 0 3.5
348 5 0 2.5
224 4 0 3.5
304 1 0 3.5
112 24 0 3.75
148 2 0 2.75
128 15 0 3.75
96 10 0 2.0
317 10 0 3.0
20 6 0 3.5
220 8 0 2.5
38 12 0 3.75
71 13 0 3.75
356 14 0 3.75
99 30 0 4.0
277 19 0 3.75
315 17 0 2.75
57 3 0 2.5
349 29 0 3.75
313 9 0 3.25
193 26 0 4.0
127 15 0 2.0
126 80 0 2.25
47 5 0 2.0
28 28 0 2.0
241 30 0 3.5
47 2 0 2.0
136 21 0 2.0
145 19 0 2.5
120 16 0 2.0
218 29 0 3.25
233 24 0 3.75
121 23 0 3.75
227 27 0 3.25
61 1 0 2.75
127 19 0 3.0
179 6 0 2.5
24 3 0 3.5
245 26 0 4.0
74 6 0 2.75
308 27 0 2.25
181 29 0 4.0
15 10 0 3.75
290 5 0 2.75
140 29 0 2.0
287 7 0 3.25
14 38 0 2.5
350 11 0 3.5
109 2 0 2.5
290 13 0 3.0
78 25 0 3.0
311 0 0 4.0
297 20 0 4.0
85 18 0 2.5
70 26 0 2.0
125 9 0 4.0
23 0 0 3.0
151 10 0 2.5
50 20 0 2.0
220 30 0 3.75
337 3 0 3.5
108 18 0 2.5
224 18 0 2.0
353 22 0 2.25
320 27 0 3.25
20 5 0 2.5
186 9 0 3.75
334 0 0 2.25
37 24 0 2.75
143 2 0 3.5
251 16 0 4.0
327 6 0 2.25
104 13 0 3.75
106 11 0 3.25
44 9 0 3.0
76 19 0 3.5
68 27 0 3.25
92 21 0 4.0
97 24 0 3.25
330 6 0 2.5
289 24 0 2.5
128 11 0 4.0
81 5 0 3.75
61 8 0 3.25
272 58 0 2.75
305 11 0 3.25
141 16 0 3.75
173 25 0 2.0
278 27 0 2.25
225 30 0 3.0
298 22 0 2.5
156 3 0 4.0
299 10 0 3.75
327 20 0 4.0
106 31 0 3.25
231 1 0 3.25
200 7 0 3.0
73 13 0 2.5
19 11 0 3.25
272 12 0 3.75
79 17 0 2.5
270 11 0 2.75
221 20 0 3.75
284 28 0 2.0
128 7 0 3.75
284 8 0 2.0
241 22 0 3.75
150 5 0 3.75
242 17 0 2.25
16 16 0 3.75
162 28 0 2.25
32 13 0 2.75
226 15 0 3.5
48 4 0 3.0
14 18 0 2.75
65 25 0 2.0
157 18 0 2.0
82 1 0 3.0
273 16 0 2.25
205 5 0 2.75
105 20 0 2.25
192 6 0 3.0
103 30 0 2.75
192 52 0 3.25
291 21 0 3.25
284 1 0 2.75
330 15 0 3.0
56 13 0 2.25
57 27 0 2.25
300 2 0 3.0
203 0 0 3.25
79 30 0 2.25
57 16 0 4.0
161 14 0 3.0
176 59 0 2.25
340 25 0 3.5
173 9 0 3.0
32 3 0 2.5
133 10 0 2.0
304 18 0 4.0
355 28 0 3.75
209 20 0 2.25
64 28 0 2.75
64 27 0 2.5
32 3 0 2.0
19 22 0 3.0
179 4 0 3.0
102 11 0 2.75
2 5 0 2.0
300 7 0 3.25
221 30 0 4.0
184 12 0 2.0
130 71 0 3.25
192 13 0 2.0
141 4 0 3.5
231 0 0 2.5
349 42 0 3.25
147 0 0 3.25
20 18 0 3.0
306 17 0 3.0
2 21 0 3.25
154 26 0 2.0
142 43 0 2.25
132 14 0 3.5
304 9 0 2.25
351 27 0 3.5
178 23 0 3.5
161 70 0 3.5
207 3 0 3.25
26 17 0 4.0
235 6 0 3.75
169 20 0 3.0
95 12 0 4.0
277 20 0 2.5
112 27 0 3.25
295 9 0 2.5
39 26 0 3.5
178 19 0 2.25
11 23 0 2.25
162 25 0 2.0
304 20 0 2.25
98 19 0 3.75
80 6 0 3.25
314 6 0 3.5
187 17 0 2.75
354 27 0 2.0
182 2 0 3.25
274 14 0 3.25
97 8 0 2.25
186 25 0 2.0
175 7 0 2.5
102 4 0 2.75
122 28 0 3.0
289 0 0 3.25
77 21 0 3.5
14 8 0 3.0
148 23 0 3.75
106 33 0 2.25
209 22 0 3.5
246 14 0 2.5
210 21 0 2.0
136 19 0 3.5
335 6 0 3.0
107 26 0 2.5
216 1 0 3.0
31 58 0 3.25
311 22 0 3.0
221 26 0 4.0
89 12 0 2.75
310 27 0 4.0
334 16 0 2.0
62 18 0 3.5
289 2 0 2.0
107 9 0 3.5
51 12 0 3.5
105 13 0 3.75
217 3 0 2.0
113 7 0 2.5
296 7 0 3.5
183 9 0 3.5
246 9 0 3.75
228 5 0 3.75
40 7 0 2.75
351 4 0 2.5
116 1 0 3.25
279 24 0 2.25
122 18 0 3.5
319 27 0 3.0
190 20 0 2.5
139 11 0 3.0
105 29 0 2.25
181 7 0 2.5
305 5 0 2.75
75 27 0 2.5
48 25 0 4.0
135 7 0 3.5
50 13 0 3.25
224 6 0 4.0
204 19 0 3.0
142 5 0 2.0
96 28 0 2.5
141 8 0 4.0
171 26 0 2.0
340 11 0 4.0
67 2 0 2.5
245 9 0 2.75
45 14 0 2.75
215 7 0 2.0
260 4 0 3.75
250 20 0 2.0
208 38 0 4.0
223 17 0 3.25
333 6 0 2.5
351 10 0 3.25
314 28 0 3.75
12 29 0 2.25
302 12 0 2.25
261 24 0 2.5
162 20 0 4.0
179 1 0 3.0
229 14 0 3.75
32 11 0 2.0
286 0 0 3.75
49 20 0 3.75
222 5 0 2.75
258 41 0 2.0
342 21 0 3.0
3 4 0 2.0
25 9 0 2.5
3 2 0 3.0
243 24 0 3.25
20 24 0 2.0
245 26 0 3.75
125 0 0 2.25
340 0 0 4.0
260 0 0 3.0
113 0 0 3.25
243 26 0 3.75
281 10 0 3.5
203 26 0 3.75
81 4 0 2.25
167 43 0 3.75
94 30 0 3.0
14 19 0 2.0
293 30 0 3.0
66 21 0 2.25
174 26 0 3.75
344 21 0 3.0
318 25 0 2.25
25 6 0 3.5
215 22 0 2.25
356 25 0 3.25
176 24 0 2.5
188 18 0 2.5
296 10 0 2.75
115 1 0 2.75
187 7 0 2.75
92 5 0 2.25
117 15 0 3.5
354 4 0 3.25
231 17 0 4.0
44 18 0 4.0
179 28 0 3.75
50 18 0 2.0
198 0 0 3.25
172 34 0 3.75
174 21 0 2.75
55 2 0 2.25
353 25 0 4.0
41 15 0 2.0
320 29 0 2.25
236 13 0 2.25
195 2 0 4.0
272 8 0 2.75
329 17 0 3.0
309 58 0 3.75
142 29 0 3.5
214 24 0 3.5
284 24 0 2.75
165 13 0 3.0
135 20 0 3.5
132 6 0 3.25
184 29 0 4.0
253 21 0 4.0
150 7 0 3.75
213 8 0 2.0
53 12 0 3.0
9 24 0 3.5
87 4 0 2.0
81 17 0 3.5
1 29 0 4.0
341 25 0 2.0
98 20 0 2.5
129 1 0 2.25
228 18 0 2.5
333 4 0 4.0
44 17 0 2.25
319 15 0 2.75
273 5 0 3.25
341 14 0 3.0
191 0 0 2.25
197 5 0 4.0
318 15 0 2.0
210 27 0 3.5
38 25 0 2.0
217 13 0 2.0
57 28 0 2.5
345 25 0 4.0
39 3 0 2.25
181 5 0 2.75
53 4 0 2.0
191 8 0 3.0
290 12 0 3.0
282 0 0 3.0
355 1 0 3.75
287 11 0 3.25
26 30 0 2.75
198 27 0 3.0
104 4 0 2.25
151 13 0 3.0
121 15 0 2.75
238 14 0 3.5
134 20 0 2.5
82 14 0 2.0
347 26 0 4.0
129 27 0 3.5
357 10 0 3.25
91 29 0 2.25
229 18 0 2.75
340 23 0 3.25
95 19 0 2.75
3 9 0 2.5
32 14 0 2.5
282 17 0 3.25
226 0 0 2.75
165 26 0 3.0
184 2 0 3.75
324 13 0 3.5
55 16 0 2.0
242 4 0 3.0
255 20 0 4.0
18 2 0 4.0
208 24 0 2.5
97 0 0 2.25
216 12 0 3.5
186 7 0 2.5
198 49 0 3.25
216 4 0 2.25
51 15 0 2.75
291 25 0 2.5
318 26 0 3.0
114 30 0 3.0
143 26 0 3.75
172 7 0 3.25
205 12 0 3.0
232 15 0 3.25
288 9 0 4.0
295 25 0 4.0
82 12 0 2.25
162 27 0 2.5
202 6 0 3.25
348 21 0 2.5
207 28 0 4.0
272 16 0 3.25
205 23 0 2.25
30 15 0 2.25
289 17 0 3.25
234 29 0 3.75
334 30 0 2.75
89 15 0 4.0
328 8 0 2.0
18 4 0 2.5
246 17 0 2.75
186 43 0 2.75
32 21 0 3.75
90 9 0 3.75
79 26 0 3.5
225 3 0 3.25
62 20 0 2.5
353 28 0 3.75
269 28 0 2.25
18 15 0 2.25
223 9 0 2.75
233 25 0 2.25
173 24 0 4.0
51 1 0 3.25
165 17 0 2.0
139 63 0 2.75
252 27 0 3.0
18 25 0 3.5
197 22 0 2.0
300 6 0 2.25
234 21 0 3.25
352 5 0 2.25
311 7 0 3.75
175 10 0 2.5
136 23 0 2.0
298 2 0 2.75
177 19 0 3.25
144 9 0 4.0
266 28 0 2.25
129 15 0 3.5
152 28 0 3.0
89 17 0 3.75
206 30 0 2.25
322 28 0 3.25
166 6 0 2.5
108 20 0 2.25
3 24 0 3.75
51 9 0 2.25
249 20 0 3.5
22 28 0 3.0
358 23 0 2.0
105 10 0 3.75
298 7 0 3.0
344 25 0 3.75
247 27 0 2.0
161 0 0 2.5
29 5 0 3.5
189 8 0 3.0
49 6 0 3.5
50 19 0 2.25
350 26 0 2.0
291 27 0 4.0
213 24 0 2.0
278 6 0 3.0
345 25 0 3.25
181 29 0 2.25
90 1 0 3.5
295 21 0 4.0
187 6 0 2.0
24 19 0 2.5
42 4 0 2.5
96 23 0 2.0
329 9 0 3.25
35 19 0 3.0
45 7 0 3.5
190 7 0 4.0
3 25 0 3.25
351 23 0 3.25
293 10 0 3.25
308 30 0 3.5
3 27 0 4.0
160 20 0 3.25
185 27 0 2.0
233 11 0 4.0
342 13 0 3.25
262 18 0 2.25
154 5 0 3.5
143 16 0 4.0
90 23 0 2.5
155 9 0 3.25
65 3 0 3.25
84 17 0 3.75
301 6 0 3.75
157 4 0 2.5
28 12 0 3.75
58 26 0 4.0
102 9 0 2.0
88 18 0 3.75
136 20 0 3.75
176 29 0 3.5
262 19 0 2.25
37 51 0 3.0
73 3 0 2.5
313 27 0 2.0
260 7 0 4.0
127 12 0 2.25
237 5 0 2.25
222 3 0 4.0
222 10 0 3.75
147 18 0 3.25
284 2 0 3.0
206 28 0 2.0
62 29 0 4.0
28 21 0 2.0
200 27 0 4.0
229 25 0 3.75
138 2 0 2.0
86 25 0 3.5
298 15 0 2.5
335 23 0 2.0
49 7 0 2.75
30 8 0 3.5
18 10 0 2.75
75 5 0 2.0
334 4 0 3.75
37 13 0 2.5
249 29 0 3.0
195 23 0 2.25
268 1 0 2.25
314 27 0 2.75
80 28 0 3.0
49 13 0 2.25
1 30 0 4.0
81 2 0 3.75
256 1 0 2.25
213 5 0 2.25
72 21 0 3.75
359 12 0 3.25
49 23 0 3.0
324 5 0 3.0
281 21 0 2.5
218 13 0 2.0
59 8 0 3.75
173 1 0 3.25
188 21 0 2.25
203 20 0 2.75
51 15 0 4.0
88 19 0 3.0
281 15 0 2.25
83 1 0 2.5
125 23 0 3.0
174 7 0 2.75
272 30 0 3.25
210 15 0 3.5
236 19 0 2.0
52 24 0 2.75
193 14 0 2.0
149 4 0 3.25
72 19 0 2.75
229 13 0 2.75
88 38 0 3.25
182 60 0 3.75
33 5 0 2.25
304 24 0 4.0
136 10 0 2.25
285 26 0 3.5
83 21 0 4.0
40 34 0 2.0
130 13 0 3.25
298 2 0 3.75
58 4 0 3.75
81 20 0 2.75
112 36 0 2.5
317 1 0 2.0
119 22 0 4.0
334 11 0 2.5
13 1 0 2.5
262 9 0 4.0
172 26 0 3.75
48 22 0 4.0
347 17 0 2.5
269 14 0 3.5
156 27 0 3.25
144 1 0 2.25
305 27 0 3.25
298 26 0 2.0
107 30 0 2.75
315 21 0 3.0
257 18 0 3.25
300 24 0 3.75
78 1 0 2.25
271 41 0 3.75
217 19 0 3.5
273 9 0 2.0
356 10 0 4.0
161 30 0 3.0
61 33 0 4.0
45 30 0 3.75
267 6 0 2.0
295 8 0 3.25
357 16 0 4.0
195 8 0 3.5
210 19 0 4.0
22 21 0 3.5
10 1 0 3.25
30 14 0 4.0
68 17 0 3.25
169 21 0 4.0
284 1 0 3.5
15 11 0 2.75
176 12 0 3.75
114 12 0 2.75
224 7 0 3.5
105 15 0 3.0
256 29 0 2.0
210 7 0 2.75
357 2 0 4.0
302 32 0 4.0
148 11 0 4.0
5 23 0 2.5
187 20 0 2.25
341 19 0 3.0
331 15 0 2.25
78 5 0 4.0
192 5 0 3.25
314 49 0 3.25
4 25 0 4.0
129 19 0 3.75
224 11 0 3.0
39 5 0 2.75
204 20 0 2.25
282 28 0 4.0
232 32 0 3.25
204 7 0 2.75
65 7 0 4.0
8 25 0 3.75
329 18 0 3.75
0 7 0 4.0
31 15 0 3.25
331 22 0 3.25
82 28 0 2.0
22 22 0 3.75
287 3 0 3.25
258 26 0 2.0
73 27 0 3.75
339 0 0 2.5
207 10 0 3.5
347 22 0 3.75
111 70 0 2.75
172 15 0 3.5
41 28 0 3.5
256 10 0 3.75
100 0 0 2.5
8 24 0 2.5
207 31 0 3.0
127 3 0 3.0
9 27 0 2.0
230 47 0 3.25
194 54 0 3.75
4 28 0 2.0
254 3 0 3.5
324 21 0 2.75
89 8 0 2.0
308 28 0 3.25
309 0 0 4.0
257 53 0 4.0
29 16 0 2.5
350 0 0 3.5
242 60 0 3.0
320 10 0 3.0
324 0 0 2.25
202 18 0 2.75
121 22 0 2.75
8 1 0 3.0
125 26 0 3.0
6 1 0 3.0
249 21 0 3.75
185 14 0 3.25
50 10 0 4.0
163 27 0 4.0
200 0 0 3.0
297 25 0 2.5
175 8 0 2.5
206 25 0 3.0
216 60 0 2.0
110 23 0 4.0
11 45 0 3.5
220 10 0 2.25
276 9 0 2.25
248 10 0 3.5
92 52 0 3.5
238 21 0 3.5
15 1 0 3.0
92 70 0 3.75
76 15 0 3.5
40 31 0 3.75
246 20 0 3.25
54 5 0 4.0
42 43 0 2.0
101 25 0 3.5
359 1 0 2.5
33 3 0 3.5
81 21 0 3.0
238 15 0 3.0
32 29 0 2.75
235 5 0 2.25
47 11 0 2.5
167 41 0 3.75
311 21 0 3.5
118 10 0 2.75
46 21 0 3.5
64 11 0 3.5
168 24 0 2.75
67 21 0 2.25
300 3 0 3.75
262 6 0 2.5
221 29 0 2.75
246 47 0 2.5
273 16 0 2.5
326 16 0 3.0
102 7 0 4.0
357 18 0 2.25
151 20 0 3.25
314 11 0 2.5
338 30 0 3.5
118 15 0 3.5
88 26 0 3.5
100 29 0 2.25
206 30 0 3.25
316 6 0 2.5
265 17 0 3.5
225 3 0 3.0
249 29 0 3.5
231 27 0 3.0
126 13 0 4.0
298 15 0 2.75
249 25 0 2.5
27 6 0 4.0
197 14 0 2.75
136 23 0 3.5
219 24 0 2.75
236 27 0 2.75
340 30 0 2.75
13 40 0 3.25
259 7 0 3.25
198 3 0 4.0
101 1 0 3.0
301 21 0 4.0
123 6 0 2.5
180 23 0 2.25
20 23 0 2.75
79 12 0 2.5
312 30 0 2.25
296 48 0 2.0
115 25 0 3.25
113 17 0 2.75
167 21 0 3.25
22 33 0 3.5
99 14 0 4.0
349 30 0 3.5
347 23 0 2.5
231 3 0 3.5
108 17 0 4.0
81 1 0 3.25
7 5 0 3.25
87 25 0 3.25
96 18 0 4.0
168 11 0 2.0
14 2 0 2.25
252 1 0 2.75
129 11 0 4.0
114 22 0 3.25
205 13 0 4.0
206 11 0 2.25
9 7 0 2.25
