31 3 0 2.75
121 4 0 2.75
202 5 0 3.0
328 0 0 4.0
319 1 0 3.0
210 25 0 3.25
179 18 0 2.25
11 23 0 4.0
123 6 0 4.0
121 16 0 2.75
60 26 0 2.0
111 6 0 3.0
30 18 0 2.0
265 8 0 2.25
8 9 0 2.25
30 23 0 3.5
74 2 0 2.0
137 25 0 2.0
242 24 0 2.75
324 14 0 2.5
146 8 0 3.25
341 5 0 2.25
175 10 0 3.0
6 27 0 2.25
184 19 0 3.5
22 13 0 4.0
265 15 0 3.5
79 9 0 3.25
29 6 0 2.25
6 22 0 2.75
9 15 0 2.0
324 18 0 2.25
116 15 0 3.5
207 6 0 3.25
312 16 0 2.25
223 9 0 4.0
245 27 0 2.25
328 27 0 4.0
307 13 0 2.75
349 4 0 2.5
304 14 0 3.25
174 16 0 2.75
204 9 0 2.5
178 8 0 2.0
190 23 0 3.5
199 16 0 4.0
187 20 0 2.25
173 55 0 2.5
150 7 0 2.25
80 19 0 3.75
147 26 0 3.0
87 28 0 4.0
268 1 0 2.25
9 7 0 3.0
192 55 0 4.0
243 26 0 3.0
228 7 0 2.0
111 22 0 2.5
142 1 0 4.0
260 28 0 2.75
191 27 0 3.5
297 18 0 2.0
29 19 0 3.5
356 20 0 3.5
350 24 0 2.0
183 5 0 2.75
194 7 0 2.0
163 12 0 2.75
228 8 0 3.25
183 13 0 3.25
288 8 0 2.25
227 7 0 2.75
108 4 0 2.0
304 27 0 3.25
332 7 0 3.75
356 14 0 3.75
113 7 0 2.75
178 13 0 3.5
359 26 0 3.0
234 2 0 3.25
141 29 0 3.0
182 1 0 3.25
189 25 0 3.75
224 19 0 2.5
273 26 0 3.75
244 13 0 3.5
249 4 0 3.75
301 66 0 2.25
35 25 0 3.75
25 30 0 3.75
129 10 0 3.5
271 28 0 2.25
38 28 0 3.25
142 26 0 2.75
234 9 0 2.5
56 20 0 4.0
193 23 0 3.0
31 6 0 3.5
16 0 0 2.5
187 22 0 2.75
325 38 0 2.75
349 34 0 2.25
132 8 0 3.75
30 14 0 2.5
339 11 0 3.75
115 23 0 2.75
9 16 0 3.25
246 33 0 3.25
161 26 0 2.5
346 21 0 2.75
329 13 0 3.75
159 29 0 3.0
33 27 0 2.0
48 16 0 3.75
279 30 0 2.25
258 22 0 2.75
48 51 0 3.25
147 4 0 3.25
339 2 0 2.75
72 8 0 3.0
157 7 0 3.0
210 4 0 2.75
254 1 0 3.75
22 0 0 3.25
197 21 0 3.0
77 4 0 4.0
281 17 0 3.5
276 26 0 2.5
137 21 0 2.5
3 19 0 2.25
230 41 0 2.25
330 23 0 4.0
330 29 0 2.5
282 45 0 2.25
259 28 0 3.25
164 17 0 3.25
89 9 0 3.75
328 26 0 2.5
160 52 0 3.0
325 4 0 2.75
278 8 0 3.25
317 12 0 2.5
351 23 0 3.25
69 13 0 4.0
90 7 0 2.0
52 21 0 3.75
243 18 0 4.0
289 4 0 3.25
198 9 0 2.0
258 12 0 2.5
336 22 0 2.25
322 4 0 2.5
12 24 0 2.25
131 19 0 3.25
200 26 0 2.75
252 22 0 3.0
164 26 0 3.5
108 18 0 2.0
92 8 0 3.5
115 41 0 2.25
299 24 0 3.75
84 29 0 4.0
229 15 0 3.5
33 0 0 3.5
79 24 0 2.5
116 29 0 2.25
86 18 0 2.25
229 29 0 3.75
12 18 0 2.25
143 7 0 3.0
202 13 0 2.5
124 12 0 2.75
336 28 0 2.75
350 4 0 3.0
48 2 0 2.5
143 12 0 2.5
6 27 0 3.25
50 12 0 3.25
176 8 0 3.25
128 19 0 3.75
168 27 0 2.25
295 8 0 2.25
237 4 0 2.5
80 10 0 4.0
34 11 0 3.75
103 16 0 2.5
12 27 0 3.75
317 1 0 2.0
114 18 0 4.0
164 2 0 2.0
251 25 0 3.25
53 22 0 2.25
43 24 0 2.0
272 22 0 3.75
64 26 0 4.0
194 8 0 3.75
150 9 0 4.0
48 12 0 4.0
35 28 0 3.0
179 15 0 3.25
20 25 0 3.75
197 7 0 3.0
108 21 0 3.25
128 27 0 3.75
187 3 0 2.5
350 15 0 3.25
346 25 0 3.5
15 27 0 2.25
242 6 0 3.0
146 11 0 2.75
282 15 0 2.25
2 10 0 4.0
46 6 0 3.25
260 25 0 3.0
74 20 0 3.25
10 5 0 3.0
24 14 0 2.0
272 5 0 3.25
316 21 0 2.0
1 3 0 4.0
121 14 0 2.0
115 20 0 2.0
156 9 0 2.5
243 5 0 3.0
285 30 0 2.25
57 18 0 2.75
282 11 0 2.5
74 6 0 4.0
85 13 0 3.0
22 14 0 2.5
188 24 0 2.5
134 21 0 2.5
197 0 0 2.25
269 16 0 3.75
226 15 0 3.75
250 8 0 3.5
179 24 0 3.5
303 27 0 3.0
29 11 0 3.5
99 6 0 3.5
41 27 0 2.0
13 3 0 3.25
39 11 0 3.75
187 11 0 3.0
244 3 0 2.0
146 6 0 2.75
124 25 0 2.0
61 22 0 2.5
116 24 0 3.5
172 29 0 3.5
12 7 0 2.25
181 5 0 3.25
297 28 0 3.25
116 7 0 3.25
172 10 0 3.75
192 24 0 4.0
211 0 0 3.0
13 1 0 2.0
288 15 0 3.25
266 14 0 3.75
267 11 0 3.0
161 59 0 2.75
347 25 0 3.75
218 8 0 2.0
352 18 0 2.25
323 10 0 3.0
151 9 0 4.0
28 22 0 2.25
220 14 0 4.0
160 0 0 3.25
70 28 0 2.25
311 43 0 3.25
311 23 0 2.5
105 24 0 3.5
115 6 0 3.75
12 15 0 2.0
301 20 0 3.0
221 24 0 3.75
136 21 0 3.0
320 57 0 2.25
329 27 0 2.0
325 5 0 3.25
256 73 0 3.0
355 30 0 2.25
208 19 0 2.25
298 19 0 3.5
202 20 0 3.75
216 12 0 2.0
222 28 0 3.5
74 29 0 2.75
340 19 0 2.25
301 5 0 2.25
12 3 0 2.75
355 27 0 3.25
4 15 0 3.5
323 15 0 2.75
26 11 0 4.0
22 10 0 2.0
242 10 0 3.0
252 14 0 3.75
15 7 0 3.25
167 49 0 2.75
119 9 0 2.5
182 9 0 2.0
276 14 0 3.0
209 24 0 4.0
224 20 0 3.0
338 25 0 2.25
23 26 0 2.0
79 11 0 2.5
334 10 0 2.5
71 11 0 2.25
182 11 0 2.25
148 5 0 2.25
298 72 0 3.25
196 28 0 4.0
251 26 0 2.75
33 1 0 2.75
95 29 0 3.75
343 28 0 3.25
358 21 0 2.75
283 8 0 3.0
280 15 0 3.0
189 26 0 3.75
29 19 0 3.75
205 0 0 3.25
353 18 0 2.25
142 26 0 2.25
222 13 0 3.75
261 10 0 2.5
147 28 0 2.5
118 23 0 2.0
110 7 0 2.25
299 56 0 4.0
174 2 0 3.0
187 0 0 3.75
315 21 0 2.75
89 1 0 3.25
90 14 0 3.75
218 19 0 2.25
220 17 0 3.5
205 27 0 2.0
359 10 0 3.75
265 24 0 2.5
153 15 0 3.25
164 0 0 3.25
293 14 0 2.0
15 19 0 2.25
279 27 0 3.5
225 20 0 2.0
57 12 0 2.75
99 21 0 2.25
192 11 0 3.0
270 15 0 3.75
17 29 0 4.0
83 24 0 2.0
338 19 0 3.75
10 7 0 2.75
71 10 0 4.0
237 12 0 3.5
38 5 0 3.25
356 1 0 3.25
290 22 0 2.0
197 2 0 3.0
260 9 0 4.0
320 20 0 2.25
341 16 0 2.5
359 23 0 3.75
272 23 0 4.0
2 7 0 2.75
166 19 0 4.0
335 24 0 2.5
224 22 0 3.5
344 30 0 2.75
359 31 0 2.0
38 28 0 4.0
15 25 0 2.5
27 14 0 2.5
70 5 0 2.5
350 20 0 3.75
39 23 0 3.5
13 11 0 2.75
189 20 0 3.75
111 55 0 3.5
297 6 0 3.75
279 25 0 2.0
254 15 0 3.0
46 20 0 4.0
96 23 0 3.0
114 9 0 4.0
259 23 0 3.75
125 0 0 2.0
265 23 0 2.0
216 3 0 3.5
101 8 0 2.5
234 30 0 3.25
302 3 0 3.25
241 11 0 4.0
11 10 0 2.5
223 3 0 4.0
331 12 0 3.5
302 25 0 3.5
109 28 0 3.0
14 28 0 2.25
284 4 0 2.75
224 21 0 3.0
138 23 0 2.25
252 2 0 3.75
42 19 0 2.75
347 5 0 4.0
135 22 0 3.5
338 2 0 4.0
5 0 0 2.25
226 17 0 3.75
229 25 0 2.75
234 4 0 3.5
123 20 0 2.25
190 12 0 3.5
308 54 0 3.25
73 9 0 2.5
283 10 0 2.5
13 2 0 3.0
282 5 0 3.75
145 4 0 2.25
42 21 0 3.75
174 12 0 2.25
48 13 0 3.75
208 12 0 3.75
325 23 0 2.75
209 25 0 2.25
12 5 0 3.25
191 21 0 3.0
104 10 0 4.0
16 16 0 3.75
346 15 0 2.75
343 24 0 2.75
201 23 0 3.0
24 13 0 4.0
336 22 0 4.0
102 6 0 2.75
190 25 0 3.5
95 4 0 2.75
196 17 0 2.5
357 27 0 2.75
261 6 0 3.5
304 6 0 2.75
148 12 0 2.0
154 35 0 2.5
358 3 0 3.75
239 23 0 2.75
329 55 0 2.25
20 22 0 3.25
332 0 0 2.5
331 19 0 3.25
223 17 0 2.5
102 11 0 2.5
173 22 0 2.75
51 4 0 2.25
126 26 0 3.5
163 2 0 3.25
356 17 0 4.0
98 29 0 3.5
32 20 0 3.75
188 24 0 3.5
78 28 0 3.5
159 29 0 2.75
244 5 0 4.0
248 1 0 2.5
177 8 0 2.0
105 11 0 3.0
323 16 0 2.25
274 20 0 3.5
141 16 0 3.25
157 20 0 3.25
12 0 0 4.0
171 25 0 2.25
83 28 0 3.25
73 71 0 4.0
227 11 0 4.0
323 18 0 4.0
209 15 0 3.5
350 7 0 4.0
195 15 0 3.5
226 17 0 2.25
328 27 0 2.25
160 3 0 2.0
11 50 0 4.0
294 24 0 3.5
191 0 0 2.5
339 18 0 3.0
16 14 0 4.0
59 0 0 3.75
145 20 0 3.25
230 8 0 3.5
209 3 0 4.0
118 20 0 4.0
39 6 0 2.0
120 36 0 3.75
107 2 0 3.75
130 29 0 2.25
69 23 0 3.25
245 26 0 2.25
14 5 0 3.5
202 21 0 3.25
60 24 0 2.75
40 1 0 3.0
52 12 0 3.75
330 15 0 2.5
103 12 0 2.5
35 28 0 4.0
359 14 0 4.0
261 9 0 3.75
204 25 0 3.75
144 15 0 2.25
174 27 0 3.5
356 15 0 2.25
166 9 0 2.75
148 30 0 3.0
101 17 0 3.5
200 0 0 2.0
67 23 0 3.5
265 4 0 2.0
345 19 0 3.75
340 13 0 2.25
114 56 0 3.75
201 30 0 3.75
105 10 0 4.0
130 8 0 3.0
343 8 0 2.75
121 7 0 3.75
194 6 0 2.0
200 27 0 2.25
218 17 0 2.5
315 12 0 3.5
195 10 0 2.5
54 31 0 3.75
310 1 0 4.0
11 22 0 4.0
168 25 0 3.25
39 3 0 2.5
169 13 0 2.25
308 15 0 3.5
258 16 0 3.25
92 2 0 4.0
16 10 0 3.0
188 12 0 3.75
294 14 0 4.0
321 18 0 3.5
53 19 0 3.0
228 22 0 3.25
21 30 0 2.5
128 22 0 3.0
145 18 0 3.0
249 13 0 2.0
169 3 0 3.25
180 15 0 3.0
314 20 0 2.5
256 4 0 2.25
229 16 0 3.75
176 20 0 3.25
70 27 0 2.5
238 59 0 3.75
340 0 0 3.75
274 4 0 3.5
210 30 0 2.75
72 29 0 3.5
18 21 0 4.0
222 7 0 3.5
176 15 0 2.0
114 3 0 4.0
58 0 0 2.0
316 24 0 3.5
359 4 0 2.0
76 29 0 2.25
10 15 0 2.5
214 34 0 2.75
117 52 0 3.0
330 17 0 2.25
47 18 0 3.75
281 9 0 3.25
46 23 0 4.0
94 17 0 3.25
170 25 0 3.5
52 20 0 2.75
76 10 0 4.0
112 8 0 3.75
341 14 0 2.0
257 8 0 2.75
189 30 0 2.25
156 4 0 3.25
57 21 0 3.0
327 26 0 4.0
315 50 0 2.75
254 6 0 3.25
240 5 0 2.25
153 13 0 3.0
348 10 0 2.5
130 9 0 3.25
205 12 0 3.5
125 15 0 4.0
67 13 0 3.5
97 7 0 3.75
44 25 0 2.5
264 11 0 2.25
71 25 0 2.25
158 50 0 2.75
118 1 0 3.25
325 18 0 2.0
193 2 0 3.25
92 17 0 3.0
217 29 0 4.0
213 27 0 3.5
252 18 0 3.5
80 30 0 2.0
302 28 0 2.75
201 27 0 4.0
122 19 0 2.0
56 18 0 3.25
70 17 0 2.75
358 15 0 3.75
146 4 0 3.25
359 18 0 2.5
48 4 0 4.0
345 17 0 2.0
230 12 0 2.5
102 23 0 3.75
69 3 0 2.0
64 20 0 3.5
115 27 0 3.0
30 14 0 2.75
21 19 0 3.0
308 14 0 4.0
290 11 0 2.0
345 7 0 2.0
78 28 0 4.0
177 10 0 3.75
292 0 0 2.75
169 22 0 2.0
242 21 0 2.5
93 5 0 3.5
5 23 0 3.5
268 25 0 3.5
294 10 0 2.0
163 5 0 3.0
334 3 0 3.5
302 4 0 3.0
32 10 0 2.0
257 9 0 2.5
304 30 0 2.75
31 2 0 3.5
11 0 0 4.0
234 21 0 2.25
228 16 0 3.25
57 20 0 2.75
93 28 0 3.5
262 11 0 4.0
339 6 0 3.0
260 0 0 3.25
337 30 0 2.75
7 16 0 2.0
184 3 0 2.5
1 33 0 2.75
212 23 0 2.0
174 10 0 3.0
97 17 0 3.5
342 25 0 2.0
254 24 0 3.25
42 15 0 4.0
257 12 0 3.5
291 74 0 3.5
288 20 0 2.25
73 8 0 2.25
358 19 0 2.0
155 77 0 3.5
355 11 0 3.75
254 34 0 2.25
101 29 0 2.75
83 0 0 3.5
324 27 0 2.0
209 22 0 3.25
91 22 0 3.0
182 22 0 2.75
117 9 0 2.0
280 14 0 3.25
328 30 0 3.5
112 26 0 2.75
339 15 0 4.0
10 6 0 2.0
327 9 0 3.25
175 26 0 3.75
134 18 0 2.25
295 21 0 4.0
233 20 0 2.25
115 19 0 3.0
166 5 0 2.0
224 26 0 3.75
151 22 0 2.75
228 29 0 2.25
120 22 0 2.75
34 5 0 3.5
183 10 0 3.5
201 7 0 2.5
222 15 0 3.75
10 1 0 4.0
233 69 0 2.5
215 30 0 3.75
77 26 0 3.0
235 32 0 3.25
344 9 0 3.0
340 21 0 4.0
228 4 0 2.0
7 11 0 2.75
224 18 0 2.0
9 11 0 2.5
223 22 0 3.75
155 26 0 2.0
140 16 0 2.25
345 10 0 2.5
142 17 0 3.75
356 18 0 3.25
226 10 0 3.25
234 8 0 3.0
234 26 0 3.5
185 12 0 2.75
209 14 0 2.75
213 23 0 2.75
352 20 0 3.0
351 21 0 2.0
206 25 0 2.75
177 24 0 2.0
281 22 0 2.5
212 13 0 2.5
120 14 0 4.0
217 6 0 3.0
43 28 0 3.75
261 12 0 3.25
200 28 0 3.5
322 26 0 3.25
109 25 0 3.0
320 4 0 3.75
238 14 0 3.75
25 6 0 4.0
61 20 0 3.5
31 16 0 2.75
128 20 0 2.5
185 7 0 2.5
288 15 0 2.5
287 13 0 2.0
46 29 0 2.5
297 14 0 2.25
218 26 0 3.0
107 5 0 3.5
331 8 0 3.25
62 5 0 2.25
271 25 0 2.75
99 30 0 2.5
307 3 0 2.25
188 15 0 3.25
11 6 0 3.0
205 48 0 2.75
117 28 0 3.0
238 15 0 4.0
240 0 0 2.25
132 22 0 4.0
161 17 0 3.0
129 20 0 4.0
92 12 0 3.0
208 26 0 3.5
100 22 0 3.25
340 13 0 4.0
175 18 0 3.75
299 16 0 2.75
99 5 0 3.5
76 5 0 2.25
108 0 0 3.75
98 40 0 3.75
64 30 0 2.75
273 22 0 2.75
205 24 0 3.75
319 16 0 3.25
119 21 0 2.5
105 28 0 2.75
333 22 0 2.0
336 13 0 4.0
159 8 0 2.25
354 9 0 4.0
57 22 0 3.75
39 60 0 3.25
65 19 0 3.25
284 1 0 2.25
307 1 0 3.75
104 24 0 2.0
282 13 0 3.0
112 16 0 3.25
160 28 0 2.25
174 20 0 3.25
18 22 0 2.0
338 15 0 3.75
159 24 0 3.0
4 30 0 2.0
16 7 0 3.25
167 17 0 3.5
22 4 0 2.75
253 2 0 3.5
115 14 0 2.25
196 14 0 2.25
269 15 0 3.5
135 9 0 2.75
167 14 0 4.0
87 19 0 2.25
169 13 0 3.75
98 14 0 3.75
236 22 0 3.25
265 17 0 4.0
237 6 0 2.5
131 12 0 4.0
40 4 0 3.25
202 26 0 3.25
183 0 0 3.5
221 19 0 3.25
9 4 0 2.75
248 18 0 2.75
230 13 0 3.5
138 21 0 3.25
312 3 0 2.75
16 29 0 2.5
212 20 0 2.5
347 12 0 2.75
97 25 0 3.0
245 20 0 3.25
27 26 0 2.25
224 30 0 3.25
51 21 0 2.75
337 12 0 2.25
88 14 0 2.25
226 11 0 2.75
39 14 0 3.5
347 2 0 3.5
33 26 0 2.5
206 8 0 2.25
237 27 0 2.5
228 31 0 3.0
256 14 0 3.25
36 13 0 2.25
306 27 0 2.0
208 25 0 2.0
291 33 0 4.0
245 22 0 4.0
278 6 0 3.5
147 19 0 2.0
21 54 0 2.0
334 12 0 3.25
94 26 0 2.25
149 30 0 3.0
356 27 0 3.25
32 14 0 2.0
210 40 0 3.75
11 3 0 3.0
72 0 0 3.5
229 28 0 4.0
15 23 0 2.5
166 18 0 4.0
206 10 0 3.5
209 18 0 3.0
253 39 0 2.5
180 11 0 2.25
32 19 0 3.0
73 0 0 4.0
114 38 0 2.25
84 28 0 2.75
92 17 0 4.0
326 8 0 3.0
257 6 0 3.5
84 18 0 2.5
184 29 0 2.25
358 4 0 3.25
183 1 0 2.25
345 4 0 2.75
74 1 0 2.0
187 27 0 4.0
127 0 0 2.0
237 9 0 3.0
131 70 0 3.25
137 10 0 3.25
315 3 0 3.25
328 45 0 4.0
343 23 0 3.0
36 2 0 2.25
214 30 0 3.5
15 3 0 4.0
323 10 0 2.25
297 30 0 2.0
219 30 0 3.5
35 6 0 2.75
223 28 0 2.5
80 10 0 2.5
104 12 0 3.75
194 0 0 3.0
319 16 0 2.0
217 20 0 2.5
195 8 0 2.0
246 27 0 2.75
26 15 0 3.5
226 18 0 2.0
219 7 0 2.75
306 1 0 3.5
42 14 0 3.75
331 20 0 2.0
160 9 0 2.25
51 6 0 2.0
353 18 0 2.75
133 23 0 2.75
189 10 0 4.0
249 16 0 2.0
89 26 0 3.0
212 30 0 3.5
218 18 0 3.0
244 21 0 2.75
292 15 0 3.0
308 29 0 2.75
87 9 0 3.5
177 32 0 2.0
126 29 0 3.25
34 22 0 3.0
76 28 0 2.75
4 30 0 3.75
234 51 0 2.25
202 24 0 2.0
244 27 0 2.75
357 4 0 2.0
83 8 0 2.0
200 6 0 3.5
323 5 0 3.25
48 3 0 3.0
16 30 0 3.25
101 21 0 2.75
98 24 0 2.0
113 27 0 2.25
271 30 0 2.75
222 4 0 2.75
94 14 0 3.5
235 18 0 2.75
174 9 0 3.0
85 13 0 2.0
25 28 0 2.25
148 19 0 2.5
175 22 0 2.75
116 19 0 4.0
236 6 0 2.0
18 0 0 2.25
359 6 0 2.5
181 11 0 2.25
188 19 0 4.0
237 7 0 4.0
99 10 0 3.25
219 21 0 2.75
24 16 0 3.25
255 11 0 2.75
353 12 0 4.0
163 26 0 2.5
167 8 0 2.75
279 13 0 3.5
90 19 0 3.75
82 21 0 4.0
170 13 0 4.0
149 3 0 2.5
125 24 0 2.25
235 12 0 2.75
236 10 0 2.25
283 29 0 2.75
280 25 0 3.75
93 14 0 2.75
277 3 0 3.0
193 12 0 3.75
153 28 0 3.25
81 20 0 3.0
61 19 0 2.25
339 28 0 3.25
343 6 0 2.0
318 23 0 3.5
191 20 0 2.75
5 17 0 3.5
4 28 0 3.75
109 24 0 2.25
74 30 0 4.0
300 8 0 2.5
200 14 0 2.5
193 14 0 2.0
271 26 0 2.25
20 60 0 3.75
109 5 0 2.0
276 15 0 2.25
160 25 0 4.0
251 11 0 3.0
263 8 0 4.0
171 13 0 3.0
330 0 0 3.0
356 9 0 3.75
184 9 0 2.75
205 10 0 3.25
163 18 0 3.0
88 16 0 4.0
226 27 0 2.5
147 7 0 2.25
355 9 0 2.0
10 10 0 3.75
341 7 0 2.75
29 1 0 3.0
161 9 0 2.0
260 5 0 4.0
16 22 0 3.75
239 17 0 2.25
87 25 0 2.75
302 10 0 2.5
113 19 0 3.25
34 3 0 2.5
289 18 0 2.75
17 3 0 3.5
235 58 0 2.25
292 22 0 2.5
302 1 0 2.5
100 60 0 2.75
321 16 0 3.75
103 24 0 4.0
283 6 0 2.0
217 4 0 2.75
256 3 0 3.75
74 12 0 3.75
261 22 0 3.0
318 13 0 2.25
289 5 0 4.0
199 24 0 2.25
123 2 0 2.5
28 2 0 3.25
333 4 0 3.75
195 23 0 4.0
119 10 0 4.0
266 4 0 4.0
220 10 0 3.75
183 6 0 3.25
172 1 0 2.5
80 26 0 4.0
112 24 0 2.5
18 10 0 2.5
133 11 0 2.5
176 58 0 2.0
253 3 0 2.75
9 12 0 2.75
54 31 0 2.5
133 1 0 3.25
184 30 0 3.5
277 21 0 2.25
97 18 0 2.25
149 22 0 3.75
156 21 0 2.25
163 25 0 2.75
336 18 0 2.5
188 19 0 3.0
260 26 0 4.0
62 20 0 2.75
45 1 0 2.0
56 20 0 2.5
257 8 0 2.25
79 1 0 3.25
35 30 0 3.5
270 4 0 2.75
8 22 0 3.25
25 13 0 3.75
264 25 0 3.0
117 5 0 3.25
3 12 0 3.25
153 39 0 3.25
61 0 0 3.5
76 17 0 3.75
16 18 0 2.5
293 1 0 2.25
112 8 0 2.75
334 28 0 2.0
271 23 0 2.5
212 21 0 3.75
332 5 0 3.75
313 23 0 2.25
133 7 0 3.75
47 15 0 3.0
117 11 0 2.25
256 8 0 3.25
175 20 0 2.75
18 27 0 3.0
271 22 0 3.0
285 29 0 2.75
99 25 0 2.25
71 0 0 3.0
37 18 0 2.25
83 9 0 3.25
124 30 0 4.0
175 23 0 3.5
147 26 0 2.75
314 3 0 4.0
21 23 0 3.25
57 7 0 2.5
24 15 0 2.25
179 1 0 2.5
308 6 0 2.25
36 25 0 3.5
138 5 0 2.5
154 17 0 2.25
304 30 0 3.75
349 27 0 2.5
253 15 0 3.5
48 29 0 2.0
133 22 0 2.25
164 29 0 3.5
195 1 0 2.0
286 23 0 2.0
13 26 0 2.0
40 27 0 2.25
299 1 0 3.25
7 7 0 3.25
109 26 0 2.5
147 27 0 2.5
92 9 0 4.0
75 18 0 3.0
159 7 0 3.5
299 26 0 3.75
122 22 0 3.75
204 38 0 2.75
196 20 0 2.0
236 14 0 2.5
54 15 0 3.25
306 23 0 3.75
225 16 0 3.0
143 28 0 3.5
53 5 0 2.75
217 10 0 4.0
198 19 0 3.5
232 21 0 3.75
283 18 0 4.0
275 4 0 3.75
195 61 0 2.25
106 10 0 3.5
111 14 0 2.0
58 25 0 3.0
304 28 0 2.0
134 30 0 4.0
246 3 0 4.0
124 27 0 3.75
220 23 0 2.25
186 3 0 3.0
192 29 0 2.5
95 16 0 3.0
245 38 0 3.25
156 19 0 3.0
108 25 0 4.0
315 29 0 3.25
249 11 0 3.0
324 20 0 2.75
111 2 0 3.5
173 19 0 2.75
339 3 0 3.0
66 18 0 3.5
266 9 0 2.5
215 9 0 4.0
81 15 0 3.5
287 28 0 2.75
271 3 0 2.75
228 27 0 3.25
199 1 0 3.0
280 10 0 3.5
64 21 0 3.5
45 22 0 3.75
354 13 0 2.5
15 23 0 3.5
30 26 0 3.0
92 2 0 3.0
261 23 0 3.75
309 4 0 2.25
243 9 0 3.5
9 8 0 2.0
183 3 0 2.5
281 6 0 2.75
136 10 0 2.25
59 30 0 2.0
129 4 0 2.25
34 53 0 2.0
74 17 0 2.25
77 0 0 3.25
196 28 0 2.25
47 16 0 3.75
80 23 0 2.25
93 28 0 2.0
85 26 0 2.0
74 12 0 3.25
154 25 0 2.5
170 6 0 2.5
303 7 0 4.0
222 18 0 2.5
352 3 0 4.0
33 10 0 4.0
34 6 0 3.5
71 16 0 3.5
214 22 0 2.75
86 14 0 3.25
195 4 0 2.5
26 6 0 2.0
188 12 0 3.5
96 25 0 3.25
3 2 0 2.0
225 20 0 4.0
333 12 0 3.25
31 5 0 3.75
343 3 0 2.5
125 6 0 2.5
174 18 0 4.0
223 13 0 3.0
231 27 0 3.75
146 7 0 3.5
299 52 0 3.5
92 2 0 3.5
35 17 0 2.0
302 16 0 3.25
16 24 0 2.0
21 19 0 2.0
93 3 0 2.5
65 25 0 3.75
219 24 0 2.75
255 9 0 3.0
250 30 0 3.0
173 5 0 3.75
139 28 0 2.0
96 15 0 3.25
54 15 0 4.0
289 15 0 4.0
188 1 0 4.0
342 26 0 4.0
310 16 0 2.0
111 10 0 3.5
64 9 0 2.5
7 28 0 3.25
346 26 0 3.5
180 21 0 3.0
253 29 0 2.5
79 11 0 3.0
14 27 0 3.75
198 35 0 3.25
91 14 0 2.5
335 15 0 2.75
161 11 0 3.75
128 11 0 3.0
155 18 0 3.0
198 25 0 3.5
215 23 0 3.0
257 5 0 4.0
77 3 0 3.0
35 20 0 3.75
216 9 0 2.25
184 13 0 2.5
194 14 0 2.5
247 0 0 3.25
113 16 0 2.25
54 21 0 2.25
258 21 0 2.0
312 23 0 4.0
34 12 0 2.0
348 13 0 2.75
213 26 0 2.5
75 27 0 3.25
110 30 0 2.0
286 17 0 2.75
263 12 0 3.75
161 5 0 3.0
210 9 0 2.75
344 11 0 3.75
100 2 0 3.25
34 7 0 3.0
161 20 0 2.75
115 27 0 4.0
36 9 0 3.25
302 13 0 3.0
193 16 0 3.5
326 25 0 3.5
109 9 0 2.0
190 21 0 3.0
125 22 0 2.5
297 2 0 4.0
313 27 0 2.0
18 8 0 3.75
138 26 0 2.75
33 18 0 2.25
73 54 0 2.75
121 12 0 3.5
294 24 0 3.25
26 11 0 3.25
216 25 0 3.25
10 4 0 2.0
354 1 0 2.0
116 22 0 2.5
99 15 0 3.5
64 10 0 2.25
70 15 0 3.5
176 26 0 2.0
327 23 0 3.75
35 20 0 2.25
260 17 0 3.0
324 4 0 2.5
176 15 0 4.0
294 0 0 2.5
14 22 0 2.0
130 8 0 4.0
220 2 0 2.0
217 28 0 2.75
181 22 0 4.0
57 16 0 2.75
263 12 0 3.25
62 52 0 3.5
62 24 0 2.0
2 10 0 2.0
106 8 0 3.0
205 22 0 3.25
145 30 0 3.0
74 20 0 3.5
247 13 0 2.0
205 8 0 4.0
152 3 0 2.5
201 4 0 2.25
3 56 0 3.5
80 11 0 2.0
54 25 0 4.0
336 13 0 2.25
214 49 0 3.75
319 19 0 3.5
279 11 0 3.25
253 10 0 2.25
205 22 0 2.25
120 29 0 3.5
266 29 0 3.25
289 26 0 3.0
222 3 0 3.5
322 11 0 2.75
246 10 0 2.0
252 21 0 2.25
245 25 0 3.25
26 18 0 2.25
97 2 0 2.25
70 23 0 2.0
218 27 0 2.75
56 13 0 4.0
163 12 0 2.25
295 10 0 4.0
86 4 0 4.0
80 6 0 2.5
140 26 0 3.25
242 24 0 4.0
122 29 0 2.5
341 17 0 2.5
157 13 0 2.0
162 26 0 2.0
121 2 0 2.25
186 8 0 3.25
87 29 0 2.75
227 23 0 2.25
78 20 0 3.75
34 7 0 2.5
355 12 0 2.25
235 31 0 2.0
69 5 0 3.75
34 14 0 4.0
163 9 0 3.75
317 23 0 3.0
71 26 0 2.0
213 18 0 4.0
94 11 0 2.5
44 11 0 2.5
253 3 0 4.0
245 24 0 2.0
94 17 0 2.0
251 20 0 2.5
346 14 0 4.0
286 12 0 3.5
357 12 0 4.0
79 8 0 4.0
326 14 0 2.0
348 1 0 3.0
273 29 0 2.25
171 28 0 3.5
289 9 0 2.25
111 22 0 3.25
338 17 0 2.75
293 22 0 3.0
253 16 0 4.0
120 13 0 3.0
100 22 0 2.75
72 8 0 4.0
126 15 0 3.0
281 27 0 4.0
51 10 0 3.5
326 7 0 3.0
4 9 0 3.25
226 22 0 3.75
343 17 0 3.5
359 14 0 2.0
198 1 0 2.25
298 12 0 2.75
214 12 0 2.5
247 15 0 3.25
182 0 0 2.25
284 4 0 2.25
49 3 0 3.25
88 7 0 3.25
57 10 0 3.5
263 60 0 4.0
78 7 0 2.75
286 5 0 3.5
227 17 0 2.5
83 60 0 3.25
144 9 0 3.25
149 26 0 2.25
147 22 0 3.75
114 4 0 2.0
71 0 0 2.25
50 6 0 2.25
84 29 0 2.75
282 3 0 2.0
157 3 0 4.0
34 3 0 4.0
279 17 0 3.5
99 30 0 3.0
354 25 0 3.75
79 11 0 2.25
218 5 0 4.0
66 25 0 3.25
86 24 0 3.75
293 29 0 3.75
15 2 0 2.25
126 18 0 3.25
242 3 0 3.5
101 11 0 4.0
108 18 0 4.0
266 0 0 3.75
77 6 0 3.0
15 30 0 2.5
102 23 0 3.25
234 21 0 4.0
287 0 0 3.5
235 21 0 3.25
223 10 0 3.0
189 17 0 3.75
81 6 0 3.0
0 7 0 2.75
20 29 0 2.25
329 14 0 2.0
142 21 0 3.75
11 5 0 2.75
57 2 0 2.0
234 11 0 3.5
119 22 0 2.5
155 5 0 2.0
120 17 0 3.25
70 12 0 2.25
247 16 0 3.5
168 30 0 2.75
337 24 0 2.25
248 15 0 3.5
222 8 0 2.75
341 9 0 2.0
184 18 0 2.25
7 7 0 2.25
192 4 0 3.75
298 12 0 4.0
15 14 0 4.0
297 7 0 3.25
109 26 0 3.75
199 10 0 3.25
159 30 0 3.5
293 11 0 3.5
249 25 0 3.75
162 3 0 4.0
21 46 0 3.75
148 13 0 2.75
171 3 0 4.0
204 27 0 2.25
215 1 0 3.5
48 10 0 2.0
14 5 0 3.0
61 1 0 3.5
111 13 0 2.5
359 23 0 3.5
273 21 0 2.25
111 2 0 3.75
258 15 0 3.5
120 24 0 3.0
119 3 0 2.5
346 27 0 2.5
85 0 0 3.5
306 25 0 2.75
169 2 0 2.0
138 17 0 3.25
331 16 0 2.25
62 5 0 2.75
63 3 0 2.5
73 2 0 2.75
118 24 0 2.0
81 18 0 2.5
66 20 0 4.0
109 25 0 3.5
252 15 0 3.25
176 41 0 3.5
45 24 0 4.0
139 9 0 2.75
287 10 0 3.0
28 24 0 2.25
93 10 0 2.25
294 23 0 4.0
90 25 0 2.5
203 30 0 3.5
36 27 0 3.75
207 13 0 4.0
250 29 0 2.0
162 18 0 2.0
3 28 0 3.75
205 14 0 3.75
188 5 0 2.0
218 17 0 2.25
336 4 0 2.0
359 23 0 4.0
5 21 0 2.5
320 12 0 3.5
320 16 0 3.25
333 23 0 3.25
89 39 0 3.0
241 11 0 3.5
130 3 0 3.0
120 28 0 2.75
216 0 0 4.0
179 14 0 3.0
272 6 0 2.0
41 9 0 3.25
54 20 0 4.0
269 27 0 2.5
355 0 0 2.5
85 30 0 3.5
33 20 0 2.0
108 20 0 3.25
220 8 0 3.25
183 27 0 3.75
224 3 0 2.25
252 5 0 3.25
233 13 0 3.0
69 16 0 2.25
156 50 0 3.25
5 22 0 2.5
294 14 0 2.5
117 4 0 3.5
158 22 0 3.25
350 28 0 2.75
165 23 0 3.25
179 5 0 3.5
211 30 0 3.0
227 26 0 2.0
339 16 0 2.0
275 26 0 2.75
188 24 0 3.25
321 19 0 3.0
234 22 0 2.0
241 16 0 2.75
31 18 0 2.75
275 22 0 3.0
190 29 0 3.5
25 0 0 3.75
107 17 0 3.75
52 21 0 3.0
180 21 0 2.0
128 5 0 2.0
332 30 0 2.5
325 5 0 3.75
79 5 0 2.0
137 7 0 2.75
113 17 0 2.25
275 18 0 3.25
333 5 0 2.5
108 14 0 2.5
174 0 0 3.25
98 3 0 3.5
23 19 0 3.75
98 22 0 2.75
256 8 0 3.75
64 30 0 2.0
233 25 0 3.75
94 7 0 2.5
300 70 0 3.25
85 21 0 2.75
4 9 0 2.5
154 24 0 3.5
287 6 0 3.5
313 20 0 3.0
40 12 0 2.5
172 10 0 2.0
296 11 0 4.0
41 12 0 2.75
228 22 0 4.0
304 11 0 3.25
312 13 0 2.75
128 2 0 2.25
68 2 0 2.0
184 14 0 2.5
22 22 0 3.5
94 22 0 2.5
278 18 0 2.25
355 12 0 2.5
255 7 0 3.75
308 16 0 2.5
256 18 0 3.75
81 29 0 3.75
110 16 0 4.0
42 27 0 2.5
0 21 0 3.25
224 5 0 2.25
77 20 0 3.25
221 58 0 2.25
175 15 0 4.0
53 3 0 2.25
47 9 0 3.75
245 20 0 2.5
96 8 0 4.0
65 26 0 3.0
22 19 0 2.5
315 1 0 4.0
323 9 0 4.0
123 24 0 2.25
57 27 0 2.75
152 30 0 2.0
150 28 0 2.25
239 18 0 2.5
19 32 0 3.25
190 27 0 3.25
29 10 0 2.25
149 23 0 3.0
61 0 0 2.75
21 17 0 2.25
54 8 0 2.5
124 22 0 2.0
143 12 0 2.0
218 17 0 2.0
350 8 0 3.5
47 18 0 2.25
62 8 0 2.0
106 12 0 3.75
305 20 0 3.5
2 4 0 3.0
223 3 0 2.0
35 11 0 3.0
27 6 0 3.0
39 6 0 2.75
339 9 0 2.75
188 27 0 2.75
39 14 0 2.75
151 22 0 2.0
126 10 0 2.5
229 0 0 2.75
105 42 0 4.0
16 11 0 3.25
334 5 0 3.25
68 21 0 2.75
124 11 0 2.25
221 11 0 3.5
250 11 0 3.75
210 15 0 2.5
298 28 0 3.75
259 19 0 2.25
273 7 0 3.5
153 8 0 3.5
170 4 0 2.0
58 11 0 2.25
49 24 0 3.25
184 1 0 3.25
166 23 0 2.5
338 11 0 3.25
142 5 0 2.5
307 20 0 2.0
243 16 0 2.0
110 43 0 3.75
105 4 0 4.0
158 3 0 3.25
83 8 0 3.5
126 28 0 2.5
287 10 0 3.25
352 2 0 3.25
189 2 0 4.0
324 34 0 4.0
110 0 0 2.5
174 23 0 3.5
101 18 0 4.0
6 29 0 2.75
302 15 0 3.5
12 20 0 2.75
26 20 0 3.5
70 11 0 2.25
217 13 0 3.25
56 25 0 3.5
119 27 0 2.0
218 0 0 4.0
7 35 0 3.75
9 1 0 3.25
137 30 0 3.0
85 22 0 3.5
29 29 0 4.0
2 43 0 4.0
157 21 0 2.5
159 1 0 2.75
241 17 0 4.0
106 28 0 3.25
112 16 0 2.75
12 22 0 3.0
75 14 0 4.0
11 46 0 2.0
214 12 0 3.0
141 20 0 2.25
95 6 0 3.0
3 4 0 2.5
192 15 0 4.0
144 16 0 2.25
53 4 0 2.0
353 19 0 3.75
344 14 0 4.0
294 7 0 2.0
20 12 0 2.25
240 7 0 2.5
217 21 0 3.25
21 26 0 2.25
278 25 0 3.5
143 4 0 3.0
38 5 0 3.5
111 8 0 3.0
69 29 0 2.75
299 3 0 2.0
54 8 0 3.5
235 23 0 4.0
256 19 0 2.5
189 43 0 2.5
253 17 0 3.5
347 20 0 2.5
357 19 0 2.75
149 45 0 2.25
51 11 0 3.25
283 20 0 2.5
70 20 0 3.0
42 2 0 2.25
109 7 0 2.5
236 28 0 2.5
152 14 0 3.5
26 4 0 3.25
23 20 0 2.25
86 11 0 2.75
284 4 0 3.0
254 25 0 2.5
345 30 0 3.5
147 28 0 4.0
131 26 0 2.0
162 30 0 2.0
208 4 0 3.25
106 5 0 2.0
82 8 0 3.5
132 9 0 2.5
241 2 0 3.0
332 14 0 3.5
209 19 0 2.0
334 3 0 2.5
126 11 0 2.25
190 11 0 2.0
92 18 0 3.5
65 6 0 3.25
323 17 0 2.75
5 13 0 4.0
49 6 0 2.75
30 28 0 4.0
211 5 0 2.0
14 29 0 3.5
257 27 0 2.25
75 16 0 2.75
297 26 0 2.0
168 6 0 3.25
171 22 0 3.5
306 4 0 2.25
40 28 0 2.5
279 26 0 2.5
138 26 0 2.5
73 14 0 4.0
316 26 0 4.0
233 23 0 3.75
187 14 0 2.0
254 3 0 3.5
162 22 0 3.75
45 14 0 2.5
139 28 0 3.25
108 17 0 2.25
182 15 0 2.75
176 9 0 4.0
327 19 0 3.5
315 10 0 2.75
277 25 0 2.75
283 9 0 4.0
307 2 0 2.75
225 22 0 3.25
76 29 0 3.0
33 20 0 2.25
333 5 0 3.0
275 1 0 2.25
310 5 0 2.75
154 1 0 2.75
329 24 0 2.5
340 17 0 2.5
171 45 0 2.0
122 25 0 3.5
310 30 0 3.0
155 0 0 3.0
84 13 0 3.75
300 10 0 3.25
255 18 0 4.0
222 11 0 3.0
306 22 0 3.0
46 18 0 2.0
95 30 0 3.75
261 15 0 3.75
80 4 0 3.5
250 7 0 3.5
120 30 0 2.0
302 6 0 2.0
276 6 0 4.0
53 27 0 3.25
349 29 0 2.75
24 10 0 2.75
351 15 0 2.25
152 18 0 2.75
53 22 0 3.25
150 60 0 3.75
2 1 0 3.0
229 16 0 3.5
258 30 0 3.0
171 17 0 3.0
88 26 0 2.75
345 0 0 3.0
232 14 0 2.75
314 10 0 3.75
152 10 0 4.0
136 24 0 2.0
66 8 0 3.0
131 9 0 4.0
71 1 0 3.5
31 25 0 3.75
265 3 0 3.0
49 11 0 3.25
193 23 0 2.25
224 8 0 2.25
59 14 0 3.0
333 6 0 3.25
161 3 0 3.5
39 8 0 2.25
282 29 0 2.25
68 16 0 2.5
144 2 0 3.5
31 20 0 2.5
184 9 0 2.25
338 28 0 2.5
244 14 0 2.0
176 26 0 4.0
284 7 0 2.5
121 19 0 2.0
327 7 0 2.25
257 18 0 2.0
325 11 0 2.5
117 23 0 3.25
157 17 0 3.5
305 12 0 4.0
232 12 0 3.75
87 16 0 3.75
253 29 0 2.75
37 24 0 2.0
140 15 0 2.75
310 23 0 3.25
151 60 0 4.0
13 3 0 3.5
134 28 0 3.0
260 28 0 3.25
335 40 0 3.25
356 19 0 2.5
351 6 0 3.0
15 27 0 3.75
205 4 0 3.75
332 23 0 3.0
305 20 0 2.25
344 6 0 2.25
262 15 0 2.0
88 29 0 4.0
325 17 0 2.75
233 4 0 4.0
221 11 0 3.0
275 4 0 4.0
7 29 0 4.0
193 13 0 3.25
9 12 0 3.5
123 17 0 3.0
135 11 0 3.25
249 7 0 4.0
233 22 0 2.0
89 4 0 3.75
127 23 0 2.5
16 2 0 2.5
303 1 0 2.5
269 18 0 3.5
26 5 0 2.75
77 21 0 2.5
193 26 0 3.25
229 6 0 2.75
111 37 0 2.25
354 19 0 2.75
194 4 0 3.5
192 19 0 2.0
172 26 0 3.5
261 24 0 3.75
92 31 0 3.5
111 22 0 4.0
98 19 0 3.0
193 0 0 2.5
86 20 0 4.0
145 2 0 2.0
146 5 0 2.75
353 30 0 3.25
55 1 0 2.25
223 18 0 3.0
203 23 0 3.0
46 24 0 2.75
26 28 0 2.25
1 3 0 2.25
343 19 0 3.25
220 46 0 4.0
194 15 0 2.75
64 13 0 3.25
162 15 0 4.0
176 17 0 2.5
213 24 0 3.75
85 6 0 2.75
179 10 0 3.75
270 3 0 4.0
213 42 0 2.0
114 14 0 2.75
280 29 0 2.75
296 12 0 2.0
168 15 0 4.0
261 17 0 2.75
96 17 0 2.0
201 3 0 3.25
275 57 0 2.5
310 25 0 3.75
82 39 0 4.0
77 19 0 3.5
81 6 0 2.5
223 19 0 3.5
94 12 0 4.0
71 25 0 4.0
306 25 0 3.5
249 4 0 3.5
38 1 0 3.0
25 24 0 2.25
352 13 0 2.75
7 0 0 2.5
96 23 0 2.5
147 1 0 3.5
34 18 0 2.5
183 18 0 2.25
72 22 0 3.75
355 22 0 4.0
272 9 0 3.75
32 15 0 2.75
84 19 0 2.0
200 59 0 4.0
11 1 0 3.5
289 11 0 3.75
258 25 0 2.0
231 7 0 3.5
263 7 0 3.75
177 15 0 2.5
330 3 0 3.75
309 3 0 3.25
7 14 0 3.0
66 9 0 2.0
71 3 0 2.25
220 28 0 2.5
14 5 0 2.75
151 24 0 3.5
229 0 0 4.0
122 7 0 3.5
262 0 0 4.0
225 9 0 2.25
203 9 0 2.75
251 15 0 3.75
291 0 0 3.5
336 4 0 2.5
259 22 0 2.75
293 2 0 2.0
146 6 0 3.0
150 21 0 2.25
185 46 0 4.0
48 20 0 2.25
205 7 0 3.75
76 13 0 2.25
108 16 0 3.5
151 9 0 3.25
170 0 0 3.0
144 1 0 3.25
291 13 0 2.0
174 16 0 4.0
351 26 0 3.75
292 47 0 2.25
74 5 0 3.25
6 20 0 3.75
3 18 0 2.25
319 4 0 3.0
135 30 0 2.5
117 30 0 3.75
97 59 0 3.75
143 0 0 4.0
86 14 0 3.0
13 12 0 4.0
259 0 0 4.0
152 10 0 3.25
310 26 0 3.5
169 3 0 3.5
154 16 0 2.75
101 22 0 2.5
214 4 0 4.0
243 13 0 3.0
134 23 0 2.75
328 23 0 3.5
257 10 0 2.0
349 29 0 3.25
154 18 0 2.75
261 20 0 2.0
278 30 0 2.75
145 27 0 3.75
110 1 0 3.5
268 19 0 2.25
282 2 0 3.5
180 11 0 3.75
314 6 0 3.25
63 18 0 3.5
97 24 0 2.25
69 4 0 2.75
55 1 0 3.25
267 14 0 3.75
334 0 0 4.0
356 15 0 2.75
245 27 0 4.0
125 14 0 2.25
326 4 0 3.0
20 8 0 2.0
14 19 0 3.5
262 7 0 4.0
159 22 0 2.0
65 21 0 4.0
290 30 0 2.0
157 20 0 3.75
327 6 0 4.0
252 10 0 3.0
47 14 0 3.5
176 16 0 3.5
34 23 0 3.25
50 8 0 3.25
32 4 0 2.0
62 7 0 2.75
62 21 0 3.25
56 7 0 2.0
359 28 0 3.25
217 11 0 2.75
174 12 0 3.5
75 7 0 3.5
145 9 0 2.75
196 8 0 3.75
289 19 0 3.75
205 6 0 2.5
58 0 0 3.25
277 15 0 3.75
178 29 0 4.0
97 29 0 3.75
254 26 0 2.5
317 14 0 2.25
173 30 0 2.5
39 18 0 3.25
268 34 0 2.5
95 0 0 3.25
182 10 0 4.0
289 21 0 3.5
43 17 0 2.25
192 60 0 3.25
116 23 0 3.75
213 21 0 3.75
274 1 0 2.0
225 11 0 4.0
102 30 0 3.25
131 25 0 3.5
207 2 0 3.5
299 15 0 2.0
147 3 0 3.0
237 5 0 2.75
96 10 0 3.25
34 7 0 3.25
351 14 0 2.5
84 9 0 3.75
75 4 0 2.0
19 0 0 4.0
42 30 0 3.0
5 18 0 2.25
63 23 0 2.5
159 9 0 2.0
20 30 0 3.5
167 29 0 4.0
24 17 0 2.25
2 30 0 2.5
254 14 0 3.5
265 28 0 2.75
324 23 0 2.0
218 3 0 3.75
110 7 0 4.0
147 22 0 2.75
292 9 0 3.75
145 0 0 3.75
158 51 0 2.25
243 13 0 3.5
274 15 0 3.5
114 46 0 3.0
133 15 0 3.75
47 13 0 3.5
196 12 0 2.0
215 5 0 3.0
23 30 0 2.25
282 3 0 3.0
6 4 0 4.0
28 6 0 2.5
142 14 0 2.25
317 16 0 3.5
83 13 0 2.5
69 27 0 3.0
323 26 0 3.5
99 14 0 3.25
359 13 0 2.25
241 29 0 2.75
127 17 0 2.5
174 14 0 2.0
288 11 0 2.25
358 2 0 3.5
343 28 0 3.0
355 12 0 3.5
218 15 0 3.0
343 10 0 3.25
7 17 0 2.25
14 21 0 2.0
158 17 0 2.0
108 30 0 4.0
72 20 0 3.5
222 0 0 2.0
121 27 0 3.75
80 30 0 3.25
359 26 0 3.5
214 1 0 3.0
248 9 0 2.0
153 14 0 2.25
344 0 0 4.0
38 12 0 2.5
232 11 0 2.25
187 17 0 2.0
276 1 0 4.0
281 20 0 3.75
265 14 0 3.25
148 17 0 4.0
249 29 0 3.5
263 13 0 3.5
141 2 0 4.0
51 5 0 3.25
353 33 0 4.0
32 21 0 3.25
260 16 0 3.5
128 15 0 3.25
153 23 0 2.5
276 9 0 2.0
348 19 0 3.5
312 59 0 3.5
355 30 0 4.0
271 25 0 2.0
259 10 0 2.75
248 21 0 3.0
63 12 0 2.0
52 4 0 3.25
156 22 0 3.25
16 17 0 3.0
203 12 0 2.5
194 23 0 3.5
267 12 0 3.0
187 23 0 2.75
178 4 0 3.75
247 1 0 4.0
251 25 0 2.25
271 5 0 4.0
75 8 0 2.0
134 15 0 3.5
120 23 0 2.25
87 12 0 4.0
349 9 0 3.5
41 8 0 4.0
104 1 0 3.25
284 2 0 3.0
9 7 0 4.0
18 30 0 3.25
245 27 0 2.0
34 17 0 3.5
319 60 0 3.5
159 18 0 2.5
165 12 0 2.0
145 20 0 2.0
167 6 0 3.5
104 16 0 3.75
97 1 0 3.75
27 2 0 3.25
343 25 0 3.0
207 26 0 2.75
161 13 0 2.25
38 18 0 2.0
308 20 0 2.25
58 11 0 2.75
182 22 0 3.0
83 3 0 3.25
195 16 0 3.75
178 29 0 2.75
51 3 0 3.75
155 19 0 4.0
152 10 0 2.25
302 18 0 2.75
34 6 0 2.75
15 25 0 2.25
141 38 0 3.25
6 8 0 2.75
197 19 0 3.75
280 28 0 3.0
285 13 0 4.0
90 19 0 2.0
164 24 0 3.25
327 26 0 2.0
315 21 0 2.5
269 28 0 2.5
271 2 0 2.0
149 20 0 2.75
186 5 0 3.75
33 18 0 4.0
111 26 0 3.5
22 22 0 2.75
207 56 0 2.25
46 22 0 3.25
157 22 0 2.25
120 13 0 3.5
167 22 0 3.25
185 16 0 3.5
78 14 0 2.0
107 11 0 3.75
221 21 0 3.25
4 5 0 4.0
227 3 0 3.5
198 5 0 3.25
180 55 0 2.0
158 29 0 3.5
149 15 0 3.5
281 26 0 2.0
328 7 0 2.0
297 36 0 2.0
341 21 0 2.25
111 10 0 2.5
5 17 0 2.0
84 17 0 3.25
40 57 0 2.75
238 6 0 3.0
303 16 0 3.5
204 7 0 3.0
149 22 0 2.25
315 16 0 2.5
269 7 0 3.25
243 16 0 2.25
54 19 0 3.75
342 15 0 2.25
48 12 0 2.25
202 17 0 2.75
260 9 0 3.75
28 27 0 3.0
250 4 0 3.25
159 15 0 3.75
64 17 0 3.75
109 26 0 3.5
321 0 0 4.0
62 8 0 2.5
236 5 0 2.25
289 7 0 2.75
278 3 0 3.75
13 14 0 2.25
220 18 0 3.0
131 6 0 3.5
277 23 0 2.5
331 2 0 4.0
219 38 0 2.0
282 19 0 4.0
143 5 0 3.0
252 26 0 2.5
68 28 0 2.25
75 3 0 2.25
245 19 0 2.25
122 1 0 4.0
175 8 0 3.25
64 22 0 4.0
178 2 0 3.0
184 20 0 4.0
260 2 0 2.5
290 29 0 3.25
226 26 0 2.5
185 16 0 3.25
6 8 0 2.0
228 24 0 2.75
343 22 0 3.5
32 19 0 2.25
236 15 0 3.5
121 27 0 3.25
169 60 0 2.25
299 0 0 2.0
98 57 0 3.25
188 4 0 4.0
45 4 0 2.75
184 5 0 4.0
308 23 0 2.5
40 58 0 2.0
42 3 0 3.75
272 13 0 2.5
54 50 0 2.25
282 2 0 2.5
46 10 0 2.5
268 24 0 3.5
350 12 0 2.5
49 4 0 2.25
67 29 0 2.75
329 9 0 3.0
21 16 0 2.25
39 28 0 2.0
221 20 0 2.0
177 18 0 2.25
157 4 0 3.25
311 22 0 2.0
22 22 0 2.25
224 3 0 3.0
197 1 0 2.0
18 3 0 2.75
280 29 0 3.0
303 29 0 2.75
240 20 0 2.25
226 15 0 2.5
231 15 0 4.0
185 7 0 3.25
190 16 0 3.5
88 7 0 2.75
53 19 0 3.5
58 7 0 2.25
257 55 0 2.0
318 6 0 4.0
327 12 0 4.0
310 30 0 4.0
120 3 0 2.75
334 13 0 3.25
144 18 0 2.5
260 19 0 2.75
194 26 0 3.25
245 6 0 2.75
27 11 0 3.0
198 17 0 2.75
163 9 0 3.25
163 9 0 3.5
152 27 0 2.0
286 6 0 3.5
279 46 0 4.0
98 17 0 3.25
24 21 0 3.75
163 10 0 3.75
36 42 0 3.5
36 4 0 3.25
158 29 0 2.25
187 23 0 4.0
22 18 0 3.75
221 18 0 3.0
74 20 0 3.75
167 24 0 4.0
170 16 0 3.5
151 3 0 2.75
304 5 0 4.0
251 15 0 3.25
4 25 0 2.5
206 12 0 3.0
17 10 0 3.0
187 5 0 3.75
275 22 0 2.75
206 26 0 2.5
98 8 0 3.0
39 22 0 3.25
117 12 0 2.25
183 8 0 2.75
70 1 0 2.5
174 26 0 2.25
63 35 0 2.5
348 13 0 3.0
194 18 0 2.0
63 16 0 4.0
142 15 0 4.0
131 1 0 2.5
135 1 0 4.0
314 2 0 3.75
306 26 0 3.0
91 21 0 3.25
245 24 0 2.75
7 23 0 3.5
104 21 0 3.0
241 16 0 4.0
305 13 0 3.0
238 22 0 3.25
202 2 0 2.25
215 22 0 2.25
39 13 0 3.25
285 14 0 2.75
37 15 0 2.75
316 17 0 2.75
14 29 0 3.25
68 9 0 3.0
105 10 0 2.0
129 30 0 3.5
183 37 0 3.5
205 12 0 3.75
92 20 0 2.75
112 22 0 3.75
146 22 0 3.75
197 14 0 3.75
88 27 0 3.25
305 24 0 2.25
44 15 0 2.25
225 30 0 4.0
156 26 0 3.25
246 14 0 2.75
81 28 0 3.5
52 30 0 2.0
278 22 0 4.0
233 7 0 2.0
168 22 0 3.25
157 10 0 2.25
99 1 0 4.0
169 14 0 2.0
81 27 0 2.75
20 1 0 3.0
354 28 0 3.5
217 6 0 2.0
174 27 0 2.0
97 17 0 2.0
98 18 0 2.0
225 0 0 4.0
277 19 0 3.75
72 28 0 2.25
80 14 0 2.25
197 19 0 2.75
5 58 0 3.75
290 7 0 2.75
314 8 0 3.25
358 0 0 3.25
13 12 0 2.25
192 2 0 3.75
11 24 0 2.0
298 14 0 4.0
153 1 0 2.0
5 24 0 2.25
161 3 0 2.75
321 1 0 4.0
42 30 0 2.5
158 21 0 2.25
53 1 0 3.25
277 5 0 2.75
61 25 0 3.5
253 3 0 3.0
107 7 0 3.0
93 30 0 2.25
165 11 0 3.5
245 16 0 2.0
56 18 0 2.5
318 6 0 2.5
333 3 0 2.5
13 29 0 3.75
290 23 0 2.75
170 21 0 3.5
256 2 0 3.5
258 8 0 2.25
192 1 0 3.75
92 17 0 3.25
208 19 0 4.0
134 17 0 2.5
277 2 0 4.0
282 5 0 3.5
216 26 0 2.75
218 26 0 3.5
88 27 0 3.75
162 8 0 2.75
34 12 0 3.0
317 18 0 2.75
141 6 0 3.75
34 27 0 3.5
33 37 0 2.5
127 14 0 2.5
209 9 0 4.0
265 16 0 3.25
268 14 0 2.75
274 11 0 2.25
196 12 0 2.75
170 1 0 3.0
107 5 0 3.25
15 26 0 2.0
83 1 0 2.0
88 21 0 3.0
213 45 0 2.25
260 7 0 3.0
163 20 0 4.0
326 14 0 3.25
35 16 0 3.5
161 25 0 3.5
278 28 0 3.75
212 6 0 2.75
9 1 0 2.0
49 27 0 2.25
273 9 0 4.0
266 17 0 2.75
292 27 0 2.5
35 0 0 2.0
91 25 0 2.0
5 27 0 2.5
228 26 0 3.0
260 24 0 3.75
7 6 0 3.25
220 3 0 2.25
304 1 0 2.25
3 12 0 3.75
19 5 0 2.5
30 3 0 4.0
349 10 0 2.75
198 12 0 4.0
301 13 0 3.75
140 8 0 3.25
330 7 0 3.0
25 5 0 2.0
15 10 0 3.25
209 0 0 3.5
256 27 0 3.25
225 28 0 2.25
118 20 0 3.5
28 28 0 3.5
96 7 0 2.0
105 0 0 2.0
32 30 0 2.75
137 11 0 2.25
331 33 0 3.75
274 1 0 3.75
100 0 0 2.5
146 15 0 4.0
255 16 0 2.5
211 11 0 2.0
101 30 0 4.0
237 14 0 2.0
133 26 0 4.0
163 22 0 2.5
239 23 0 3.25
351 23 0 2.75
325 14 0 3.75
61 22 0 3.25
320 1 0 3.75
139 14 0 2.25
71 27 0 3.25
31 15 0 2.5
160 3 0 3.25
22 23 0 2.5
215 20 0 3.0
173 10 0 4.0
172 43 0 3.25
38 15 0 2.0
345 5 0 3.25
110 8 0 3.0
157 2 0 2.25
245 29 0 2.5
109 6 0 3.25
353 2 0 2.75
88 6 0 2.25
111 12 0 3.25
231 6 0 2.5
11 15 0 2.5
241 27 0 2.0
222 26 0 2.75
280 11 0 2.75
339 12 0 3.75
273 12 0 3.75
300 45 0 3.75
176 46 0 4.0
356 11 0 2.0
303 1 0 2.0
58 9 0 3.5
352 17 0 3.25
245 23 0 3.0
60 23 0 3.0
150 25 0 3.5
92 4 0 3.0
106 0 0 4.0
31 10 0 4.0
257 16 0 3.25
312 12 0 3.75
69 24 0 2.25
181 16 0 3.25
110 3 0 2.75
184 6 0 3.5
15 17 0 3.5
201 5 0 3.75
264 27 0 4.0
55 23 0 4.0
308 28 0 4.0
271 20 0 3.75
242 17 0 3.25
64 15 0 2.75
342 3 0 2.25
96 6 0 3.0
84 29 0 3.25
155 23 0 2.25
225 6 0 2.5
126 2 0 2.75
62 28 0 2.0
65 13 0 2.25
355 27 0 3.0
281 24 0 2.5
72 23 0 3.0
171 6 0 2.75
223 6 0 2.75
240 13 0 2.0
8 6 0 3.25
254 18 0 3.75
354 11 0 2.5
44 6 0 2.25
310 40 0 2.5
293 30 0 4.0
177 9 0 3.75
118 8 0 3.25
254 18 0 2.75
90 29 0 3.0
277 18 0 3.0
318 26 0 2.75
100 14 0 2.0
267 12 0 2.0
228 12 0 2.25
236 29 0 3.0
64 33 0 2.5
138 0 0 2.75
96 23 0 2.75
120 27 0 3.75
318 35 0 3.75
166 0 0 2.75
352 3 0 3.75
198 11 0 2.75
64 27 0 3.0
138 28 0 2.75
248 10 0 3.75
253 12 0 2.0
353 28 0 3.0
295 2 0 3.0
61 19 0 2.0
225 33 0 4.0
253 15 0 4.0
290 25 0 2.75
109 22 0 4.0
59 27 0 3.0
356 10 0 3.25
41 11 0 3.5
301 14 0 2.25
94 22 0 3.25
201 30 0 2.25
235 10 0 3.25
242 21 0 2.75
255 22 0 3.0
315 9 0 3.25
298 12 0 3.75
233 29 0 3.25
141 14 0 3.5
192 19 0 3.25
245 8 0 3.25
130 11 0 3.25
35 22 0 2.75
254 27 0 3.75
274 15 0 3.25
312 4 0 3.0
330 20 0 4.0
112 47 0 2.0
339 9 0 2.25
312 30 0 2.5
100 18 0 3.5
294 14 0 3.25
24 13 0 2.75
24 25 0 3.75
63 19 0 3.5
169 14 0 2.5
18 30 0 3.0
344 11 0 3.25
262 6 0 3.75
163 26 0 2.0
291 21 0 2.5
351 2 0 2.5
18 0 0 3.5
94 5 0 2.5
66 14 0 3.5
251 29 0 2.5
127 12 0 3.75
313 19 0 3.5
49 13 0 3.25
157 24 0 3.5
279 9 0 2.5
350 14 0 2.75
71 28 0 4.0
160 11 0 4.0
75 12 0 2.0
359 0 0 4.0
337 16 0 2.25
292 19 0 2.5
164 7 0 2.5
169 5 0 2.0
232 6 0 3.5
206 11 0 2.75
89 21 0 3.0
231 25 0 3.25
315 4 0 3.25
164 16 0 3.0
89 11 0 4.0
141 2 0 2.0
124 13 0 4.0
70 13 0 2.75
116 14 0 2.25
174 2 0 2.5
310 28 0 3.75
89 23 0 2.5
255 9 0 2.25
246 6 0 2.0
280 27 0 3.5
321 25 0 2.0
246 5 0 3.25
110 22 0 2.0
303 27 0 2.25
143 14 0 3.0
237 21 0 3.0
6 2 0 3.5
210 5 0 2.5
263 2 0 3.0
82 11 0 2.0
285 4 0 3.25
152 25 0 3.5
196 8 0 2.25
180 18 0 3.0
151 29 0 3.25
221 22 0 3.5
179 26 0 2.0
1 25 0 3.5
341 16 0 3.5
289 6 0 2.75
62 13 0 3.25
115 9 0 4.0
277 52 0 3.25
250 27 0 4.0
126 26 0 3.0
123 1 0 3.5
92 21 0 2.75
270 2 0 3.25
300 29 0 2.25
312 25 0 2.75
230 9 0 4.0
240 13 0 3.75
255 9 0 3.5
302 26 0 3.0
251 26 0 2.0
182 7 0 2.0
62 17 0 2.75
351 13 0 4.0
177 1 0 2.75
350 1 0 3.0
121 22 0 4.0
272 14 0 2.75
41 25 0 3.75
201 22 0 4.0
144 1 0 4.0
270 6 0 3.25
279 12 0 2.5
39 7 0 2.5
113 30 0 2.75
252 20 0 3.25
146 53 0 3.5
315 33 0 2.0
43 10 0 3.25
337 28 0 3.0
65 20 0 2.75
71 11 0 3.0
241 20 0 2.25
185 12 0 2.0
267 27 0 3.5
114 52 0 4.0
188 23 0 3.75
148 28 0 3.0
234 21 0 2.75
303 21 0 3.0
9 28 0 2.25
38 49 0 2.5
103 11 0 3.5
304 13 0 2.75
263 8 0 2.25
177 26 0 2.75
308 29 0 3.0
220 15 0 2.5
124 18 0 4.0
45 27 0 3.75
53 14 0 2.5
113 8 0 2.25
34 31 0 2.0
134 4 0 2.0
44 12 0 2.5
89 7 0 3.75
59 29 0 3.75
256 19 0 2.75
232 43 0 2.0
199 16 0 3.25
239 19 0 3.25
96 10 0 3.0
30 10 0 2.0
292 3 0 3.0
351 22 0 3.5
213 26 0 4.0
28 26 0 3.75
159 0 0 3.25
76 67 0 2.0
100 14 0 2.5
74 22 0 4.0
301 62 0 2.25
66 16 0 2.25
323 26 0 3.75
206 30 0 4.0
281 1 0 3.0
136 1 0 3.5
338 5 0 3.5
232 14 0 3.75
230 13 0 3.25
99 14 0 3.0
215 10 0 4.0
98 24 0 2.25
48 19 0 2.75
180 17 0 2.75
326 0 0 2.75
249 1 0 2.25
232 19 0 3.5
116 20 0 3.0
34 5 0 2.25
190 36 0 2.25
253 6 0 3.5
48 14 0 2.0
338 21 0 3.0
149 23 0 2.75
131 10 0 2.5
149 6 0 3.25
259 0 0 3.75
276 15 0 2.75
97 21 0 3.25
244 23 0 3.5
42 15 0 2.75
85 7 0 3.25
161 19 0 2.75
57 23 0 2.5
284 3 0 4.0
237 8 0 3.75
30 30 0 3.0
110 24 0 4.0
346 7 0 3.5
192 8 0 3.25
260 16 0 3.75
73 7 0 2.25
278 7 0 3.0
133 0 0 2.0
141 25 0 3.0
281 17 0 2.25
200 29 0 2.5
189 35 0 2.25
306 30 0 3.5
210 14 0 2.0
142 8 0 2.25
108 19 0 2.25
269 10 0 3.0
336 65 0 2.5
191 5 0 3.0
59 10 0 2.75
313 28 0 3.25
300 8 0 3.0
244 22 0 2.25
116 10 0 2.0
2 0 0 2.5
113 13 0 2.5
133 26 0 3.75
281 20 0 2.25
124 5 0 2.5
20 14 0 3.0
179 22 0 2.25
278 3 0 4.0
295 18 0 2.75
82 53 0 2.0
198 16 0 2.25
141 11 0 3.25
220 10 0 2.0
275 7 0 2.5
127 4 0 2.0
151 6 0 2.5
128 10 0 3.0
177 20 0 2.5
321 12 0 2.5
40 5 0 2.0
209 26 0 2.0
300 15 0 2.5
185 41 0 4.0
126 12 0 4.0
61 1 0 3.25
112 22 0 2.75
36 8 0 2.25
316 18 0 3.25
26 2 0 2.0
79 9 0 2.75
72 11 0 4.0
262 20 0 2.25
346 29 0 2.75
178 23 0 3.75
190 24 0 3.25
106 9 0 3.0
131 20 0 3.75
197 0 0 2.75
318 11 0 2.75
255 18 0 2.75
191 3 0 4.0
179 8 0 4.0
172 5 0 2.75
313 10 0 4.0
307 30 0 2.0
65 30 0 2.25
273 25 0 3.75
42 8 0 2.0
339 4 0 2.25
204 27 0 2.0
13 25 0 3.0
270 9 0 3.25
79 8 0 2.5
122 22 0 2.75
172 19 0 4.0
76 5 0 2.0
274 16 0 3.5
47 4 0 3.0
266 0 0 2.5
71 11 0 3.5
221 20 0 3.0
291 9 0 4.0
78 11 0 4.0
276 18 0 2.75
170 11 0 3.75
14 11 0 2.0
83 25 0 2.5
184 27 0 3.75
283 24 0 3.5
105 8 0 2.75
274 18 0 2.25
276 13 0 3.75
204 15 0 2.75
24 9 0 3.75
21 16 0 4.0
109 22 0 2.5
346 1 0 2.25
136 19 0 3.5
92 11 0 3.25
340 18 0 3.0
237 6 0 3.0
264 19 0 3.75
118 2 0 2.25
268 14 0 2.5
245 29 0 2.0
223 15 0 3.5
47 2 0 3.25
41 22 0 2.5
321 3 0 3.5
46 12 0 3.75
320 7 0 2.25
230 0 0 3.5
68 10 0 2.75
325 20 0 3.25
307 16 0 2.75
184 4 0 3.25
211 1 0 2.75
240 26 0 3.0
296 20 0 3.0
37 17 0 3.5
174 10 0 3.25
20 14 0 3.75
63 0 0 2.0
155 15 0 4.0
241 38 0 4.0
289 18 0 3.0
39 16 0 2.75
52 9 0 3.0
15 30 0 4.0
143 10 0 3.25
311 8 0 2.0
351 18 0 4.0
76 0 0 3.5
166 2 0 2.75
87 18 0 2.75
164 25 0 3.25
310 0 0 2.25
311 20 0 2.0
271 30 0 2.5
52 2 0 3.25
337 19 0 2.5
351 24 0 2.0
125 23 0 2.0
22 15 0 2.0
59 16 0 3.0
45 16 0 4.0
82 23 0 3.75
289 19 0 2.5
18 9 0 4.0
241 30 0 2.0
343 11 0 4.0
146 2 0 3.5
288 28 0 3.75
113 27 0 2.5
266 17 0 3.25
14 29 0 3.0
303 60 0 2.0
78 23 0 3.25
108 21 0 3.0
344 1 0 2.5
320 9 0 2.75
127 21 0 2.5
18 5 0 3.5
211 16 0 3.0
233 15 0 3.75
236 12 0 3.0
273 28 0 3.25
195 29 0 2.5
141 21 0 3.75
161 4 0 2.5
287 29 0 3.5
63 20 0 2.75
63 7 0 2.75
285 20 0 2.0
71 29 0 2.0
140 6 0 3.0
115 25 0 2.5
119 0 0 4.0
144 30 0 3.75
121 1 0 2.75
301 1 0 2.25
154 13 0 3.75
129 0 0 3.0
44 9 0 3.0
335 13 0 3.75
146 3 0 2.0
233 12 0 2.25
297 9 0 3.75
173 29 0 3.5
316 24 0 2.25
5 10 0 3.0
13 16 0 2.75
230 7 0 2.25
52 4 0 2.25
142 23 0 3.75
248 19 0 4.0
299 22 0 2.0
86 8 0 2.75
64 5 0 2.25
90 21 0 3.25
128 25 0 3.25
355 14 0 2.75
12 27 0 2.0
239 21 0 3.25
14 23 0 2.0
285 11 0 3.25
124 15 0 3.75
224 14 0 3.5
168 0 0 2.25
282 23 0 4.0
337 25 0 3.5
287 1 0 3.75
115 25 0 4.0
8 6 0 2.75
240 24 0 2.25
344 15 0 3.25
29 3 0 2.25
121 24 0 4.0
35 16 0 3.0
147 19 0 2.5
259 20 0 3.25
342 26 0 3.75
324 16 0 3.0
115 18 0 3.25
200 18 0 3.0
321 19 0 3.75
325 25 0 2.5
323 2 0 2.25
225 7 0 2.75
129 27 0 3.0
247 20 0 2.25
164 28 0 3.5
224 26 0 2.0
103 25 0 3.0
268 28 0 4.0
338 19 0 2.25
9 0 0 2.0
185 26 0 3.75
10 14 0 2.0
305 48 0 2.25
127 54 0 2.75
335 8 0 2.25
185 27 0 2.25
191 20 0 3.75
199 17 0 3.5
118 16 0 2.0
132 26 0 2.5
77 15 0 3.0
340 2 0 3.75
43 11 0 3.75
347 21 0 2.0
297 20 0 2.5
2 29 0 4.0
215 15 0 2.0
150 15 0 2.0
335 29 0 2.5
150 19 0 4.0
208 29 0 2.75
301 12 0 2.0
125 16 0 3.0
257 11 0 4.0
69 54 0 4.0
249 2 0 2.75
163 14 0 4.0
119 26 0 4.0
153 21 0 3.5
156 21 0 3.25
315 10 0 3.75
260 27 0 3.25
128 4 0 4.0
18 13 0 2.25
18 14 0 4.0
272 3 0 3.0
331 27 0 3.5
289 25 0 3.25
202 20 0 3.25
200 15 0 2.25
183 28 0 2.0
56 9 0 3.75
159 33 0 2.75
44 14 0 3.75
235 17 0 3.25
123 5 0 3.0
143 26 0 2.25
169 11 0 2.75
137 10 0 2.25
180 13 0 3.75
57 28 0 3.25
182 22 0 2.5
79 6 0 3.0
89 5 0 3.25
1 12 0 3.75
114 18 0 3.75
198 28 0 3.0
242 26 0 3.75
265 26 0 2.0
78 4 0 2.0
338 25 0 3.0
39 29 0 2.0
277 21 0 3.75
40 14 0 3.5
181 3 0 3.25
92 26 0 2.0
161 27 0 2.25
87 15 0 3.5
254 6 0 2.25
143 17 0 2.25
112 40 0 3.25
269 3 0 3.75
291 0 0 2.75
187 7 0 2.25
307 24 0 3.0
292 19 0 2.0
166 29 0 3.5
356 26 0 3.25
196 10 0 3.75
47 19 0 2.0
265 1 0 3.75
100 4 0 2.75
269 0 0 2.75
117 3 0 2.25
48 7 0 3.0
100 1 0 3.75
157 29 0 3.0
213 4 0 3.5
340 9 0 2.25
254 27 0 3.5
314 16 0 2.25
31 21 0 2.5
38 22 0 4.0
68 27 0 2.75
275 3 0 2.25
209 27 0 3.5
351 8 0 3.5
63 42 0 3.25
12 21 0 3.75
202 7 0 3.0
261 1 0 4.0
88 8 0 3.0
324 13 0 2.0
129 15 0 2.75
218 6 0 2.75
120 6 0 3.0
29 13 0 2.5
303 12 0 3.75
318 21 0 3.75
228 5 0 3.0
359 30 0 3.75
345 20 0 2.5
275 1 0 3.0
46 23 0 3.25
141 18 0 3.0
338 7 0 3.75
154 26 0 4.0
161 0 0 4.0
111 8 0 2.5
125 79 0 3.0
184 22 0 3.5
210 26 0 2.0
300 25 0 3.25
34 28 0 3.75
52 23 0 2.75
314 2 0 3.25
43 14 0 4.0
352 7 0 3.0
53 30 0 3.75
65 30 0 3.0
38 75 0 2.25
215 21 0 3.25
286 13 0 3.5
100 22 0 3.75
255 26 0 3.75
29 19 0 3.0
71 23 0 2.0
83 24 0 2.75
301 16 0 3.75
141 22 0 2.5
171 0 0 3.25
40 16 0 2.0
253 25 0 3.25
128 10 0 3.5
174 14 0 2.25
290 7 0 2.5
173 15 0 4.0
254 22 0 2.25
228 1 0 2.5
84 13 0 3.25
205 17 0 3.25
146 30 0 2.0
22 6 0 2.75
278 5 0 4.0
323 8 0 3.5
64 14 0 3.75
219 17 0 3.5
98 7 0 4.0
123 28 0 3.5
139 5 0 3.0
132 25 0 4.0
267 11 0 2.75
248 9 0 4.0
267 19 0 2.25
338 22 0 4.0
167 9 0 3.0
97 54 0 2.5
120 4 0 2.5
191 23 0 2.5
204 18 0 4.0
164 4 0 2.25
147 15 0 3.25
242 22 0 2.75
240 12 0 4.0
94 30 0 3.25
192 3 0 2.75
36 7 0 3.5
44 17 0 4.0
218 8 0 3.25
139 25 0 2.0
105 7 0 2.0
324 27 0 2.75
326 6 0 2.5
307 21 0 3.0
123 0 0 3.25
185 19 0 4.0
182 23 0 4.0
290 14 0 3.25
0 7 0 4.0
40 9 0 3.5
239 12 0 3.0
182 6 0 4.0
278 27 0 3.75
69 1 0 2.0
19 27 0 3.5
193 13 0 2.0
226 8 0 4.0
179 29 0 3.5
220 17 0 2.0
273 30 0 3.25
136 2 0 2.75
292 5 0 3.75
251 11 0 2.25
318 7 0 2.5
247 9 0 3.25
107 46 0 4.0
56 4 0 2.0
306 11 0 2.75
304 6 0 2.0
217 60 0 3.5
249 24 0 2.5
61 6 0 2.25
137 2 0 2.25
331 30 0 3.75
354 3 0 4.0
108 7 0 2.5
8 16 0 2.0
181 0 0 2.0
252 17 0 2.5
0 12 0 2.25
304 20 0 2.5
136 28 0 4.0
141 15 0 2.75
245 7 0 2.25
225 15 0 2.0
264 13 0 2.0
36 16 0 3.75
210 19 0 3.0
236 2 0 3.75
36 27 0 2.75
101 28 0 3.25
94 3 0 3.5
214 26 0 3.5
28 13 0 2.0
307 26 0 4.0
129 14 0 2.75
217 4 0 3.25
55 25 0 2.25
249 14 0 3.5
23 23 0 3.0
317 10 0 3.5
57 23 0 4.0
245 10 0 2.25
278 18 0 4.0
209 3 0 2.75
78 13 0 3.75
354 17 0 2.0
137 4 0 4.0
72 28 0 3.75
34 17 0 2.25
156 10 0 2.5
241 18 0 2.25
338 6 0 2.5
313 11 0 4.0
111 9 0 3.25
21 8 0 3.75
97 5 0 2.25
77 22 0 3.5
18 13 0 2.75
209 28 0 3.75
233 5 0 3.0
38 2 0 2.0
38 3 0 3.5
276 15 0 3.25
145 8 0 4.0
331 17 0 3.75
129 29 0 4.0
123 9 0 3.25
256 26 0 2.75
308 5 0 3.75
158 24 0 3.5
211 5 0 2.75
38 10 0 2.0
143 10 0 3.0
87 16 0 3.5
190 30 0 3.25
87 4 0 3.75
222 26 0 2.0
5 22 0 4.0
53 3 0 2.0
188 20 0 2.75
83 27 0 2.5
290 2 0 3.5
259 10 0 3.0
149 11 0 2.25
229 19 0 3.75
256 29 0 2.0
62 18 0 4.0
148 11 0 2.5
51 26 0 3.75
192 5 0 3.75
168 9 0 3.0
5 29 0 4.0
180 9 0 4.0
129 0 0 2.0
329 17 0 2.0
294 27 0 4.0
261 11 0 3.0
187 21 0 4.0
265 9 0 3.25
322 14 0 3.25
75 19 0 3.5
158 12 0 3.5
26 22 0 3.75
229 19 0 3.5
323 24 0 2.25
146 28 0 4.0
294 29 0 3.25
58 18 0 2.5
179 4 0 2.75
262 14 0 3.25
200 21 0 2.0
141 18 0 2.75
240 1 0 3.25
177 7 0 3.5
212 79 0 2.0
340 3 0 2.0
94 24 0 2.75
71 17 0 2.0
156 6 0 3.0
289 27 0 3.25
214 19 0 3.5
306 7 0 3.0
107 20 0 2.0
88 6 0 2.5
73 1 0 3.0
296 23 0 2.0
324 7 0 2.75
82 23 0 3.5
108 24 0 3.25
190 23 0 4.0
225 20 0 2.5
82 27 0 3.5
73 3 0 3.75
179 28 0 2.25
61 1 0 2.0
313 29 0 2.5
44 27 0 3.75
243 21 0 2.0
223 20 0 3.25
29 30 0 2.25
2 26 0 2.5
255 23 0 2.5
244 0 0 3.0
61 18 0 4.0
341 30 0 4.0
3 2 0 3.0
86 12 0 4.0
174 11 0 2.0
120 13 0 2.25
108 31 0 2.75
88 4 0 3.25
352 80 0 2.25
208 27 0 2.75
341 8 0 2.5
305 27 0 3.25
253 1 0 2.75
20 23 0 3.0
18 23 0 2.75
83 12 0 2.25
275 17 0 2.5
47 27 0 3.25
310 23 0 3.0
224 1 0 3.75
78 10 0 3.0
17 29 0 3.25
47 14 0 2.0
105 2 0 2.0
272 16 0 2.25
1 14 0 2.0
310 21 0 3.0
344 6 0 2.5
266 3 0 3.0
172 11 0 2.75
240 11 0 4.0
268 15 0 2.75
294 5 0 3.0
270 41 0 2.0
103 21 0 3.0
13 3 0 4.0
327 20 0 2.75
116 17 0 3.0
20 3 0 4.0
21 3 0 2.75
26 5 0 2.25
304 5 0 3.25
331 30 0 3.25
160 3 0 2.25
85 30 0 2.0
35 26 0 4.0
247 19 0 2.5
131 8 0 3.5
44 20 0 2.75
176 28 0 2.0
307 6 0 2.25
174 28 0 2.0
63 30 0 3.0
144 4 0 2.0
231 22 0 4.0
202 18 0 2.25
323 10 0 3.75
313 21 0 3.0
8 14 0 3.25
294 15 0 2.0
9 5 0 2.0
141 14 0 4.0
5 16 0 3.75
60 2 0 3.0
102 7 0 4.0
313 5 0 2.0
35 20 0 3.0
225 23 0 2.25
262 0 0 2.75
125 39 0 2.0
340 10 0 2.75
250 3 0 2.5
301 28 0 3.0
266 21 0 3.25
149 32 0 2.0
186 14 0 2.75
337 23 0 3.75
242 29 0 2.75
91 4 0 2.25
121 11 0 4.0
65 15 0 3.0
191 24 0 2.5
37 23 0 3.5
112 5 0 3.25
104 28 0 2.0
246 13 0 3.75
291 28 0 2.5
194 14 0 2.25
14 3 0 4.0
32 20 0 2.25
328 17 0 3.25
261 28 0 3.25
99 4 0 3.5
347 7 0 3.75
40 17 0 2.0
49 30 0 3.75
309 29 0 3.5
303 13 0 3.75
251 19 0 2.25
46 37 0 3.75
278 19 0 3.75
320 22 0 3.5
219 13 0 2.5
109 4 0 2.5
111 24 0 4.0
13 12 0 3.0
348 6 0 3.0
1 18 0 3.5
220 19 0 3.5
349 5 0 3.25
157 22 0 3.75
330 10 0 3.75
136 1 0 4.0
48 13 0 3.0
30 2 0 3.0
197 2 0 4.0
340 18 0 4.0
139 28 0 3.75
252 0 0 3.25
92 15 0 2.5
294 30 0 2.0
106 22 0 3.75
127 16 0 2.75
348 22 0 3.25
348 12 0 4.0
278 5 0 3.0
159 17 0 2.75
265 25 0 3.75
170 29 0 3.25
20 4 0 3.5
157 7 0 2.75
196 21 0 2.0
89 8 0 4.0
208 16 0 3.0
104 21 0 2.75
183 14 0 2.5
26 24 0 3.25
111 1 0 4.0
168 24 0 4.0
181 25 0 2.0
232 6 0 2.25
306 13 0 2.5
160 56 0 4.0
287 0 0 3.75
284 17 0 3.25
116 11 0 2.5
11 25 0 3.75
53 26 0 3.75
250 2 0 2.5
333 5 0 3.25
101 8 0 2.75
113 28 0 3.25
108 0 0 2.75
166 13 0 2.5
25 10 0 3.75
190 2 0 4.0
338 2 0 3.0
125 20 0 2.25
267 12 0 3.75
311 7 0 2.5
319 13 0 3.75
240 15 0 4.0
313 22 0 2.75
353 0 0 2.75
338 26 0 2.75
280 3 0 2.5
148 13 0 2.0
233 14 0 2.5
10 21 0 3.75
76 12 0 2.5
240 10 0 3.75
340 28 0 3.5
208 2 0 3.25
316 66 0 2.75
248 78 0 4.0
335 23 0 3.0
199 14 0 3.75
171 26 0 3.75
146 7 0 3.75
84 26 0 2.5
102 29 0 2.0
259 19 0 3.25
162 1 0 2.5
36 6 0 3.25
223 26 0 3.75
281 26 0 2.5
290 5 0 3.25
250 30 0 2.0
204 7 0 2.75
347 0 0 3.5
356 8 0 2.25
93 23 0 3.0
168 16 0 4.0
286 9 0 3.0
41 28 0 2.5
304 15 0 3.75
299 16 0 2.5
9 18 0 4.0
184 30 0 2.25
310 1 0 2.25
7 21 0 2.0
351 4 0 2.0
262 17 0 3.25
165 27 0 4.0
234 4 0 2.75
214 3 0 3.25
286 27 0 3.0
245 23 0 3.25
104 14 0 2.5
299 20 0 3.75
204 25 0 4.0
169 28 0 3.0
254 18 0 4.0
93 5 0 2.25
184 1 0 4.0
350 32 0 2.5
20 12 0 3.0
147 28 0 3.25
17 10 0 3.75
208 3 0 3.75
121 43 0 3.75
6 30 0 2.5
354 38 0 2.5
136 23 0 2.25
19 14 0 4.0
302 6 0 3.25
154 11 0 3.25
130 7 0 2.0
279 24 0 3.25
177 6 0 2.25
184 28 0 2.75
294 9 0 2.75
20 24 0 3.75
178 10 0 2.25
97 21 0 4.0
182 14 0 3.0
114 27 0 2.75
252 28 0 2.25
332 12 0 2.0
161 20 0 4.0
23 25 0 3.75
310 6 0 3.25
318 21 0 2.25
19 1 0 3.75
309 17 0 2.5
314 18 0 2.25
163 4 0 2.75
29 14 0 3.5
48 0 0 2.75
282 15 0 2.75
231 10 0 3.0
331 26 0 3.75
315 1 0 3.5
353 40 0 4.0
172 12 0 2.0
129 1 0 3.25
231 14 0 2.75
29 47 0 2.0
220 24 0 3.75
149 26 0 3.0
313 14 0 2.5
160 1 0 3.25
108 13 0 2.25
137 0 0 3.75
223 13 0 2.0
137 4 0 2.5
346 56 0 3.25
19 21 0 2.25
210 24 0 2.0
273 21 0 3.5
252 26 0 2.25
251 3 0 2.75
98 6 0 3.75
278 26 0 3.5
206 3 0 3.5
44 19 0 4.0
242 0 0 2.0
51 30 0 3.75
18 7 0 2.75
270 1 0 2.25
221 30 0 3.75
121 28 0 3.5
143 6 0 3.0
256 7 0 2.5
302 2 0 2.75
272 15 0 2.5
165 26 0 3.25
57 15 0 3.5
296 15 0 3.5
109 22 0 3.75
331 18 0 2.0
117 6 0 3.5
95 1 0 2.5
104 8 0 3.0
28 28 0 3.25
159 7 0 2.5
82 29 0 3.5
253 59 0 3.75
49 7 0 2.75
330 6 0 3.5
153 28 0 3.5
195 12 0 2.5
283 16 0 3.0
277 26 0 4.0
97 8 0 2.25
350 3 0 2.0
24 10 0 2.0
315 5 0 2.0
283 14 0 3.5
69 12 0 3.5
103 26 0 2.0
165 3 0 3.0
205 15 0 2.5
56 26 0 2.25
87 20 0 2.0
197 18 0 3.75
66 2 0 3.0
173 9 0 2.75
275 0 0 3.75
63 46 0 4.0
84 19 0 2.25
326 12 0 2.5
77 17 0 3.0
143 12 0 3.0
291 16 0 3.5
52 14 0 2.25
276 24 0 3.25
86 13 0 3.75
139 12 0 2.5
116 20 0 3.5
92 19 0 3.25
299 3 0 4.0
115 12 0 2.75
76 10 0 2.5
151 22 0 3.0
238 1 0 2.75
59 20 0 3.75
46 22 0 3.75
72 27 0 2.25
266 18 0 2.75
228 16 0 4.0
352 4 0 3.0
150 17 0 3.0
65 9 0 4.0
211 14 0 3.5
69 19 0 3.0
259 27 0 2.75
123 21 0 2.75
354 57 0 3.25
297 55 0 2.5
85 25 0 2.25
234 0 0 3.75
150 1 0 2.0
42 11 0 3.25
189 4 0 3.75
47 22 0 2.75
8 23 0 3.5
319 25 0 2.0
10 11 0 3.0
327 11 0 3.0
278 26 0 2.0
270 11 0 4.0
315 10 0 4.0
36 27 0 2.25
65 0 0 3.5
128 16 0 3.25
329 27 0 3.5
348 2 0 2.75
329 38 0 2.75
253 9 0 2.5
332 26 0 4.0
300 20 0 3.0
318 7 0 2.0
143 21 0 3.0
359 23 0 3.0
99 3 0 2.0
151 0 0 2.0
111 3 0 3.25
91 15 0 2.75
243 23 0 4.0
144 26 0 3.75
56 9 0 2.75
120 2 0 3.5
9 0 0 2.5
298 10 0 2.75
310 17 0 3.75
71 3 0 3.75
36 29 0 3.0
83 1 0 3.75
121 15 0 3.25
121 30 0 4.0
302 1 0 2.0
29 16 0 2.0
246 26 0 2.0
90 2 0 3.0
111 15 0 3.5
2 20 0 3.75
267 11 0 2.5
92 11 0 2.5
320 6 0 2.5
255 13 0 3.0
252 11 0 4.0
176 1 0 3.5
342 28 0 2.25
330 9 0 3.25
212 22 0 4.0
263 20 0 2.0
100 27 0 2.25
304 29 0 4.0
239 28 0 3.5
302 28 0 2.0
204 9 0 4.0
184 7 0 2.75
61 20 0 3.0
113 16 0 4.0
358 0 0 2.0
297 16 0 4.0
26 6 0 3.5
1 11 0 3.75
0 9 0 3.75
21 20 0 2.25
210 14 0 2.5
209 58 0 2.5
128 13 0 3.75
37 25 0 3.75
33 8 0 3.0
291 30 0 2.5
68 16 0 4.0
228 6 0 4.0
221 19 0 4.0
340 42 0 4.0
325 19 0 3.0
356 19 0 4.0
107 26 0 3.5
136 58 0 2.0
183 29 0 3.0
347 24 0 2.75
307 9 0 2.5
23 7 0 4.0
198 5 0 3.0
226 27 0 3.5
197 9 0 3.25
249 19 0 2.75
34 18 0 3.25
184 9 0 4.0
246 0 0 4.0
189 19 0 4.0
39 1 0 3.75
105 2 0 3.0
82 0 0 3.5
109 21 0 3.75
