275 3 0 4.0
359 22 0 2.25
279 30 0 4.0
355 25 0 2.0
11 15 0 3.5
70 24 0 3.75
62 1 0 2.5
210 11 0 2.25
341 19 0 3.0
100 6 0 2.0
176 7 0 2.25
71 13 0 3.0
324 25 0 4.0
104 18 0 2.25
103 13 0 3.5
39 25 0 2.75
121 24 0 3.25
327 29 0 3.75
29 22 0 2.75
81 7 0 2.25
187 14 0 3.75
227 14 0 3.0
262 22 0 3.0
285 16 0 3.75
276 2 0 3.25
301 35 0 2.25
86 11 0 3.25
71 2 0 3.5
102 29 0 2.5
184 19 0 4.0
328 20 0 3.5
27 23 0 3.75
288 29 0 2.75
67 29 0 2.0
165 25 0 2.0
219 22 0 2.75
351 20 0 3.0
153 23 0 2.75
87 14 0 3.0
33 24 0 3.0
72 24 0 2.75
63 0 0 2.75
110 0 0 3.0
229 28 0 2.0
197 25 0 2.5
306 11 0 3.5
172 13 0 2.75
294 28 0 4.0
149 80 0 2.25
84 19 0 4.0
207 24 0 2.0
208 11 0 2.0
167 24 0 3.75
63 27 0 3.5
10 16 0 2.0
16 9 0 2.75
75 1 0 3.0
234 79 0 2.75
258 19 0 3.25
168 16 0 3.25
175 6 0 2.5
291 0 0 2.5
57 5 0 2.75
43 7 0 2.25
278 1 0 2.0
60 22 0 2.5
132 22 0 4.0
17 22 0 3.0
341 2 0 3.75
353 11 0 2.75
79 25 0 3.5
219 13 0 3.25
266 28 0 2.0
182 23 0 2.5
80 18 0 4.0
81 5 0 3.5
247 13 0 3.0
326 11 0 2.0
250 15 0 3.25
11 4 0 2.75
110 16 0 3.5
264 19 0 3.0
332 23 0 2.0
319 11 0 3.5
208 31 0 2.0
37 8 0 3.0
38 11 0 2.75
54 8 0 3.5
211 20 0 3.25
271 8 0 4.0
339 24 0 2.75
317 11 0 2.25
218 6 0 2.5
185 14 0 3.25
288 7 0 3.5
8 9 0 2.5
44 12 0 2.25
217 9 0 3.25
102 6 0 2.25
93 10 0 3.75
84 18 0 4.0
4 27 0 2.0
40 20 0 2.75
135 7 0 3.5
352 20 0 2.5
348 25 0 2.25
206 20 0 2.5
71 3 0 3.0
350 30 0 2.5
17 25 0 2.0
299 50 0 2.75
359 9 0 3.25
18 13 0 3.5
278 8 0 3.5
321 37 0 3.0
74 8 0 4.0
40 23 0 3.0
157 27 0 2.5
349 28 0 2.0
29 11 0 2.75
327 19 0 3.25
91 14 0 2.75
164 3 0 4.0
296 15 0 2.25
2 30 0 2.0
184 17 0 3.0
274 7 0 3.25
134 10 0 4.0
35 9 0 3.0
123 31 0 3.5
32 30 0 4.0
119 17 0 4.0
176 27 0 2.5
8 10 0 3.75
136 6 0 3.75
162 26 0 3.75
311 8 0 4.0
2 15 0 2.0
287 79 0 4.0
252 29 0 4.0
319 7 0 3.25
262 6 0 3.5
147 27 0 4.0
281 7 0 2.75
90 18 0 2.25
203 21 0 3.25
190 7 0 2.5
242 18 0 3.5
309 22 0 2.5
193 21 0 3.25
298 40 0 3.75
42 28 0 2.75
205 22 0 3.5
239 1 0 2.0
98 20 0 3.75
46 0 0 3.5
52 7 0 2.0
212 1 0 3.75
213 16 0 2.75
142 22 0 2.0
311 20 0 3.75
10 19 0 3.0
176 8 0 2.75
354 11 0 3.25
138 1 0 2.25
33 29 0 2.0
103 28 0 3.5
51 6 0 2.0
127 8 0 3.75
323 26 0 3.0
240 0 0 3.5
332 2 0 2.75
293 1 0 3.75
224 14 0 2.75
8 16 0 3.0
151 13 0 2.5
81 27 0 2.75
160 21 0 3.75
10 22 0 4.0
115 3 0 2.5
260 27 0 3.0
331 13 0 2.75
218 12 0 3.5
328 19 0 3.75
322 19 0 2.25
110 2 0 3.25
299 2 0 3.25
342 30 0 3.0
310 16 0 3.0
233 57 0 3.5
34 24 0 2.0
293 14 0 3.0
91 17 0 3.5
182 4 0 3.75
299 0 0 3.5
69 22 0 2.25
93 8 0 3.0
344 8 0 2.5
232 3 0 3.75
214 11 0 3.75
276 24 0 2.5
179 28 0 2.5
94 8 0 3.5
80 2 0 3.5
182 4 0 2.5
49 10 0 2.5
109 11 0 2.25
227 29 0 3.75
325 17 0 3.5
54 7 0 3.75
311 23 0 3.25
279 22 0 2.75
65 3 0 2.75
122 4 0 2.5
216 24 0 3.75
16 47 0 4.0
161 18 0 2.25
209 9 0 3.0
53 22 0 3.25
78 12 0 3.0
339 3 0 3.25
246 17 0 4.0
117 10 0 4.0
190 2 0 2.25
26 29 0 2.5
335 9 0 3.75
89 29 0 4.0
281 15 0 3.25
176 15 0 3.75
273 20 0 4.0
18 4 0 2.5
89 4 0 3.25
148 68 0 2.25
222 21 0 3.5
24 39 0 3.0
220 11 0 2.75
176 2 0 3.75
359 27 0 2.0
25 6 0 2.5
293 13 0 3.0
109 5 0 2.75
124 26 0 2.0
305 24 0 2.25
246 27 0 3.5
196 20 0 2.5
183 12 0 2.75
351 10 0 4.0
148 18 0 3.75
92 22 0 2.25
165 14 0 3.25
98 4 0 3.75
216 4 0 2.5
279 9 0 3.25
115 28 0 3.75
330 14 0 3.25
133 29 0 2.0
124 1 0 4.0
319 8 0 2.75
336 27 0 4.0
2 14 0 3.75
171 3 0 3.5
290 1 0 2.5
103 3 0 2.0
326 27 0 4.0
343 4 0 3.75
221 24 0 4.0
94 24 0 3.5
222 18 0 3.0
107 29 0 3.75
310 8 0 3.25
332 27 0 3.75
56 13 0 4.0
292 10 0 3.75
267 55 0 3.5
139 26 0 3.75
53 20 0 4.0
350 59 0 3.75
215 30 0 2.0
32 28 0 3.75
155 23 0 2.0
55 16 0 4.0
137 13 0 3.5
184 11 0 4.0
154 22 0 2.25
199 8 0 3.5
318 8 0 4.0
233 17 0 2.5
50 27 0 3.25
320 11 0 3.75
246 8 0 2.25
161 4 0 2.25
244 12 0 2.0
289 6 0 2.0
261 1 0 3.25
235 7 0 2.75
5 12 0 3.5
286 0 0 2.5
94 59 0 3.75
39 17 0 3.25
91 27 0 4.0
100 26 0 4.0
338 30 0 2.25
305 4 0 3.75
26 1 0 3.5
116 4 0 2.25
90 9 0 4.0
109 49 0 4.0
309 7 0 4.0
74 2 0 2.25
49 18 0 3.25
346 27 0 3.25
147 5 0 3.25
128 26 0 3.5
75 11 0 3.75
15 12 0 2.5
127 5 0 3.0
28 15 0 3.75
351 14 0 2.75
2 25 0 2.75
223 15 0 3.25
231 2 0 4.0
330 17 0 3.75
84 16 0 3.25
156 28 0 3.25
336 15 0 2.5
278 18 0 3.0
313 24 0 3.25
36 16 0 2.75
298 24 0 3.5
151 10 0 2.75
345 25 0 2.25
337 29 0 2.5
70 29 0 3.0
233 20 0 3.25
217 19 0 3.5
62 29 0 2.75
309 19 0 3.25
278 27 0 3.0
147 9 0 2.75
159 15 0 3.25
311 3 0 3.0
163 22 0 3.5
90 0 0 2.25
239 13 0 2.25
94 19 0 2.75
39 8 0 2.5
154 29 0 3.75
268 28 0 3.75
96 29 0 3.5
221 7 0 2.0
322 7 0 3.5
84 22 0 3.75
353 21 0 2.25
351 15 0 3.5
185 8 0 3.25
36 26 0 3.5
339 14 0 2.5
110 56 0 2.25
212 3 0 3.0
273 10 0 3.75
11 14 0 2.25
44 10 0 3.75
173 23 0 2.25
143 27 0 4.0
342 61 0 3.5
80 25 0 4.0
34 14 0 3.25
249 25 0 4.0
100 1 0 3.5
329 25 0 4.0
64 13 0 2.75
296 29 0 2.25
311 22 0 3.75
43 2 0 3.25
19 26 0 3.25
276 2 0 4.0
126 12 0 3.5
182 24 0 3.0
170 9 0 3.75
88 20 0 3.25
59 8 0 3.5
5 19 0 4.0
181 13 0 3.0
38 19 0 3.75
94 28 0 2.75
250 14 0 2.75
300 51 0 2.0
190 25 0 3.75
149 16 0 2.75
166 25 0 2.25
353 0 0 3.25
340 30 0 3.75
126 5 0 3.0
160 22 0 4.0
269 27 0 2.0
152 13 0 3.25
33 22 0 2.75
122 15 0 2.0
87 13 0 3.75
27 34 0 3.5
214 11 0 3.0
214 19 0 4.0
313 19 0 2.25
208 26 0 3.0
94 5 0 2.5
331 3 0 2.5
185 22 0 3.5
291 44 0 3.25
319 19 0 2.25
334 28 0 2.0
323 2 0 4.0
169 7 0 2.25
190 14 0 2.25
353 27 0 3.75
341 21 0 2.25
123 5 0 2.5
41 21 0 4.0
134 1 0 2.25
69 23 0 3.75
77 13 0 2.75
95 0 0 4.0
60 28 0 2.0
203 9 0 4.0
141 25 0 3.5
172 10 0 2.5
22 13 0 2.5
20 21 0 2.0
258 15 0 3.0
315 19 0 3.0
271 24 0 3.0
102 3 0 2.75
206 9 0 2.5
153 23 0 3.25
198 22 0 2.0
233 26 0 3.75
268 14 0 4.0
206 1 0 3.0
128 22 0 2.0
141 18 0 3.25
15 17 0 2.25
290 3 0 2.25
187 54 0 2.0
355 12 0 2.75
163 20 0 3.5
266 1 0 2.0
240 23 0 3.5
82 24 0 3.75
204 2 0 3.25
77 0 0 3.0
32 6 0 3.75
204 22 0 2.25
93 8 0 3.25
204 20 0 3.25
102 47 0 4.0
243 29 0 3.0
94 24 0 3.75
163 7 0 2.0
271 21 0 4.0
107 9 0 4.0
14 26 0 3.25
277 11 0 3.0
132 21 0 2.0
41 16 0 2.0
145 1 0 3.25
258 28 0 4.0
282 16 0 3.5
74 17 0 2.0
280 25 0 2.0
315 17 0 3.0
70 28 0 2.0
262 0 0 2.25
327 29 0 2.0
18 3 0 3.0
333 13 0 2.0
101 13 0 2.5
1 7 0 2.75
126 17 0 2.25
99 2 0 4.0
257 11 0 3.0
233 30 0 3.75
102 8 0 2.25
210 1 0 2.5
330 28 0 3.0
5 22 0 2.5
279 28 0 2.5
8 10 0 2.0
94 23 0 3.75
122 73 0 2.5
123 13 0 2.75
126 0 0 3.5
216 27 0 2.75
343 12 0 2.5
134 10 0 3.5
238 9 0 2.75
230 8 0 3.75
253 28 0 3.25
191 4 0 3.25
258 12 0 2.75
92 11 0 2.0
157 14 0 2.5
31 6 0 4.0
77 18 0 2.75
21 23 0 3.75
73 8 0 2.5
298 24 0 3.25
104 14 0 3.75
65 25 0 2.0
184 1 0 2.5
335 14 0 3.25
271 20 0 3.0
86 17 0 2.75
230 58 0 3.75
64 15 0 3.75
226 18 0 2.0
209 19 0 3.25
208 14 0 2.5
89 10 0 3.0
164 10 0 2.75
3 16 0 2.5
340 13 0 2.0
250 1 0 4.0
353 22 0 3.75
191 0 0 3.5
207 4 0 3.25
337 29 0 3.25
70 0 0 2.5
237 33 0 2.75
19 20 0 3.75
195 6 0 2.75
136 11 0 3.25
209 24 0 3.5
283 8 0 3.0
356 9 0 3.25
279 4 0 2.5
358 8 0 2.0
167 43 0 2.25
82 16 0 4.0
338 7 0 2.75
217 6 0 2.75
117 30 0 2.0
265 50 0 2.5
309 9 0 4.0
289 25 0 3.25
209 12 0 2.75
164 10 0 4.0
337 2 0 2.5
36 17 0 3.25
102 3 0 2.5
333 10 0 3.0
300 8 0 2.0
185 23 0 3.5
351 2 0 3.5
252 24 0 2.75
291 23 0 3.5
335 20 0 2.75
34 18 0 3.25
50 6 0 2.0
286 2 0 4.0
50 28 0 3.25
64 7 0 2.75
39 27 0 3.25
147 21 0 4.0
73 38 0 2.5
358 3 0 2.5
305 7 0 2.25
38 30 0 2.0
3 7 0 4.0
151 8 0 3.0
224 26 0 4.0
115 24 0 2.5
71 5 0 3.25
10 20 0 3.75
181 30 0 2.75
212 27 0 3.25
335 19 0 2.0
355 6 0 2.5
231 30 0 2.0
85 18 0 3.5
326 0 0 2.25
137 19 0 2.5
353 4 0 3.75
347 42 0 3.0
275 0 0 3.0
220 21 0 2.0
88 0 0 3.0
188 30 0 3.25
69 15 0 3.0
39 24 0 2.75
131 4 0 2.25
73 26 0 2.5
248 0 0 3.0
355 12 0 3.0
2 23 0 2.5
194 1 0 3.75
352 20 0 3.25
4 20 0 3.75
217 13 0 3.25
235 7 0 2.25
253 2 0 3.75
325 10 0 2.0
259 0 0 3.0
52 19 0 4.0
28 4 0 2.5
51 25 0 3.0
92 0 0 3.5
261 23 0 2.5
261 6 0 2.0
215 13 0 2.25
8 27 0 3.0
117 15 0 3.25
213 30 0 3.0
187 29 0 3.5
240 24 0 3.25
304 11 0 4.0
44 9 0 3.25
70 5 0 3.75
343 44 0 2.5
266 70 0 2.0
80 5 0 3.0
39 6 0 2.0
325 25 0 2.25
276 22 0 3.25
28 3 0 2.5
42 20 0 2.0
263 29 0 3.25
23 18 0 2.5
136 4 0 3.5
249 21 0 4.0
13 24 0 2.0
74 0 0 4.0
319 27 0 2.0
99 54 0 3.75
70 26 0 3.0
322 15 0 2.75
5 5 0 2.25
19 27 0 2.75
297 8 0 3.0
137 26 0 4.0
328 16 0 4.0
144 15 0 2.25
330 55 0 2.0
313 26 0 2.75
306 17 0 3.75
31 2 0 2.25
182 3 0 3.25
34 11 0 3.5
159 6 0 2.25
221 29 0 3.25
46 14 0 2.5
145 18 0 4.0
25 5 0 2.25
315 13 0 3.25
338 22 0 3.0
137 22 0 3.75
106 30 0 3.5
42 9 0 3.75
221 22 0 2.75
352 8 0 2.5
250 30 0 3.0
188 27 0 2.0
310 21 0 2.75
347 24 0 4.0
118 12 0 2.25
247 56 0 3.0
300 27 0 3.0
228 8 0 2.75
103 6 0 3.25
353 18 0 4.0
44 8 0 2.5
224 30 0 2.5
200 5 0 2.25
268 28 0 3.25
263 0 0 3.0
305 14 0 3.75
240 3 0 3.75
119 24 0 3.0
243 14 0 3.0
136 27 0 2.25
127 13 0 2.25
202 17 0 2.0
57 12 0 4.0
33 54 0 2.25
57 9 0 4.0
176 20 0 2.0
134 18 0 2.5
244 24 0 3.25
337 14 0 2.75
133 23 0 4.0
90 30 0 3.5
264 7 0 4.0
44 26 0 4.0
28 10 0 2.5
146 12 0 3.5
291 8 0 3.5
21 51 0 2.5
329 28 0 2.0
356 6 0 4.0
273 10 0 2.25
316 12 0 2.75
0 29 0 2.5
308 6 0 3.0
46 30 0 3.5
214 20 0 4.0
170 12 0 4.0
269 4 0 3.25
347 8 0 3.5
36 13 0 3.75
47 1 0 3.75
195 9 0 3.0
177 25 0 4.0
317 19 0 2.0
144 7 0 2.75
65 5 0 3.0
174 10 0 2.0
347 19 0 2.25
69 28 0 3.25
115 5 0 2.0
192 3 0 2.75
270 16 0 2.25
64 8 0 3.75
124 22 0 3.25
233 26 0 2.5
206 22 0 2.0
257 16 0 3.0
205 34 0 3.75
161 8 0 4.0
124 5 0 3.25
339 1 0 2.0
241 20 0 3.0
145 24 0 2.25
142 16 0 2.75
146 26 0 3.0
302 11 0 2.25
334 23 0 3.25
299 8 0 2.5
200 13 0 3.5
149 2 0 3.25
272 13 0 2.25
67 2 0 2.75
32 53 0 4.0
139 8 0 3.0
308 29 0 3.0
151 0 0 4.0
304 23 0 3.5
144 28 0 2.0
71 28 0 3.25
212 5 0 3.75
235 17 0 4.0
117 2 0 3.0
16 29 0 2.25
286 7 0 2.25
338 1 0 3.75
277 6 0 3.25
358 59 0 2.75
156 18 0 2.25
21 22 0 3.5
81 24 0 2.75
217 23 0 2.75
354 30 0 4.0
73 0 0 4.0
6 29 0 3.25
261 18 0 2.25
129 6 0 2.5
62 9 0 3.0
333 2 0 3.0
353 19 0 3.5
110 18 0 2.25
187 27 0 2.25
56 26 0 2.0
99 16 0 3.5
319 7 0 3.75
231 17 0 3.0
8 10 0 2.5
134 24 0 3.75
141 13 0 2.75
45 4 0 3.25
45 12 0 2.0
205 4 0 3.25
345 11 0 4.0
47 16 0 3.5
213 18 0 4.0
164 21 0 4.0
191 5 0 2.25
185 18 0 3.0
339 12 0 3.75
180 24 0 3.0
304 16 0 2.75
232 19 0 2.75
16 5 0 3.75
218 23 0 3.5
162 4 0 2.75
181 42 0 3.0
160 12 0 3.5
79 15 0 3.5
215 29 0 2.25
180 2 0 2.25
164 5 0 3.25
117 6 0 3.5
24 15 0 3.75
352 9 0 2.25
31 11 0 3.75
198 5 0 3.75
150 3 0 3.25
250 5 0 2.25
181 12 0 3.0
178 0 0 3.5
307 29 0 4.0
319 2 0 2.5
248 0 0 3.25
29 19 0 3.5
123 10 0 3.25
156 10 0 3.5
38 5 0 3.25
235 28 0 2.25
231 24 0 3.75
347 10 0 2.25
335 20 0 4.0
56 23 0 3.25
176 16 0 2.0
209 13 0 3.0
310 1 0 2.75
175 12 0 4.0
2 19 0 3.75
203 28 0 2.25
345 10 0 2.5
320 5 0 3.0
190 7 0 2.75
92 19 0 2.25
274 24 0 3.0
27 10 0 2.5
162 1 0 2.0
204 20 0 2.0
294 6 0 2.25
243 4 0 2.5
6 5 0 2.25
253 9 0 2.75
306 1 0 3.25
6 22 0 4.0
308 27 0 2.5
178 16 0 3.0
101 18 0 2.75
351 24 0 2.75
349 18 0 2.5
42 7 0 3.5
96 17 0 2.75
151 2 0 2.75
140 10 0 3.5
216 17 0 2.5
347 14 0 3.75
161 16 0 2.25
81 25 0 2.0
209 17 0 3.5
283 6 0 3.25
267 30 0 2.5
108 2 0 3.25
1 8 0 2.25
94 2 0 3.5
198 13 0 2.75
182 10 0 2.25
321 29 0 3.0
309 14 0 3.75
146 3 0 2.25
185 13 0 2.75
113 26 0 2.5
53 21 0 2.0
13 1 0 2.5
23 12 0 3.75
145 7 0 2.25
320 13 0 3.25
138 14 0 3.5
191 23 0 2.75
163 24 0 2.5
43 16 0 2.5
11 18 0 2.25
328 25 0 2.75
313 2 0 4.0
132 25 0 2.25
316 6 0 2.75
45 16 0 2.75
280 8 0 4.0
240 59 0 3.25
32 20 0 3.75
78 2 0 3.0
126 17 0 2.75
86 24 0 3.5
292 10 0 3.5
276 3 0 2.0
341 20 0 2.75
80 17 0 3.25
330 30 0 2.75
112 30 0 2.5
1 25 0 3.5
273 23 0 4.0
199 22 0 3.75
275 30 0 3.25
214 0 0 3.75
60 3 0 2.25
174 14 0 3.25
187 23 0 3.5
121 23 0 3.25
162 22 0 2.25
344 10 0 3.75
304 7 0 2.25
326 14 0 2.25
201 0 0 2.75
222 14 0 2.25
40 10 0 3.5
281 10 0 3.0
106 10 0 3.0
303 3 0 2.75
295 19 0 3.75
61 36 0 4.0
354 36 0 3.0
35 26 0 4.0
295 8 0 3.25
23 25 0 3.0
248 22 0 3.25
251 2 0 3.75
34 28 0 2.0
248 3 0 3.5
185 5 0 2.5
204 13 0 2.75
105 8 0 2.75
357 10 0 3.25
259 3 0 3.5
206 26 0 2.5
211 19 0 3.75
318 13 0 2.5
131 1 0 3.75
303 40 0 3.75
348 10 0 2.0
83 23 0 2.5
189 13 0 2.25
16 15 0 3.5
39 23 0 2.75
95 1 0 2.0
257 15 0 4.0
259 29 0 3.25
347 5 0 3.25
53 22 0 2.5
21 12 0 2.75
345 1 0 2.25
160 19 0 2.5
200 12 0 2.75
44 19 0 4.0
327 30 0 2.25
286 42 0 4.0
84 28 0 3.5
37 10 0 3.0
225 4 0 2.0
16 23 0 3.0
165 15 0 2.75
12 11 0 3.75
231 18 0 2.5
351 28 0 3.0
230 5 0 4.0
192 8 0 2.0
121 19 0 3.5
107 5 0 3.5
344 7 0 3.5
314 3 0 3.5
313 0 0 4.0
295 14 0 3.0
204 30 0 3.5
28 23 0 3.75
27 9 0 4.0
291 9 0 2.25
101 17 0 2.0
303 18 0 4.0
99 1 0 3.5
204 14 0 3.0
350 21 0 3.75
316 18 0 3.5
179 23 0 2.25
263 25 0 3.0
293 10 0 2.0
98 19 0 2.25
184 2 0 2.75
25 12 0 2.75
98 21 0 3.0
125 4 0 2.75
30 6 0 3.25
322 10 0 3.0
306 13 0 2.75
348 20 0 2.0
191 27 0 4.0
185 12 0 3.75
121 19 0 3.0
14 10 0 3.0
306 16 0 3.0
347 9 0 3.0
10 6 0 3.25
264 15 0 3.0
274 16 0 2.75
236 11 0 2.25
134 4 0 2.25
326 17 0 3.75
34 14 0 2.0
33 27 0 2.75
278 19 0 2.25
44 25 0 2.75
290 0 0 4.0
217 10 0 2.75
313 2 0 3.75
259 9 0 3.25
53 30 0 3.75
234 9 0 2.5
208 8 0 2.0
171 37 0 3.75
154 3 0 3.75
6 19 0 2.0
354 4 0 4.0
73 29 0 2.0
315 0 0 2.75
134 30 0 2.75
351 15 0 2.25
329 6 0 3.25
77 27 0 3.0
158 9 0 2.0
342 7 0 3.5
179 6 0 2.25
99 6 0 3.25
275 16 0 2.5
187 4 0 3.25
204 16 0 3.75
155 16 0 3.0
157 26 0 2.0
22 0 0 2.25
8 4 0 4.0
184 20 0 3.75
268 15 0 2.5
341 23 0 4.0
268 14 0 3.75
165 3 0 3.75
7 28 0 2.75
325 18 0 3.0
246 26 0 2.25
142 14 0 2.0
276 27 0 3.75
328 2 0 2.5
18 61 0 2.75
277 12 0 2.5
227 11 0 2.5
200 12 0 3.75
300 0 0 2.5
144 30 0 2.5
225 6 0 3.5
335 27 0 2.75
222 32 0 3.25
274 11 0 2.0
348 4 0 2.25
132 2 0 3.25
274 15 0 3.5
223 24 0 3.0
11 22 0 3.75
156 29 0 3.5
234 26 0 3.0
276 17 0 2.25
294 27 0 3.25
126 5 0 2.25
186 18 0 2.0
320 12 0 2.25
312 18 0 3.75
190 17 0 2.5
112 3 0 3.25
2 21 0 3.5
208 28 0 3.75
155 63 0 3.5
97 22 0 3.5
15 21 0 2.5
22 10 0 3.0
76 80 0 3.75
181 0 0 3.75
38 9 0 3.0
351 29 0 2.5
352 3 0 2.75
280 16 0 3.75
237 9 0 2.25
96 0 0 2.0
134 15 0 3.5
142 1 0 2.25
251 3 0 3.0
85 2 0 2.25
305 26 0 3.5
106 4 0 4.0
334 1 0 3.25
346 20 0 3.25
279 13 0 3.25
278 6 0 3.0
323 12 0 3.25
70 9 0 3.5
321 27 0 2.75
8 19 0 3.25
194 7 0 3.0
277 14 0 3.75
350 3 0 2.75
62 1 0 2.75
234 28 0 2.0
28 10 0 3.0
14 3 0 3.5
74 62 0 3.25
195 23 0 3.75
82 22 0 3.75
258 16 0 3.75
263 21 0 2.0
230 15 0 2.5
84 10 0 3.25
153 14 0 4.0
51 15 0 4.0
135 29 0 4.0
151 11 0 2.25
326 24 0 3.0
43 26 0 2.5
24 0 0 3.5
210 3 0 2.25
71 9 0 2.0
61 19 0 3.5
49 29 0 2.75
50 15 0 2.0
233 0 0 3.75
136 27 0 2.0
18 23 0 3.5
41 27 0 3.75
166 10 0 2.25
203 26 0 4.0
154 17 0 3.75
90 7 0 2.25
95 2 0 2.25
20 13 0 3.25
30 8 0 3.75
121 0 0 3.75
176 15 0 2.25
288 20 0 3.0
300 18 0 3.5
317 4 0 2.25
108 5 0 3.25
354 21 0 2.0
54 16 0 2.5
265 14 0 2.0
348 30 0 4.0
226 3 0 4.0
173 27 0 2.5
74 22 0 2.25
120 6 0 3.25
272 28 0 4.0
43 12 0 3.5
100 9 0 2.5
177 6 0 2.0
256 8 0 3.25
263 20 0 2.75
138 2 0 3.0
57 18 0 3.75
257 1 0 3.25
201 5 0 3.0
55 20 0 3.25
128 8 0 2.75
151 20 0 2.0
285 1 0 2.75
43 12 0 2.0
308 26 0 3.25
249 21 0 3.5
304 29 0 3.25
162 57 0 2.75
297 21 0 2.25
150 28 0 3.25
289 17 0 2.5
341 7 0 3.5
325 11 0 4.0
84 46 0 3.75
326 24 0 2.5
185 24 0 2.0
108 25 0 2.25
27 22 0 4.0
100 20 0 2.25
50 7 0 3.25
292 18 0 2.5
41 17 0 2.75
351 9 0 3.25
165 53 0 2.75
215 28 0 4.0
100 15 0 4.0
90 20 0 4.0
269 30 0 3.5
154 18 0 3.5
179 12 0 3.75
279 15 0 2.75
125 3 0 3.75
91 12 0 2.25
187 9 0 3.5
42 11 0 2.25
95 15 0 2.25
65 14 0 4.0
220 21 0 2.25
30 1 0 3.25
47 7 0 2.5
238 30 0 4.0
307 25 0 2.0
139 13 0 3.75
83 4 0 2.5
129 6 0 3.75
89 4 0 2.5
72 8 0 3.25
22 25 0 2.75
285 29 0 3.0
309 3 0 2.75
351 6 0 3.75
1 29 0 3.75
343 23 0 2.25
313 16 0 3.75
288 17 0 3.25
54 29 0 2.0
274 10 0 3.0
230 13 0 3.5
144 18 0 2.0
77 9 0 2.25
331 23 0 3.5
234 19 0 3.25
96 12 0 3.75
257 2 0 3.5
283 0 0 2.0
226 1 0 3.0
191 14 0 2.0
81 26 0 4.0
37 22 0 3.25
266 14 0 2.0
337 60 0 4.0
353 9 0 3.5
101 25 0 3.75
111 19 0 2.5
153 27 0 3.0
132 28 0 2.25
199 1 0 2.25
3 11 0 2.25
334 9 0 3.25
29 9 0 2.75
102 11 0 2.0
24 3 0 2.25
7 2 0 3.75
281 24 0 3.25
204 5 0 3.5
289 29 0 3.25
315 21 0 2.75
106 2 0 3.5
37 16 0 3.25
118 19 0 4.0
65 6 0 4.0
327 30 0 2.75
168 8 0 2.5
193 9 0 3.0
151 51 0 4.0
252 29 0 2.0
76 24 0 2.25
31 28 0 3.25
87 29 0 3.5
197 21 0 4.0
140 1 0 3.25
231 16 0 3.75
70 19 0 3.75
28 20 0 2.75
245 0 0 2.5
199 2 0 2.5
356 3 0 4.0
338 18 0 2.5
95 27 0 4.0
140 23 0 2.75
147 7 0 2.5
168 0 0 2.25
222 24 0 2.25
147 6 0 2.75
60 30 0 2.0
240 7 0 2.5
336 15 0 3.75
339 0 0 4.0
177 15 0 2.0
14 5 0 3.25
307 27 0 2.0
168 27 0 2.5
103 30 0 4.0
191 20 0 2.75
35 16 0 3.5
28 14 0 2.5
26 27 0 2.5
147 22 0 2.0
231 11 0 2.75
148 20 0 4.0
317 10 0 2.25
228 17 0 2.25
229 9 0 3.5
340 52 0 4.0
95 8 0 3.75
46 9 0 2.25
40 22 0 3.0
247 5 0 4.0
224 6 0 2.5
15 0 0 2.75
143 22 0 3.5
181 15 0 3.25
193 23 0 3.5
88 5 0 3.5
204 28 0 2.75
348 10 0 4.0
51 6 0 3.25
338 1 0 2.25
38 2 0 3.5
232 19 0 3.5
67 11 0 2.0
251 10 0 2.0
337 19 0 3.0
254 13 0 3.5
181 9 0 3.0
134 21 0 4.0
109 25 0 3.75
221 11 0 3.0
149 3 0 2.75
53 11 0 2.25
139 6 0 3.5
122 11 0 2.0
146 7 0 2.5
347 8 0 3.25
32 44 0 2.75
12 15 0 3.0
182 16 0 3.75
91 19 0 2.0
29 25 0 3.75
192 7 0 3.5
343 29 0 2.25
331 8 0 2.0
140 23 0 3.25
209 9 0 4.0
189 23 0 3.75
294 0 0 2.25
56 57 0 3.0
273 6 0 3.25
8 5 0 2.75
296 23 0 3.75
319 1 0 2.75
114 19 0 3.5
126 11 0 4.0
228 33 0 2.25
0 4 0 2.25
151 25 0 3.25
31 7 0 3.5
58 3 0 2.25
250 14 0 3.0
49 20 0 3.5
19 32 0 2.25
293 28 0 2.5
353 11 0 2.5
109 8 0 2.25
322 19 0 3.25
315 55 0 2.5
321 59 0 3.75
40 7 0 4.0
150 10 0 3.5
188 23 0 4.0
161 7 0 2.0
92 28 0 2.5
69 47 0 2.25
284 26 0 4.0
58 24 0 3.25
232 23 0 3.0
352 11 0 3.75
284 70 0 4.0
71 2 0 2.0
124 9 0 4.0
301 0 0 3.5
135 13 0 2.0
295 7 0 2.25
256 14 0 2.75
341 18 0 3.25
188 22 0 2.5
318 3 0 2.25
319 0 0 2.75
110 13 0 4.0
346 16 0 2.5
40 17 0 3.5
331 31 0 2.5
238 11 0 3.25
136 7 0 2.5
258 27 0 3.5
137 29 0 2.75
46 23 0 3.25
263 26 0 2.25
153 15 0 4.0
112 20 0 3.0
294 21 0 3.5
25 30 0 3.75
316 27 0 3.25
133 7 0 3.25
23 14 0 2.75
358 40 0 3.25
315 11 0 2.25
291 21 0 2.0
108 22 0 3.75
218 21 0 2.0
336 10 0 3.0
223 30 0 3.25
54 18 0 3.5
316 29 0 3.25
80 24 0 2.75
6 15 0 3.0
162 9 0 3.0
75 22 0 3.5
71 24 0 2.5
42 25 0 2.5
35 10 0 3.25
71 2 0 3.25
342 17 0 3.25
53 4 0 3.5
253 21 0 3.5
132 19 0 2.5
55 25 0 2.5
192 29 0 3.0
240 9 0 2.0
56 18 0 3.75
247 20 0 3.25
340 22 0 2.5
227 15 0 3.0
45 29 0 2.75
154 21 0 2.75
4 3 0 3.5
192 9 0 3.25
160 15 0 2.25
15 14 0 3.5
193 16 0 3.75
169 3 0 3.25
30 59 0 3.5
276 1 0 2.75
159 22 0 2.5
293 2 0 2.25
108 4 0 3.75
129 10 0 2.75
101 26 0 2.75
163 12 0 2.5
202 19 0 3.5
38 50 0 3.75
318 18 0 3.5
316 19 0 3.75
89 15 0 2.5
4 5 0 2.75
109 18 0 3.25
169 28 0 3.75
169 1 0 2.5
312 1 0 3.25
356 9 0 3.75
181 26 0 3.75
129 3 0 3.75
163 16 0 3.5
279 1 0 3.5
278 23 0 4.0
78 1 0 4.0
177 15 0 2.75
328 9 0 3.75
237 5 0 3.75
39 24 0 3.25
195 13 0 3.0
104 75 0 3.5
299 3 0 3.25
265 10 0 2.75
140 9 0 2.0
20 0 0 3.75
293 14 0 4.0
52 5 0 2.0
280 57 0 3.0
117 6 0 3.25
118 20 0 2.5
40 2 0 3.25
3 5 0 2.0
101 5 0 2.5
67 26 0 3.0
303 55 0 4.0
146 20 0 3.0
261 19 0 2.0
55 14 0 4.0
89 27 0 3.25
43 5 0 2.5
292 69 0 2.25
199 12 0 3.0
291 17 0 2.5
349 29 0 3.0
56 4 0 3.5
267 10 0 4.0
242 15 0 4.0
256 25 0 2.25
127 24 0 3.0
237 20 0 3.75
80 14 0 2.0
343 9 0 2.75
42 26 0 3.5
253 13 0 4.0
292 20 0 3.5
349 30 0 2.75
219 5 0 3.0
216 11 0 2.25
10 18 0 4.0
0 22 0 3.75
173 6 0 2.0
81 30 0 2.75
55 0 0 2.75
337 8 0 2.0
24 15 0 2.75
45 5 0 2.5
130 17 0 2.5
261 1 0 3.75
321 17 0 3.25
280 23 0 3.25
279 27 0 2.5
16 29 0 2.5
78 22 0 2.25
38 20 0 3.0
215 11 0 2.0
338 4 0 3.25
255 12 0 2.5
342 19 0 2.0
145 11 0 3.5
138 30 0 2.0
31 22 0 2.5
223 30 0 2.0
216 0 0 2.0
6 29 0 4.0
280 0 0 2.0
245 27 0 3.25
112 26 0 3.75
166 8 0 3.0
179 24 0 3.25
21 9 0 4.0
306 14 0 2.25
186 3 0 2.0
146 1 0 2.25
141 5 0 3.75
36 25 0 2.75
138 40 0 2.75
310 7 0 2.0
88 25 0 2.5
165 18 0 2.75
288 1 0 2.0
220 4 0 3.0
318 20 0 3.5
99 8 0 3.0
340 7 0 2.0
42 8 0 3.75
141 17 0 4.0
310 29 0 3.0
300 36 0 2.0
214 24 0 3.25
6 26 0 2.5
164 17 0 3.5
236 62 0 3.0
80 29 0 2.25
178 15 0 2.75
158 15 0 3.25
298 49 0 3.0
108 18 0 2.25
246 15 0 4.0
60 3 0 4.0
58 52 0 3.5
41 21 0 3.5
359 30 0 2.5
127 21 0 2.25
323 11 0 2.75
134 24 0 4.0
110 9 0 4.0
62 12 0 2.5
74 28 0 2.25
320 9 0 2.75
161 20 0 2.25
11 5 0 3.5
25 14 0 2.25
314 6 0 2.5
72 28 0 2.75
37 17 0 2.0
228 29 0 2.5
136 17 0 3.0
181 15 0 2.0
337 48 0 2.0
326 32 0 2.75
192 0 0 3.0
276 20 0 3.5
63 1 0 4.0
246 5 0 3.25
274 27 0 3.5
120 8 0 2.0
203 16 0 3.75
165 26 0 2.0
194 60 0 3.0
62 46 0 4.0
308 18 0 3.25
67 23 0 2.25
337 6 0 3.0
266 15 0 3.75
314 14 0 3.75
110 27 0 2.0
73 16 0 3.0
12 23 0 3.25
144 20 0 3.5
236 0 0 2.5
84 22 0 2.0
310 7 0 4.0
80 22 0 3.0
230 20 0 3.0
338 19 0 2.0
6 28 0 2.25
297 17 0 2.25
228 0 0 2.25
49 27 0 3.25
42 19 0 3.5
182 27 0 3.5
92 1 0 2.75
243 15 0 2.0
175 1 0 2.25
60 20 0 4.0
182 4 0 3.25
338 15 0 2.0
163 15 0 3.5
163 18 0 2.25
275 29 0 2.25
196 19 0 3.75
261 1 0 2.5
273 21 0 3.75
304 14 0 3.0
20 10 0 3.0
157 16 0 2.25
215 8 0 2.25
247 29 0 2.25
138 18 0 3.25
188 5 0 3.25
74 11 0 2.5
339 23 0 2.5
10 19 0 2.25
35 0 0 3.5
242 22 0 4.0
70 23 0 3.0
259 3 0 4.0
224 28 0 2.25
222 25 0 2.75
12 18 0 2.5
73 28 0 4.0
324 9 0 3.75
258 57 0 4.0
207 18 0 2.25
331 49 0 3.75
68 14 0 4.0
153 19 0 2.75
252 28 0 3.25
118 20 0 2.75
167 15 0 3.0
237 16 0 2.25
302 11 0 3.75
285 11 0 4.0
12 15 0 3.25
249 18 0 3.5
339 0 0 3.0
108 23 0 2.75
144 17 0 3.25
162 14 0 4.0
30 12 0 2.25
87 11 0 3.25
217 11 0 2.25
215 29 0 3.75
287 4 0 3.75
338 25 0 2.5
33 11 0 2.5
36 14 0 2.5
119 20 0 3.25
4 5 0 2.5
329 21 0 2.75
97 50 0 2.5
334 7 0 2.0
346 15 0 2.0
240 9 0 3.75
252 7 0 2.0
74 9 0 2.25
3 57 0 2.75
135 9 0 2.25
103 26 0 2.75
289 4 0 2.5
318 9 0 2.75
225 30 0 2.5
334 25 0 2.5
182 25 0 2.5
154 24 0 2.75
339 18 0 3.5
167 12 0 2.0
309 10 0 2.5
292 17 0 3.0
97 0 0 2.25
292 1 0 3.0
230 18 0 2.0
252 15 0 3.0
142 9 0 3.5
355 2 0 2.5
191 13 0 2.0
138 6 0 3.5
265 21 0 3.75
107 5 0 2.75
249 16 0 2.25
145 6 0 3.0
54 0 0 3.0
320 23 0 2.25
123 3 0 2.0
230 17 0 3.25
207 26 0 2.25
191 7 0 3.0
70 8 0 3.5
19 10 0 4.0
71 53 0 2.25
352 1 0 3.25
188 4 0 3.25
329 18 0 2.75
210 23 0 2.75
352 22 0 2.0
205 18 0 3.0
162 7 0 2.25
29 23 0 3.75
249 23 0 3.25
350 14 0 3.0
173 28 0 2.75
195 25 0 3.25
32 0 0 2.0
160 2 0 2.0
58 7 0 3.75
201 1 0 2.5
275 8 0 3.25
172 3 0 2.5
293 10 0 2.75
225 9 0 3.75
167 17 0 3.25
87 29 0 2.5
119 21 0 3.25
350 15 0 4.0
332 25 0 2.25
106 30 0 2.5
186 26 0 3.5
120 3 0 3.0
294 14 0 2.5
304 0 0 4.0
267 29 0 3.25
175 27 0 3.25
174 6 0 2.75
345 30 0 2.25
42 3 0 2.25
114 20 0 2.0
299 4 0 2.75
33 20 0 2.5
242 10 0 4.0
218 18 0 4.0
149 27 0 2.25
27 29 0 2.25
29 12 0 2.5
1 5 0 2.0
312 11 0 2.0
264 29 0 3.75
70 0 0 2.0
58 12 0 2.75
346 19 0 3.25
263 27 0 4.0
26 20 0 3.25
181 7 0 3.75
298 22 0 3.5
238 19 0 3.5
94 18 0 3.25
342 22 0 3.75
294 11 0 3.5
245 4 0 2.0
340 16 0 3.5
248 36 0 3.5
198 1 0 3.25
154 25 0 3.25
128 6 0 2.75
150 21 0 3.0
95 4 0 2.0
37 30 0 3.0
21 13 0 2.25
192 8 0 2.5
201 22 0 3.75
147 6 0 2.25
176 1 0 2.75
224 22 0 2.75
220 26 0 4.0
145 51 0 2.0
185 1 0 3.25
135 13 0 3.5
320 22 0 2.5
12 24 0 2.75
347 20 0 2.5
344 11 0 3.25
133 14 0 4.0
148 5 0 2.5
344 6 0 3.25
288 10 0 2.25
225 22 0 3.5
279 14 0 2.25
159 19 0 3.0
353 26 0 2.5
271 27 0 3.0
325 4 0 2.5
323 43 0 2.5
280 26 0 2.75
203 6 0 2.75
284 9 0 2.5
204 26 0 2.25
246 10 0 3.0
190 26 0 2.0
197 24 0 3.25
222 16 0 4.0
104 9 0 2.25
262 19 0 3.75
312 19 0 3.75
349 9 0 2.0
82 14 0 2.25
326 29 0 3.0
94 5 0 2.75
348 20 0 3.5
234 20 0 2.0
27 15 0 3.0
218 11 0 3.25
239 20 0 2.25
115 10 0 3.25
288 24 0 3.25
188 18 0 2.75
297 15 0 3.0
198 8 0 2.25
343 28 0 3.0
129 25 0 4.0
342 21 0 2.25
163 20 0 4.0
43 23 0 2.5
122 26 0 2.75
49 1 0 3.0
341 12 0 2.75
108 23 0 2.25
181 19 0 4.0
144 1 0 2.0
353 3 0 2.5
195 15 0 3.5
27 19 0 2.25
172 2 0 2.5
77 10 0 3.75
69 13 0 3.25
339 2 0 3.5
208 9 0 2.25
72 16 0 2.0
223 6 0 3.5
163 15 0 3.75
132 14 0 2.25
75 7 0 3.25
171 23 0 3.75
93 22 0 3.5
319 6 0 3.75
53 19 0 3.75
258 30 0 3.75
252 29 0 3.75
302 13 0 3.25
98 7 0 2.75
329 26 0 3.25
258 21 0 2.5
328 25 0 2.25
138 6 0 4.0
322 7 0 4.0
29 12 0 2.0
107 5 0 3.0
12 10 0 3.0
176 0 0 2.5
19 7 0 2.75
309 0 0 2.0
26 12 0 3.75
26 28 0 3.5
286 13 0 4.0
39 19 0 2.75
250 10 0 2.0
181 27 0 2.0
218 20 0 2.0
320 30 0 2.0
162 37 0 3.0
58 20 0 3.25
232 40 0 2.5
358 8 0 2.25
222 29 0 4.0
97 14 0 3.0
197 29 0 2.25
355 28 0 2.25
81 20 0 4.0
179 22 0 2.25
101 20 0 2.5
127 60 0 2.5
133 13 0 2.0
189 41 0 3.25
112 28 0 2.75
262 60 0 3.25
353 21 0 3.5
246 64 0 2.25
343 30 0 3.0
52 17 0 2.5
129 4 0 3.0
334 0 0 4.0
342 27 0 2.75
239 10 0 2.75
348 2 0 3.0
113 66 0 4.0
19 18 0 3.75
44 29 0 2.0
90 8 0 2.0
303 12 0 3.25
244 23 0 2.25
236 13 0 3.75
233 27 0 2.25
82 15 0 4.0
308 26 0 2.75
0 18 0 3.25
116 15 0 2.25
46 26 0 4.0
294 21 0 3.25
208 4 0 2.75
93 6 0 3.0
148 22 0 4.0
217 7 0 2.75
341 28 0 3.5
106 30 0 3.25
164 12 0 3.5
344 16 0 2.75
70 21 0 4.0
163 21 0 2.5
315 26 0 2.5
270 18 0 3.5
76 12 0 3.0
41 18 0 4.0
208 17 0 3.25
4 11 0 2.75
150 22 0 2.5
296 30 0 2.0
255 21 0 3.0
26 11 0 3.25
223 11 0 2.0
64 21 0 2.5
194 4 0 2.5
117 11 0 4.0
29 2 0 2.25
168 9 0 4.0
145 65 0 3.75
17 12 0 3.25
60 2 0 3.0
341 26 0 2.25
21 55 0 3.75
162 5 0 3.0
28 19 0 3.25
162 16 0 3.0
150 30 0 2.5
13 22 0 2.25
3 20 0 2.25
48 27 0 2.25
256 16 0 4.0
118 27 0 2.75
172 12 0 2.5
194 12 0 2.5
109 9 0 3.75
65 13 0 2.5
198 5 0 2.0
222 16 0 3.25
260 13 0 2.0
184 1 0 2.0
280 16 0 3.0
193 18 0 2.5
85 27 0 3.5
176 8 0 2.25
304 21 0 3.75
99 6 0 4.0
182 1 0 3.75
6 23 0 4.0
119 19 0 3.25
359 27 0 2.25
192 26 0 3.25
81 11 0 2.0
243 2 0 2.25
68 11 0 3.0
185 23 0 3.25
17 6 0 3.0
124 7 0 4.0
87 11 0 2.0
129 9 0 3.75
117 28 0 2.75
193 1 0 2.5
57 4 0 3.0
309 26 0 3.5
338 24 0 2.5
185 26 0 2.5
67 9 0 3.25
321 21 0 3.5
234 27 0 2.0
12 13 0 3.75
154 10 0 3.25
135 6 0 2.0
120 2 0 2.5
320 18 0 4.0
179 1 0 2.25
237 19 0 3.75
225 18 0 3.0
311 1 0 2.0
13 19 0 3.75
335 7 0 2.75
36 5 0 2.75
234 23 0 2.0
216 6 0 2.0
150 15 0 3.25
115 9 0 2.5
157 5 0 3.0
215 3 0 3.5
79 24 0 3.75
328 6 0 2.75
36 18 0 2.0
354 19 0 3.25
128 9 0 3.25
294 25 0 3.0
336 13 0 2.5
59 25 0 3.25
68 30 0 2.25
201 27 0 3.5
129 9 0 2.75
260 25 0 3.5
128 18 0 2.5
124 22 0 3.75
185 29 0 3.25
91 6 0 3.5
128 11 0 3.0
210 12 0 3.0
142 2 0 3.25
199 24 0 3.75
295 29 0 4.0
204 68 0 2.0
228 1 0 3.5
91 5 0 2.75
293 3 0 3.0
303 7 0 3.25
213 12 0 3.5
200 1 0 3.75
52 3 0 2.5
304 1 0 2.25
356 0 0 2.25
135 8 0 2.25
290 23 0 3.75
219 2 0 3.75
26 23 0 3.75
16 11 0 3.0
106 12 0 2.75
28 27 0 2.25
352 22 0 4.0
190 12 0 2.75
150 8 0 3.75
102 15 0 3.0
151 2 0 3.25
110 10 0 2.5
240 29 0 3.5
133 28 0 3.0
40 28 0 3.0
161 20 0 3.25
64 16 0 2.75
330 23 0 3.25
21 14 0 2.5
293 26 0 4.0
141 28 0 3.0
183 13 0 4.0
345 26 0 2.25
150 18 0 3.0
199 8 0 3.75
344 17 0 3.5
133 6 0 3.25
140 3 0 2.25
60 21 0 2.0
16 27 0 2.0
164 27 0 4.0
156 15 0 3.0
237 14 0 3.0
160 8 0 2.5
189 17 0 4.0
113 7 0 2.0
170 17 0 3.0
29 52 0 4.0
171 7 0 3.5
121 20 0 2.5
22 25 0 3.25
130 11 0 2.75
155 27 0 2.0
99 14 0 3.0
336 30 0 2.75
115 22 0 2.5
109 11 0 3.5
358 7 0 4.0
16 7 0 3.0
109 16 0 3.75
190 17 0 3.75
223 16 0 3.5
307 19 0 3.5
55 12 0 2.0
357 48 0 3.0
241 7 0 3.5
48 28 0 2.75
229 6 0 3.75
69 15 0 3.25
277 30 0 4.0
232 28 0 2.5
45 11 0 3.5
103 2 0 2.75
314 13 0 2.25
152 0 0 2.25
157 31 0 3.25
244 0 0 2.0
275 27 0 3.75
161 11 0 3.0
68 27 0 3.0
189 2 0 2.0
153 13 0 2.5
278 23 0 2.5
357 16 0 4.0
96 2 0 2.75
20 9 0 3.0
304 18 0 3.5
64 29 0 4.0
189 27 0 2.25
332 29 0 4.0
108 17 0 2.5
186 17 0 2.5
116 30 0 3.5
20 1 0 2.0
198 15 0 4.0
38 28 0 3.0
24 12 0 2.5
340 18 0 3.75
265 17 0 2.25
74 16 0 3.5
46 23 0 2.75
236 56 0 2.75
53 26 0 2.5
59 7 0 3.75
183 22 0 2.0
289 30 0 2.25
276 22 0 3.75
143 8 0 3.0
8 0 0 2.0
137 2 0 3.75
157 54 0 3.5
232 25 0 2.25
39 14 0 3.5
198 3 0 3.0
348 31 0 2.75
63 5 0 3.75
226 23 0 2.0
43 22 0 3.75
255 25 0 4.0
146 26 0 2.25
269 0 0 2.5
252 9 0 3.5
203 24 0 2.25
310 16 0 3.5
66 21 0 3.25
22 30 0 3.0
248 28 0 3.5
93 23 0 2.75
282 4 0 2.25
151 25 0 2.0
347 24 0 2.25
103 17 0 3.75
358 29 0 2.75
92 0 0 2.0
314 20 0 3.25
209 19 0 3.0
188 4 0 2.0
82 26 0 3.0
236 6 0 3.5
209 24 0 2.0
261 10 0 2.5
183 16 0 2.5
18 0 0 2.75
135 15 0 2.25
144 15 0 3.75
66 4 0 3.5
127 10 0 3.75
33 10 0 4.0
10 26 0 3.25
262 14 0 2.75
230 0 0 4.0
350 17 0 3.75
145 22 0 4.0
319 15 0 3.75
184 9 0 3.75
277 4 0 2.75
282 27 0 2.0
171 47 0 2.25
354 0 0 3.0
227 19 0 4.0
272 33 0 2.75
171 3 0 4.0
190 20 0 3.0
134 14 0 3.25
359 10 0 4.0
174 11 0 3.5
227 21 0 3.25
173 0 0 2.25
351 10 0 3.5
100 61 0 3.75
296 27 0 3.5
244 69 0 2.75
262 6 0 2.25
170 16 0 2.0
336 59 0 3.5
243 20 0 2.25
8 29 0 3.75
23 27 0 3.5
113 5 0 2.25
358 17 0 4.0
105 51 0 2.0
313 24 0 2.25
141 43 0 2.25
293 23 0 4.0
88 0 0 3.5
125 4 0 2.5
301 9 0 2.75
69 41 0 3.75
38 26 0 3.0
156 17 0 3.5
171 16 0 4.0
49 28 0 2.5
312 6 0 3.0
245 28 0 3.0
293 14 0 2.25
5 12 0 3.0
291 38 0 3.0
128 38 0 3.75
150 10 0 2.0
222 0 0 2.25
3 15 0 2.5
341 5 0 4.0
296 29 0 3.5
140 0 0 2.75
123 26 0 2.5
190 2 0 3.25
343 22 0 4.0
319 16 0 4.0
346 21 0 2.0
122 22 0 2.25
137 23 0 2.25
7 24 0 3.5
149 38 0 2.75
24 32 0 4.0
281 11 0 3.0
71 9 0 2.25
198 22 0 3.0
325 0 0 3.25
247 17 0 2.5
126 3 0 2.75
307 30 0 2.25
231 17 0 2.75
215 14 0 3.5
303 6 0 3.75
126 27 0 2.5
149 13 0 2.0
325 15 0 3.0
171 11 0 4.0
221 2 0 4.0
221 18 0 2.5
235 17 0 3.75
194 7 0 3.5
307 6 0 2.25
94 0 0 3.5
338 0 0 2.25
11 35 0 2.75
296 22 0 3.25
195 22 0 3.5
97 7 0 3.25
289 13 0 2.75
282 6 0 3.5
169 11 0 3.25
271 20 0 2.25
225 34 0 2.25
358 21 0 2.5
178 29 0 2.5
183 1 0 4.0
340 23 0 3.25
242 11 0 2.5
57 15 0 2.0
142 8 0 2.0
22 25 0 2.5
212 12 0 3.25
208 9 0 2.75
330 17 0 2.0
137 24 0 3.75
101 26 0 2.25
264 3 0 3.25
259 13 0 3.0
340 26 0 3.75
321 1 0 2.0
311 18 0 2.25
160 1 0 3.75
89 23 0 3.75
220 25 0 2.5
171 30 0 2.75
259 8 0 3.5
347 18 0 2.75
260 33 0 3.5
325 1 0 3.25
164 13 0 4.0
303 23 0 3.0
274 26 0 4.0
85 20 0 2.25
111 10 0 3.0
87 24 0 3.75
193 2 0 3.75
3 25 0 3.0
166 0 0 2.0
296 13 0 2.5
49 25 0 2.75
39 21 0 3.0
247 14 0 2.25
37 4 0 3.25
25 27 0 3.25
79 30 0 3.0
143 18 0 2.25
110 20 0 2.0
167 23 0 2.5
340 1 0 2.75
336 6 0 2.75
108 27 0 3.5
87 15 0 3.5
169 33 0 3.5
190 6 0 3.5
46 11 0 2.25
250 19 0 2.25
6 18 0 2.5
206 25 0 3.75
26 20 0 3.0
235 16 0 3.75
231 20 0 2.75
248 29 0 3.0
13 26 0 2.5
140 23 0 2.5
155 13 0 2.75
337 22 0 3.25
294 24 0 2.5
15 30 0 3.75
158 5 0 2.0
304 8 0 2.25
20 13 0 2.75
259 0 0 2.0
139 21 0 4.0
110 39 0 2.0
225 21 0 3.75
191 21 0 3.25
267 19 0 2.5
241 19 0 3.5
90 0 0 3.75
105 9 0 2.25
286 3 0 3.25
270 25 0 2.25
127 18 0 2.0
97 12 0 2.25
285 26 0 2.75
268 19 0 3.0
150 21 0 2.25
102 28 0 3.5
26 15 0 3.75
45 16 0 3.25
253 12 0 4.0
198 10 0 3.25
58 28 0 3.75
253 20 0 2.5
62 17 0 2.75
251 12 0 2.5
103 18 0 2.75
32 32 0 4.0
197 21 0 3.0
190 20 0 2.5
329 0 0 3.75
315 6 0 2.25
248 30 0 2.0
245 22 0 2.25
296 7 0 4.0
9 11 0 2.75
222 3 0 4.0
321 23 0 3.75
3 24 0 3.5
168 25 0 3.0
186 3 0 4.0
104 6 0 3.25
259 3 0 3.25
67 12 0 3.75
316 4 0 2.25
324 14 0 2.25
84 6 0 3.75
123 2 0 3.25
357 24 0 2.0
20 14 0 3.75
235 5 0 3.75
81 8 0 2.25
158 14 0 2.75
21 17 0 3.0
208 29 0 3.5
313 29 0 2.0
213 16 0 3.25
353 8 0 2.75
112 15 0 2.0
286 25 0 3.0
337 0 0 4.0
89 7 0 2.5
356 14 0 2.75
222 3 0 3.25
88 2 0 2.25
236 9 0 2.75
215 22 0 2.0
277 1 0 2.0
64 11 0 2.0
190 27 0 3.5
26 8 0 3.25
320 54 0 3.0
243 18 0 2.75
247 68 0 3.75
192 2 0 3.0
244 24 0 2.0
235 11 0 3.5
351 30 0 3.5
299 17 0 2.0
188 0 0 2.0
63 16 0 3.75
289 0 0 2.5
304 25 0 3.5
11 3 0 2.25
250 21 0 2.0
316 19 0 2.5
187 5 0 2.5
183 2 0 2.0
149 9 0 4.0
301 13 0 3.25
74 4 0 2.5
232 8 0 2.5
93 1 0 2.75
284 21 0 2.5
223 30 0 4.0
133 18 0 3.25
280 3 0 3.75
351 12 0 3.5
199 21 0 4.0
294 24 0 4.0
194 15 0 2.75
204 1 0 2.75
53 27 0 3.0
156 28 0 2.25
358 27 0 2.25
184 9 0 3.0
74 11 0 4.0
52 13 0 4.0
178 14 0 2.75
173 6 0 2.75
356 9 0 4.0
18 11 0 3.5
129 7 0 3.75
271 2 0 3.25
78 18 0 2.0
81 24 0 3.0
320 19 0 4.0
143 4 0 2.5
296 12 0 2.0
21 14 0 2.75
164 28 0 3.75
97 5 0 2.75
341 15 0 3.25
168 13 0 2.5
131 0 0 3.75
182 16 0 3.0
285 3 0 2.25
205 1 0 2.25
175 16 0 3.5
123 4 0 3.0
123 42 0 2.75
301 15 0 2.0
351 16 0 2.5
35 14 0 2.25
162 13 0 3.5
349 17 0 3.75
192 25 0 2.0
317 3 0 2.5
217 13 0 2.25
139 29 0 3.0
248 9 0 2.75
176 5 0 3.75
180 12 0 2.75
63 3 0 2.25
353 8 0 2.5
94 13 0 3.75
150 7 0 3.25
332 14 0 3.0
121 23 0 4.0
78 17 0 3.75
121 21 0 2.75
348 17 0 3.0
177 7 0 3.5
325 28 0 3.0
321 42 0 3.0
355 12 0 3.5
268 13 0 2.75
309 3 0 3.75
245 19 0 2.75
327 24 0 2.75
287 7 0 3.75
204 9 0 3.25
251 19 0 2.75
319 18 0 2.0
66 2 0 2.25
239 18 0 2.5
312 13 0 3.75
166 12 0 2.5
341 20 0 2.25
16 16 0 3.5
211 24 0 3.75
317 3 0 3.75
30 5 0 2.5
219 13 0 4.0
12 27 0 3.0
192 17 0 2.25
297 27 0 2.75
29 7 0 2.0
44 26 0 2.5
191 28 0 2.0
290 18 0 3.75
286 30 0 2.0
321 5 0 3.75
140 13 0 2.75
81 10 0 3.25
264 18 0 3.0
309 4 0 3.25
70 23 0 2.25
191 37 0 3.75
206 19 0 2.5
6 17 0 2.25
318 0 0 3.25
149 13 0 3.5
190 14 0 3.0
24 6 0 2.25
118 22 0 3.25
252 16 0 2.0
182 26 0 3.75
160 22 0 2.25
129 13 0 2.0
195 21 0 3.75
105 26 0 2.25
142 24 0 2.5
215 0 0 2.75
36 5 0 3.75
296 5 0 2.0
312 26 0 3.75
258 20 0 2.75
319 25 0 2.75
264 7 0 2.0
213 15 0 3.25
24 23 0 3.5
134 2 0 2.75
101 28 0 3.25
110 7 0 3.25
284 19 0 2.75
122 16 0 2.0
356 29 0 3.0
35 3 0 3.25
330 29 0 4.0
125 10 0 2.0
114 10 0 2.5
36 17 0 4.0
224 20 0 2.25
334 20 0 3.0
353 5 0 2.0
346 10 0 3.0
63 26 0 2.25
331 12 0 4.0
100 17 0 3.75
333 11 0 3.75
274 23 0 3.5
337 6 0 2.5
135 12 0 3.5
266 11 0 3.25
35 7 0 3.25
235 20 0 2.5
90 37 0 2.25
5 4 0 2.25
259 17 0 2.75
110 11 0 3.75
65 5 0 2.25
57 20 0 3.0
304 1 0 2.5
69 29 0 3.25
0 6 0 3.0
154 3 0 3.5
219 18 0 3.5
82 10 0 2.5
19 8 0 3.0
243 7 0 2.0
156 28 0 2.5
175 12 0 3.75
179 38 0 2.75
213 25 0 2.25
283 9 0 2.5
117 47 0 2.0
269 8 0 2.0
256 5 0 3.0
70 2 0 2.0
40 2 0 2.75
358 27 0 2.5
94 21 0 3.75
303 30 0 3.5
82 7 0 3.25
150 27 0 4.0
330 24 0 3.5
264 0 0 3.0
271 1 0 3.25
242 29 0 3.0
109 16 0 2.0
149 26 0 2.0
24 11 0 2.5
342 25 0 2.5
207 17 0 2.0
22 4 0 3.0
111 79 0 3.5
21 18 0 2.0
128 11 0 2.25
308 5 0 2.25
215 6 0 3.0
42 14 0 3.5
53 26 0 4.0
27 27 0 2.75
194 7 0 2.5
246 6 0 2.75
273 28 0 2.0
95 13 0 2.0
310 0 0 3.75
109 15 0 2.0
307 9 0 3.5
312 7 0 3.0
184 18 0 2.75
326 1 0 2.75
300 30 0 2.75
303 17 0 2.75
126 8 0 2.75
40 30 0 4.0
35 21 0 2.75
241 15 0 4.0
239 12 0 3.25
347 10 0 2.75
356 27 0 3.0
149 9 0 3.25
228 12 0 2.0
130 7 0 2.0
225 15 0 3.5
93 22 0 4.0
96 25 0 2.25
303 15 0 3.0
246 9 0 3.75
357 27 0 2.5
3 0 0 3.5
304 19 0 2.5
89 9 0 2.0
211 0 0 2.5
288 14 0 2.25
240 15 0 3.75
337 3 0 3.0
24 22 0 3.0
347 17 0 3.75
33 5 0 3.25
134 16 0 2.5
160 4 0 2.0
241 17 0 3.0
123 24 0 3.75
282 29 0 2.0
210 15 0 2.75
62 1 0 2.25
145 24 0 3.5
143 5 0 3.75
132 20 0 4.0
52 25 0 3.75
124 9 0 3.5
149 14 0 2.0
9 16 0 2.75
194 12 0 2.0
252 15 0 3.25
358 24 0 4.0
164 18 0 3.75
231 3 0 3.5
11 6 0 3.0
339 13 0 2.75
156 23 0 2.5
42 9 0 2.0
39 17 0 4.0
307 28 0 2.25
103 19 0 2.25
286 5 0 2.5
59 2 0 4.0
10 28 0 2.25
95 23 0 2.25
165 28 0 4.0
320 30 0 3.5
7 26 0 2.5
348 14 0 4.0
326 16 0 4.0
86 15 0 2.5
20 16 0 3.5
128 28 0 2.0
55 9 0 2.75
2 9 0 2.75
38 16 0 2.0
56 23 0 4.0
227 1 0 3.75
333 18 0 2.25
6 24 0 3.0
277 26 0 2.0
83 30 0 3.0
225 8 0 2.0
179 12 0 2.0
337 15 0 3.25
246 21 0 2.0
353 16 0 2.0
62 27 0 4.0
178 21 0 2.75
235 23 0 4.0
336 22 0 2.5
220 21 0 2.75
156 12 0 2.0
245 21 0 3.5
110 3 0 3.25
177 7 0 3.75
358 14 0 3.0
82 15 0 2.75
129 4 0 3.5
56 17 0 3.5
161 6 0 3.5
123 27 0 3.75
144 11 0 3.75
292 15 0 3.5
147 10 0 4.0
263 27 0 2.5
359 14 0 3.0
292 26 0 3.75
107 2 0 2.0
35 20 0 3.25
134 28 0 2.5
32 25 0 3.75
302 20 0 3.75
323 21 0 3.0
158 15 0 4.0
64 13 0 3.25
343 22 0 3.0
138 1 0 3.75
134 78 0 2.25
93 10 0 2.5
233 22 0 3.5
18 12 0 2.75
30 27 0 3.25
126 2 0 2.75
231 11 0 3.25
28 2 0 3.25
57 0 0 2.0
267 16 0 4.0
328 4 0 3.0
130 29 0 2.25
75 4 0 3.0
337 30 0 3.0
30 27 0 2.0
88 1 0 4.0
264 20 0 3.25
160 12 0 2.75
214 2 0 2.75
119 26 0 2.5
267 4 0 2.75
269 13 0 2.5
293 0 0 2.5
331 24 0 4.0
40 5 0 2.0
73 8 0 2.0
169 9 0 3.75
218 27 0 3.75
133 7 0 2.0
15 0 0 2.0
161 24 0 3.25
268 2 0 2.0
117 27 0 2.25
239 6 0 4.0
193 28 0 2.5
175 21 0 3.75
154 20 0 2.25
59 3 0 2.25
69 11 0 4.0
312 21 0 3.75
109 14 0 3.0
297 0 0 2.75
88 14 0 3.5
302 6 0 4.0
353 36 0 2.0
184 6 0 2.75
86 4 0 3.25
29 23 0 2.5
64 9 0 2.5
349 23 0 3.25
202 11 0 2.75
130 30 0 4.0
301 22 0 2.0
164 18 0 2.25
276 16 0 2.25
163 20 0 2.25
76 22 0 3.25
308 22 0 3.75
163 15 0 2.5
26 30 0 4.0
41 7 0 2.0
263 24 0 3.5
178 17 0 3.75
94 2 0 2.0
134 29 0 3.75
343 21 0 3.75
169 0 0 2.25
359 4 0 2.25
317 9 0 3.75
77 16 0 2.0
38 12 0 2.75
300 29 0 2.25
18 30 0 4.0
174 11 0 3.25
349 11 0 2.5
102 3 0 3.0
140 19 0 2.5
211 18 0 3.75
64 5 0 4.0
65 25 0 2.75
34 22 0 2.25
194 7 0 3.75
152 1 0 3.25
7 16 0 2.5
215 4 0 2.25
260 21 0 4.0
273 18 0 3.0
222 15 0 3.0
219 4 0 2.25
64 2 0 4.0
54 18 0 2.0
297 26 0 2.5
25 8 0 3.75
291 23 0 4.0
236 17 0 2.25
36 8 0 3.5
86 19 0 2.0
314 6 0 3.5
38 8 0 3.0
245 8 0 2.25
274 9 0 3.0
233 12 0 2.5
347 22 0 2.0
114 29 0 4.0
198 30 0 3.25
27 12 0 2.5
124 29 0 2.5
312 26 0 2.25
209 0 0 2.25
73 29 0 4.0
212 21 0 3.75
54 2 0 3.75
70 7 0 2.5
89 26 0 3.0
143 30 0 3.75
94 11 0 3.25
293 7 0 2.0
4 20 0 2.5
124 54 0 2.25
27 14 0 2.0
76 19 0 3.25
338 5 0 3.25
73 24 0 2.5
18 20 0 4.0
143 10 0 2.0
17 22 0 2.75
46 8 0 2.0
77 6 0 2.75
146 9 0 2.75
341 14 0 2.25
12 0 0 2.5
307 16 0 2.5
45 17 0 3.75
264 10 0 3.25
331 30 0 4.0
345 2 0 2.5
48 3 0 4.0
118 21 0 2.0
231 27 0 3.5
269 29 0 4.0
160 24 0 3.0
219 18 0 3.0
117 14 0 3.5
255 26 0 2.5
261 19 0 2.5
125 12 0 3.75
111 3 0 3.25
26 70 0 3.0
106 8 0 2.5
150 11 0 2.0
327 15 0 3.0
6 12 0 3.0
17 0 0 2.25
94 13 0 4.0
93 0 0 2.5
165 6 0 3.0
55 28 0 4.0
145 28 0 2.0
73 5 0 3.5
6 29 0 2.25
329 7 0 3.25
111 16 0 2.75
282 9 0 2.75
164 34 0 2.75
315 18 0 2.5
83 26 0 2.0
166 20 0 3.75
42 4 0 3.75
249 1 0 2.0
87 33 0 2.25
43 22 0 2.5
189 20 0 2.0
299 0 0 3.0
237 11 0 3.75
258 18 0 4.0
287 9 0 3.25
190 0 0 2.5
241 4 0 3.25
190 29 0 2.75
34 17 0 2.0
191 2 0 3.5
196 12 0 2.25
66 3 0 3.0
280 20 0 2.5
161 30 0 3.75
71 17 0 3.25
6 31 0 2.75
341 29 0 3.5
242 12 0 2.5
251 24 0 2.25
115 29 0 2.25
281 5 0 3.5
117 15 0 3.0
313 4 0 3.75
82 15 0 2.0
201 18 0 3.5
67 4 0 3.5
195 25 0 2.5
259 5 0 2.75
201 29 0 3.25
153 6 0 2.25
95 8 0 3.25
269 5 0 3.0
247 18 0 3.25
181 15 0 2.25
36 5 0 2.25
347 6 0 2.5
194 10 0 2.75
304 11 0 2.0
73 56 0 2.25
226 14 0 2.5
275 4 0 3.0
345 0 0 2.0
164 16 0 2.75
206 14 0 4.0
48 39 0 2.75
15 60 0 2.0
280 76 0 3.25
100 19 0 2.75
254 4 0 2.25
71 28 0 3.75
33 14 0 3.5
230 17 0 2.75
337 20 0 2.25
166 20 0 2.75
103 10 0 3.25
70 19 0 2.75
250 27 0 3.25
283 19 0 2.5
183 26 0 2.5
247 23 0 2.75
326 29 0 3.75
297 29 0 3.0
58 14 0 3.0
156 4 0 3.5
239 16 0 4.0
239 3 0 3.0
61 6 0 3.75
91 3 0 4.0
269 0 0 3.0
316 4 0 4.0
198 29 0 3.75
49 23 0 3.5
131 1 0 3.0
144 16 0 3.0
48 22 0 3.25
298 1 0 3.0
2 25 0 3.75
287 45 0 2.0
97 25 0 2.25
112 1 0 2.5
295 29 0 2.0
248 11 0 4.0
98 7 0 4.0
274 36 0 4.0
176 16 0 2.5
279 29 0 2.0
138 25 0 3.5
108 3 0 2.0
209 20 0 3.5
45 14 0 2.0
32 8 0 3.75
189 9 0 3.75
343 22 0 2.25
272 15 0 3.25
275 9 0 2.5
60 29 0 2.75
162 28 0 2.75
350 0 0 2.0
342 14 0 2.25
61 7 0 3.25
194 2 0 2.25
105 24 0 3.5
2 0 0 3.75
222 68 0 3.0
85 23 0 2.25
190 4 0 3.5
201 1 0 2.75
91 22 0 3.5
87 1 0 3.0
233 21 0 3.0
321 4 0 2.5
138 22 0 2.25
320 21 0 3.75
170 15 0 3.0
168 23 0 4.0
348 29 0 2.25
299 26 0 3.75
152 3 0 4.0
202 7 0 3.5
269 4 0 3.5
70 22 0 2.75
273 30 0 2.75
162 2 0 4.0
69 56 0 4.0
45 8 0 3.5
119 9 0 2.25
196 29 0 2.25
295 16 0 2.5
289 41 0 2.5
208 16 0 3.25
99 29 0 2.25
177 18 0 2.25
136 14 0 3.5
95 28 0 2.5
139 2 0 3.25
330 18 0 3.5
317 8 0 3.5
214 17 0 3.25
15 14 0 4.0
203 29 0 3.25
55 1 0 2.75
287 1 0 3.0
232 11 0 3.75
123 24 0 3.25
77 19 0 2.0
287 25 0 3.25
161 13 0 3.25
232 7 0 3.5
81 18 0 2.0
186 29 0 2.75
123 1 0 2.5
162 3 0 3.75
252 17 0 2.75
340 10 0 3.0
349 8 0 2.75
13 0 0 2.75
356 8 0 2.25
149 3 0 3.0
350 9 0 3.0
5 14 0 4.0
179 13 0 4.0
320 29 0 2.25
281 5 0 3.75
289 3 0 2.25
67 47 0 2.75
278 24 0 2.25
20 23 0 3.75
108 2 0 4.0
227 30 0 3.25
194 21 0 3.5
162 0 0 2.75
297 9 0 2.25
42 16 0 3.75
41 26 0 2.5
160 25 0 4.0
178 1 0 2.0
163 11 0 3.25
5 11 0 2.25
2 18 0 2.75
112 7 0 3.75
305 3 0 2.0
194 25 0 2.25
166 22 0 2.25
76 20 0 2.0
229 1 0 2.25
246 24 0 2.25
333 2 0 2.5
202 8 0 2.75
296 17 0 2.5
146 11 0 3.25
146 30 0 3.25
161 21 0 3.5
99 23 0 2.0
53 28 0 2.25
353 24 0 2.25
261 1 0 3.5
95 2 0 3.25
78 30 0 2.0
302 30 0 2.25
316 24 0 3.25
9 24 0 2.75
21 13 0 2.75
255 12 0 3.0
187 5 0 2.0
119 12 0 2.25
277 30 0 2.75
102 10 0 3.5
45 6 0 2.5
346 12 0 3.5
47 7 0 3.5
148 7 0 3.0
228 29 0 3.0
39 22 0 4.0
281 1 0 2.5
83 6 0 3.75
20 18 0 3.0
177 26 0 2.75
315 10 0 2.25
299 12 0 3.75
138 27 0 2.5
39 1 0 3.75
38 26 0 3.25
339 3 0 2.0
192 23 0 2.75
105 18 0 3.5
235 15 0 4.0
350 23 0 2.75
222 22 0 3.25
81 3 0 2.0
270 10 0 3.75
60 45 0 2.5
50 19 0 2.75
1 14 0 2.5
36 13 0 4.0
50 9 0 3.75
120 2 0 3.0
52 6 0 4.0
124 0 0 2.25
340 7 0 2.25
16 20 0 2.75
127 16 0 3.0
162 22 0 2.5
117 5 0 3.25
69 18 0 2.0
56 19 0 2.5
207 6 0 2.25
299 14 0 3.0
262 23 0 4.0
82 17 0 2.75
101 2 0 2.5
115 22 0 2.25
108 8 0 2.0
191 14 0 3.5
127 0 0 3.5
239 21 0 2.75
182 28 0 2.75
17 28 0 2.75
256 20 0 2.0
139 16 0 3.75
95 16 0 3.5
22 10 0 2.5
344 22 0 3.75
121 12 0 3.0
17 27 0 4.0
27 7 0 3.25
57 10 0 3.5
68 16 0 2.5
57 28 0 3.0
214 14 0 4.0
35 3 0 2.0
114 14 0 3.75
131 7 0 3.25
229 19 0 2.75
203 25 0 2.75
154 28 0 3.75
56 14 0 3.0
346 13 0 3.0
31 26 0 2.0
299 10 0 2.5
229 22 0 2.25
94 18 0 3.75
276 18 0 3.75
152 23 0 3.0
89 30 0 2.5
110 22 0 2.75
52 16 0 2.5
120 0 0 3.0
326 9 0 4.0
344 5 0 2.0
327 27 0 4.0
139 25 0 4.0
243 19 0 3.75
327 21 0 2.75
136 10 0 4.0
206 16 0 3.5
309 22 0 3.5
97 6 0 3.25
111 22 0 3.5
303 8 0 2.25
48 11 0 2.5
15 15 0 2.25
248 23 0 2.75
57 11 0 3.75
26 0 0 3.75
24 10 0 3.25
357 15 0 2.25
1 14 0 2.0
346 26 0 2.75
39 9 0 2.75
271 5 0 4.0
272 2 0 2.0
223 6 0 4.0
91 16 0 2.0
210 4 0 3.25
271 20 0 3.25
80 30 0 2.0
332 24 0 3.75
349 4 0 2.0
179 14 0 4.0
194 25 0 4.0
124 9 0 2.0
253 24 0 3.0
36 59 0 3.0
21 3 0 2.75
353 5 0 4.0
230 40 0 2.25
119 3 0 3.75
237 30 0 2.25
295 30 0 2.75
7 3 0 2.25
232 11 0 2.0
133 11 0 3.75
350 22 0 4.0
216 7 0 3.25
289 22 0 2.75
354 3 0 2.5
256 21 0 3.5
128 12 0 4.0
189 17 0 2.75
237 18 0 2.25
215 68 0 3.75
312 17 0 4.0
69 24 0 2.0
91 6 0 3.0
195 18 0 2.75
21 4 0 3.0
100 27 0 2.5
202 3 0 3.5
262 18 0 2.25
170 29 0 2.75
16 15 0 3.75
259 19 0 2.0
57 27 0 3.75
252 17 0 3.0
63 29 0 2.75
93 23 0 4.0
2 5 0 3.0
65 18 0 2.25
79 58 0 3.25
310 22 0 2.5
176 30 0 2.75
194 29 0 3.75
28 13 0 3.75
121 10 0 2.25
321 16 0 3.25
108 6 0 4.0
186 19 0 2.0
34 23 0 2.75
17 22 0 4.0
321 23 0 2.25
88 21 0 3.5
262 22 0 4.0
116 5 0 2.5
218 2 0 2.5
283 8 0 2.75
158 8 0 3.25
172 5 0 3.75
89 26 0 4.0
182 9 0 2.25
188 13 0 2.75
244 48 0 2.75
190 3 0 3.25
222 22 0 2.0
160 12 0 2.25
274 14 0 4.0
214 16 0 2.0
101 6 0 4.0
106 9 0 2.5
104 28 0 3.0
30 5 0 2.0
105 22 0 2.25
146 7 0 2.25
282 18 0 3.25
36 0 0 4.0
37 19 0 4.0
170 7 0 2.25
44 78 0 3.75
175 20 0 4.0
128 4 0 3.5
255 25 0 3.75
278 23 0 2.25
0 8 0 3.5
112 24 0 2.0
169 17 0 4.0
190 13 0 2.0
117 0 0 2.0
163 21 0 2.75
202 7 0 2.25
4 27 0 3.5
55 3 0 3.25
211 6 0 2.75
246 21 0 4.0
329 14 0 2.75
134 25 0 2.0
285 1 0 3.75
214 6 0 4.0
111 17 0 3.0
346 26 0 2.0
171 20 0 3.5
175 5 0 2.75
102 25 0 4.0
64 26 0 2.0
117 7 0 2.0
130 16 0 3.75
103 17 0 3.25
279 29 0 3.0
341 21 0 2.75
275 30 0 2.5
304 17 0 3.75
69 19 0 2.5
345 30 0 3.0
335 0 0 4.0
14 12 0 3.5
204 29 0 2.25
211 19 0 2.75
283 22 0 2.0
150 20 0 3.0
299 24 0 2.0
242 45 0 2.0
105 18 0 2.25
84 28 0 3.25
152 20 0 3.0
352 11 0 2.5
200 18 0 2.0
29 12 0 3.25
290 6 0 2.25
156 26 0 2.75
122 27 0 3.25
87 28 0 2.25
149 19 0 3.25
63 30 0 3.0
298 0 0 2.25
277 11 0 4.0
215 51 0 3.5
182 26 0 3.5
176 18 0 3.75
91 0 0 3.0
181 11 0 2.75
53 11 0 3.0
75 22 0 2.5
318 29 0 3.5
53 29 0 2.25
321 15 0 2.75
4 30 0 3.75
182 12 0 2.75
332 19 0 3.75
269 16 0 3.75
297 22 0 3.0
9 10 0 3.75
106 43 0 3.25
302 23 0 4.0
103 25 0 3.5
354 27 0 2.0
169 11 0 2.25
324 5 0 3.5
36 20 0 3.25
307 23 0 2.5
339 38 0 4.0
67 11 0 3.0
124 7 0 2.5
227 24 0 2.75
106 20 0 3.0
241 16 0 2.5
138 3 0 4.0
345 15 0 4.0
233 4 0 3.75
135 5 0 2.0
258 19 0 3.5
228 30 0 3.5
253 9 0 2.5
59 17 0 2.25
112 30 0 2.25
83 30 0 2.75
294 20 0 3.75
232 22 0 3.25
308 0 0 2.25
272 22 0 2.0
190 26 0 2.25
4 28 0 3.0
165 4 0 2.5
143 8 0 2.75
40 28 0 2.25
46 20 0 3.75
57 28 0 2.25
197 12 0 2.25
35 7 0 2.5
70 17 0 4.0
103 52 0 3.25
34 13 0 2.75
4 12 0 3.75
3 19 0 3.75
185 17 0 4.0
79 26 0 2.0
308 13 0 2.0
217 5 0 2.25
174 1 0 2.25
123 27 0 3.25
117 8 0 2.25
300 22 0 3.75
89 18 0 3.5
117 3 0 2.75
68 20 0 2.0
138 22 0 3.25
271 25 0 2.5
9 7 0 3.75
111 20 0 3.0
129 12 0 2.25
292 19 0 2.75
137 5 0 4.0
329 10 0 3.25
168 17 0 2.25
328 3 0 3.5
200 21 0 2.75
200 13 0 2.25
29 18 0 3.25
219 22 0 3.0
189 26 0 3.75
166 0 0 2.5
39 16 0 2.5
127 27 0 3.0
274 25 0 3.0
280 10 0 2.25
148 16 0 4.0
109 0 0 3.25
139 9 0 4.0
262 25 0 2.5
107 30 0 2.75
51 22 0 2.5
73 18 0 2.5
74 18 0 4.0
352 48 0 2.25
233 27 0 3.0
108 21 0 3.0
282 2 0 3.25
152 25 0 3.25
227 57 0 2.5
60 8 0 3.25
222 27 0 3.75
265 7 0 2.75
291 5 0 3.75
178 3 0 3.5
88 9 0 4.0
168 23 0 3.5
23 22 0 3.25
5 15 0 4.0
347 0 0 2.5
20 28 0 3.0
50 48 0 3.0
26 14 0 2.75
250 3 0 2.75
9 20 0 2.75
337 9 0 3.0
36 17 0 2.5
203 17 0 3.0
217 12 0 3.75
213 18 0 3.5
87 8 0 2.5
86 23 0 3.75
154 8 0 3.25
91 24 0 2.5
253 29 0 3.75
106 1 0 2.25
45 23 0 3.5
211 7 0 2.25
183 5 0 2.75
87 10 0 2.25
216 19 0 2.5
126 13 0 2.5
260 8 0 2.5
348 27 0 2.25
208 22 0 2.75
126 30 0 3.5
157 15 0 2.5
144 12 0 2.0
156 0 0 3.5
173 15 0 3.25
85 28 0 3.25
312 25 0 2.75
107 21 0 2.25
225 9 0 2.0
81 23 0 2.25
152 12 0 3.0
257 23 0 2.75
355 27 0 3.75
177 12 0 2.0
110 10 0 2.25
7 2 0 3.25
298 29 0 2.75
343 0 0 4.0
301 17 0 3.0
69 22 0 3.75
142 6 0 3.0
42 29 0 2.75
10 8 0 2.25
96 9 0 2.0
274 19 0 3.25
295 19 0 2.5
168 76 0 2.0
42 16 0 3.25
354 20 0 2.0
319 22 0 2.75
131 3 0 2.75
222 10 0 4.0
151 1 0 2.5
233 24 0 3.25
75 5 0 4.0
162 18 0 2.5
178 3 0 2.0
271 28 0 3.5
30 2 0 3.5
170 8 0 2.0
177 17 0 3.75
281 5 0 2.75
270 12 0 3.5
11 26 0 3.0
85 16 0 3.0
289 1 0 3.0
39 29 0 4.0
162 27 0 2.5
327 12 0 3.25
80 10 0 4.0
90 5 0 2.25
186 29 0 3.5
258 29 0 2.0
337 19 0 3.5
81 25 0 3.5
4 14 0 2.5
90 26 0 2.25
201 19 0 3.25
168 2 0 2.75
211 2 0 3.5
130 30 0 2.25
150 23 0 4.0
48 15 0 3.75
338 26 0 3.0
264 49 0 2.25
351 11 0 4.0
134 18 0 3.5
112 9 0 3.5
318 15 0 4.0
183 28 0 2.0
290 0 0 2.5
173 27 0 2.25
138 24 0 2.75
354 8 0 3.75
208 24 0 3.0
220 12 0 4.0
87 18 0 2.75
328 34 0 3.5
187 18 0 3.0
176 25 0 2.75
251 9 0 3.0
57 17 0 3.5
89 0 0 2.25
68 6 0 2.0
35 13 0 2.0
13 16 0 2.75
351 26 0 2.75
8 41 0 3.75
300 11 0 3.75
247 25 0 2.0
272 17 0 4.0
65 10 0 2.5
23 14 0 3.5
240 14 0 3.5
106 3 0 2.0
65 11 0 4.0
32 4 0 3.75
135 18 0 3.0
326 18 0 4.0
220 29 0 2.5
78 11 0 3.75
266 6 0 2.25
76 24 0 2.75
48 15 0 2.0
235 23 0 2.75
33 13 0 3.25
217 22 0 3.25
78 11 0 4.0
78 30 0 2.25
117 11 0 3.5
11 3 0 3.5
107 4 0 4.0
33 27 0 2.5
29 27 0 2.5
34 28 0 2.5
210 24 0 4.0
314 11 0 2.5
32 56 0 3.5
66 9 0 2.75
61 4 0 3.5
262 10 0 2.5
51 3 0 4.0
49 24 0 4.0
148 24 0 2.0
1 2 0 2.75
300 24 0 3.0
332 6 0 2.5
289 12 0 2.0
277 1 0 2.25
192 16 0 3.75
238 22 0 2.0
91 21 0 2.75
302 6 0 3.0
87 14 0 2.5
225 26 0 2.0
34 29 0 2.75
34 5 0 2.5
260 6 0 3.25
105 20 0 3.75
228 11 0 2.25
340 27 0 2.5
112 30 0 2.75
257 2 0 2.25
325 26 0 2.0
68 11 0 2.5
117 18 0 4.0
189 11 0 2.0
119 16 0 2.75
76 19 0 4.0
38 3 0 4.0
22 3 0 2.75
216 26 0 3.5
39 26 0 3.25
347 59 0 2.25
208 22 0 2.5
138 5 0 4.0
330 3 0 3.25
170 15 0 2.75
71 16 0 3.25
86 3 0 2.25
151 3 0 3.25
269 30 0 2.0
238 14 0 3.75
299 24 0 3.0
327 20 0 2.25
135 11 0 3.0
84 9 0 3.5
249 6 0 3.75
71 18 0 3.0
31 5 0 2.25
168 12 0 2.25
167 3 0 3.75
256 7 0 3.5
187 3 0 2.75
179 37 0 3.75
280 2 0 3.0
17 14 0 2.5
252 27 0 2.25
145 29 0 3.25
39 10 0 4.0
47 4 0 2.0
58 2 0 2.5
163 16 0 3.25
119 25 0 2.5
334 25 0 3.5
112 17 0 4.0
92 24 0 3.0
216 9 0 2.5
128 28 0 4.0
77 1 0 2.5
77 8 0 2.5
266 53 0 3.5
45 25 0 2.5
145 6 0 4.0
38 17 0 2.25
277 3 0 4.0
160 24 0 2.25
49 23 0 2.75
145 29 0 2.0
25 17 0 3.5
250 3 0 3.25
109 3 0 2.5
149 0 0 2.0
294 9 0 2.75
70 28 0 2.25
104 14 0 2.75
309 29 0 3.5
88 6 0 3.5
343 2 0 2.25
257 9 0 2.0
195 28 0 2.75
262 5 0 3.0
283 27 0 3.5
228 27 0 3.0
42 16 0 3.0
177 14 0 2.25
216 17 0 2.0
270 20 0 3.0
174 5 0 3.75
3 10 0 3.25
202 5 0 2.75
189 1 0 3.25
358 24 0 2.25
71 5 0 4.0
201 10 0 4.0
212 29 0 3.5
329 23 0 2.5
281 6 0 2.5
107 7 0 3.5
52 23 0 3.25
107 2 0 3.25
134 26 0 2.75
260 1 0 3.25
261 3 0 2.5
295 6 0 3.0
243 29 0 2.25
64 23 0 2.0
151 0 0 3.75
229 26 0 2.5
53 25 0 3.0
349 11 0 2.25
31 21 0 3.75
147 26 0 2.5
161 25 0 4.0
195 5 0 2.5
250 25 0 3.75
287 44 0 2.0
115 28 0 2.25
359 15 0 2.5
282 3 0 2.25
213 14 0 2.75
332 5 0 2.75
182 35 0 4.0
181 9 0 2.25
183 30 0 3.5
76 12 0 2.25
273 28 0 3.5
341 33 0 2.75
167 25 0 3.75
11 12 0 2.5
258 30 0 3.0
317 22 0 2.0
101 22 0 2.75
293 27 0 3.5
120 18 0 4.0
157 17 0 2.5
145 8 0 2.75
298 1 0 3.75
241 5 0 2.0
20 10 0 3.5
348 13 0 2.0
330 2 0 2.0
115 11 0 3.75
203 5 0 3.0
351 17 0 2.25
43 22 0 4.0
306 14 0 2.5
120 5 0 3.75
65 23 0 3.5
51 28 0 4.0
356 8 0 2.0
19 7 0 2.0
78 2 0 2.5
347 15 0 2.5
61 0 0 2.75
221 10 0 4.0
214 18 0 3.0
188 24 0 3.75
268 27 0 4.0
7 8 0 3.25
82 7 0 4.0
346 22 0 2.25
20 3 0 3.0
136 28 0 2.75
113 23 0 2.0
126 17 0 3.25
173 23 0 3.5
339 3 0 2.5
236 12 0 3.25
299 3 0 3.75
50 16 0 2.25
118 9 0 2.75
359 13 0 3.0
147 11 0 2.25
99 66 0 3.5
171 26 0 2.75
86 2 0 3.75
279 13 0 3.5
200 13 0 2.75
228 22 0 2.5
206 24 0 3.25
155 2 0 3.0
161 17 0 3.5
229 28 0 4.0
161 10 0 2.25
156 44 0 3.5
65 16 0 3.25
323 8 0 3.5
265 6 0 3.75
38 12 0 3.25
81 8 0 2.0
177 6 0 2.5
58 6 0 2.25
62 2 0 3.5
147 22 0 3.75
22 41 0 2.25
283 16 0 3.25
273 29 0 2.5
348 8 0 3.0
23 30 0 2.5
331 13 0 3.25
27 30 0 2.25
93 20 0 4.0
28 17 0 3.75
192 11 0 2.0
345 24 0 3.0
318 3 0 3.0
258 60 0 2.75
247 1 0 3.5
268 18 0 3.5
219 30 0 2.0
357 3 0 3.5
28 28 0 3.75
347 27 0 4.0
354 6 0 3.5
251 11 0 2.25
39 12 0 4.0
358 2 0 2.25
338 13 0 3.5
199 4 0 2.5
124 2 0 4.0
266 20 0 2.75
213 23 0 4.0
94 20 0 2.25
309 10 0 4.0
340 17 0 3.5
190 6 0 2.0
33 2 0 3.75
258 19 0 2.5
225 24 0 3.75
80 30 0 2.75
297 8 0 2.5
45 0 0 3.0
11 28 0 3.25
52 28 0 3.75
138 4 0 2.25
22 44 0 3.0
185 3 0 3.0
329 23 0 2.25
283 12 0 2.0
257 10 0 3.75
187 16 0 3.5
173 17 0 2.0
351 20 0 2.0
231 0 0 2.75
331 23 0 3.25
13 19 0 4.0
80 17 0 4.0
6 17 0 2.0
319 18 0 2.5
134 27 0 2.5
325 19 0 3.75
204 16 0 2.25
83 0 0 2.0
280 30 0 3.75
293 5 0 3.5
87 21 0 2.25
358 23 0 3.0
277 23 0 2.75
74 29 0 3.75
180 2 0 2.75
36 9 0 2.25
217 25 0 3.75
29 15 0 3.25
318 30 0 3.5
350 10 0 2.0
156 24 0 2.0
337 18 0 2.5
12 15 0 4.0
32 25 0 2.5
99 19 0 3.0
262 18 0 2.75
150 11 0 2.75
192 9 0 3.0
342 10 0 2.25
169 28 0 3.0
39 3 0 2.75
307 5 0 3.5
118 23 0 2.75
112 30 0 3.0
49 30 0 2.25
220 30 0 3.5
24 18 0 2.5
293 28 0 2.75
84 10 0 2.25
332 0 0 3.5
313 15 0 3.75
43 20 0 4.0
329 3 0 3.25
74 4 0 2.75
201 16 0 3.5
160 10 0 3.0
357 24 0 4.0
239 16 0 3.75
102 18 0 2.0
244 8 0 2.5
24 16 0 3.75
102 14 0 3.25
301 21 0 3.5
278 21 0 3.5
40 15 0 2.25
162 24 0 3.0
