170 2 0 4.0
175 15 0 3.0
261 21 0 2.0
171 21 0 2.75
163 2 0 3.75
198 5 0 3.0
123 6 0 2.5
29 13 0 3.5
59 12 0 4.0
255 2 0 2.25
72 30 0 3.75
113 2 0 2.5
135 10 0 3.25
77 9 0 3.75
185 20 0 2.25
16 25 0 4.0
115 19 0 2.75
112 3 0 4.0
283 12 0 3.75
255 10 0 2.25
306 6 0 3.0
217 21 0 2.0
167 1 0 3.0
132 30 0 3.75
75 16 0 3.0
283 17 0 2.5
221 30 0 4.0
37 27 0 3.5
124 12 0 2.25
241 9 0 3.75
44 8 0 4.0
354 12 0 3.25
98 33 0 3.75
85 12 0 3.5
155 12 0 4.0
275 15 0 2.0
168 29 0 3.0
195 30 0 3.75
228 0 0 3.5
150 22 0 2.0
109 16 0 3.25
184 19 0 3.25
223 27 0 3.0
266 16 0 2.0
106 62 0 2.75
183 19 0 2.25
324 28 0 3.25
53 4 0 3.25
202 15 0 2.5
253 27 0 3.25
182 12 0 2.25
157 7 0 2.25
316 13 0 3.75
353 16 0 3.75
264 1 0 3.0
302 7 0 3.75
342 0 0 3.75
234 11 0 3.75
231 2 0 2.25
57 8 0 2.5
238 12 0 3.5
226 1 0 4.0
107 3 0 4.0
193 17 0 2.75
208 16 0 3.75
10 27 0 3.0
0 7 0 3.0
322 24 0 3.0
250 29 0 3.25
269 25 0 2.0
149 10 0 4.0
34 10 0 3.25
107 4 0 3.75
183 13 0 3.75
298 58 0 3.5
217 19 0 3.25
39 16 0 2.5
292 10 0 2.75
80 13 0 3.5
268 2 0 3.0
269 20 0 3.25
297 20 0 3.5
46 20 0 2.5
213 26 0 3.0
70 12 0 3.75
133 12 0 2.0
53 0 0 3.75
72 4 0 2.0
309 6 0 3.25
10 6 0 2.5
341 13 0 3.25
167 9 0 3.75
308 9 0 3.0
318 4 0 3.5
156 17 0 2.75
311 2 0 3.0
213 7 0 3.0
248 17 0 3.5
242 26 0 4.0
228 21 0 2.0
184 11 0 4.0
334 22 0 2.75
289 22 0 2.5
346 22 0 3.25
134 12 0 2.0
345 5 0 2.5
295 0 0 2.75
18 23 0 2.75
42 9 0 4.0
96 28 0 2.5
329 2 0 3.25
185 2 0 3.75
272 18 0 3.75
180 16 0 3.75
195 6 0 2.0
247 16 0 3.25
162 10 0 3.5
165 30 0 4.0
186 22 0 2.0
147 7 0 3.5
25 13 0 2.0
155 28 0 2.0
310 5 0 3.25
122 20 0 3.0
284 13 0 3.75
134 14 0 4.0
292 8 0 3.25
219 7 0 2.75
224 18 0 2.5
195 4 0 2.75
279 29 0 3.25
5 5 0 3.75
161 4 0 3.5
273 20 0 2.75
281 6 0 2.25
112 11 0 2.5
226 5 0 3.25
123 13 0 3.5
140 4 0 4.0
10 0 0 3.25
87 27 0 3.75
290 8 0 3.0
194 24 0 2.25
344 30 0 2.25
70 18 0 2.75
104 26 0 3.75
194 7 0 2.25
137 13 0 3.0
130 24 0 4.0
206 11 0 2.0
80 3 0 3.5
107 22 0 3.75
43 5 0 3.25
231 30 0 3.75
17 13 0 2.0
109 40 0 2.0
317 4 0 2.0
129 9 0 3.5
178 12 0 2.25
286 8 0 2.0
22 21 0 3.5
11 36 0 2.5
99 10 0 2.25
250 0 0 2.25
329 12 0 2.0
117 10 0 3.75
125 5 0 4.0
271 6 0 3.25
292 1 0 2.25
165 19 0 2.75
159 7 0 2.25
76 10 0 3.25
167 12 0 2.75
87 27 0 2.5
302 4 0 3.0
43 29 0 3.25
230 4 0 3.0
316 11 0 3.5
166 11 0 2.75
333 10 0 3.25
237 27 0 2.5
222 28 0 3.5
347 42 0 3.75
196 27 0 3.75
12 22 0 3.25
187 3 0 3.0
6 9 0 3.75
254 2 0 3.5
175 22 0 2.75
91 10 0 2.5
336 2 0 3.5
52 19 0 2.0
300 18 0 3.5
316 23 0 2.0
173 27 0 3.25
237 25 0 2.0
254 17 0 3.25
72 16 0 3.0
31 30 0 2.0
83 18 0 2.75
285 28 0 4.0
194 17 0 3.25
72 0 0 2.25
343 12 0 4.0
14 15 0 2.5
8 20 0 2.25
351 22 0 2.5
178 21 0 4.0
53 28 0 3.5
86 3 0 2.25
57 27 0 2.75
193 25 0 4.0
46 4 0 3.25
133 6 0 2.0
183 19 0 2.5
63 8 0 3.75
199 30 0 2.25
288 18 0 3.75
275 0 0 2.75
29 28 0 3.0
358 20 0 3.25
270 26 0 2.25
98 20 0 2.5
88 23 0 3.0
212 8 0 3.25
189 30 0 3.25
327 21 0 3.5
307 72 0 3.0
92 2 0 3.25
334 11 0 4.0
12 15 0 3.25
101 4 0 3.25
187 15 0 3.0
337 1 0 3.0
207 20 0 2.5
66 16 0 4.0
125 25 0 3.25
254 24 0 3.25
239 30 0 3.75
209 9 0 2.0
56 26 0 2.25
162 3 0 4.0
191 21 0 3.5
64 25 0 3.0
224 10 0 3.0
293 14 0 3.0
201 29 0 3.75
354 16 0 3.25
109 6 0 3.25
225 46 0 3.5
257 30 0 4.0
273 21 0 3.5
183 10 0 2.0
48 2 0 3.75
332 29 0 2.5
197 27 0 3.25
82 4 0 3.5
142 5 0 3.75
148 24 0 2.0
337 12 0 3.25
277 1 0 2.0
80 18 0 2.25
126 0 0 3.75
190 29 0 2.25
195 5 0 3.25
239 46 0 3.5
246 18 0 3.0
176 2 0 3.5
35 7 0 3.25
221 0 0 3.25
62 17 0 4.0
104 1 0 2.5
8 9 0 2.5
259 0 0 3.5
306 9 0 3.0
277 14 0 2.25
147 25 0 2.0
38 16 0 3.0
261 2 0 3.25
64 15 0 2.25
187 13 0 3.75
287 7 0 3.75
217 9 0 2.5
152 53 0 2.75
32 17 0 4.0
348 19 0 2.75
42 3 0 3.5
224 23 0 3.75
150 28 0 3.25
236 2 0 2.25
155 11 0 2.25
117 4 0 3.75
350 11 0 4.0
149 21 0 4.0
287 10 0 2.25
234 14 0 3.0
272 17 0 2.75
236 17 0 2.0
111 56 0 2.75
250 2 0 2.0
229 1 0 3.75
7 14 0 3.0
47 16 0 2.25
138 18 0 2.75
230 28 0 3.5
27 11 0 2.25
46 8 0 3.0
47 24 0 2.0
133 20 0 2.25
350 22 0 2.0
266 11 0 4.0
235 14 0 2.5
73 29 0 3.5
284 23 0 2.5
33 14 0 2.5
331 13 0 3.0
69 15 0 2.0
74 25 0 2.5
41 12 0 2.75
45 10 0 2.5
324 8 0 2.25
4 12 0 3.5
22 7 0 2.0
158 8 0 2.5
73 15 0 2.0
204 13 0 3.5
188 1 0 3.75
252 5 0 2.75
216 9 0 2.25
182 1 0 3.25
219 13 0 2.5
234 36 0 2.0
277 2 0 3.25
156 10 0 3.25
82 18 0 3.25
338 2 0 3.75
219 7 0 2.0
57 16 0 2.5
158 24 0 4.0
332 2 0 2.25
40 17 0 3.25
342 24 0 2.25
38 23 0 2.25
348 6 0 3.0
265 16 0 3.25
192 30 0 2.25
219 18 0 4.0
294 14 0 3.5
215 14 0 4.0
85 1 0 2.25
358 28 0 2.25
279 8 0 2.0
278 0 0 2.75
159 38 0 2.75
69 21 0 3.75
334 4 0 3.5
335 79 0 2.25
107 21 0 2.0
230 15 0 2.0
46 19 0 2.5
271 6 0 2.75
279 11 0 2.25
85 16 0 3.5
59 28 0 2.25
175 8 0 2.0
315 23 0 3.75
202 13 0 3.75
139 15 0 3.25
139 0 0 3.25
133 18 0 2.25
233 4 0 3.0
1 28 0 3.75
229 12 0 2.75
265 20 0 3.75
318 20 0 3.25
151 25 0 2.0
120 0 0 3.25
207 9 0 3.25
279 10 0 3.25
278 10 0 2.25
66 8 0 3.25
346 27 0 3.25
99 7 0 4.0
42 23 0 3.75
223 9 0 2.5
53 46 0 3.5
310 28 0 2.0
208 23 0 2.0
318 12 0 2.5
77 13 0 2.75
149 13 0 4.0
14 26 0 3.5
208 18 0 2.75
48 25 0 2.0
342 21 0 2.0
280 1 0 3.25
14 22 0 3.75
351 23 0 2.5
62 13 0 2.25
57 12 0 2.5
13 27 0 2.0
24 5 0 2.0
336 1 0 3.5
75 20 0 3.0
8 21 0 3.5
137 0 0 2.25
248 17 0 2.5
302 26 0 3.75
226 0 0 2.5
75 20 0 3.25
237 29 0 2.0
248 13 0 3.75
76 22 0 3.25
93 4 0 3.5
83 13 0 3.75
67 23 0 2.25
328 17 0 2.0
129 13 0 3.0
255 0 0 2.5
297 27 0 2.75
212 1 0 3.25
227 22 0 2.5
58 4 0 3.25
10 62 0 3.25
11 18 0 3.25
110 27 0 3.75
141 0 0 4.0
14 48 0 3.75
268 8 0 2.0
202 8 0 3.0
310 26 0 3.25
120 24 0 3.5
6 22 0 3.25
64 22 0 2.25
220 11 0 3.25
111 15 0 3.25
22 49 0 2.75
148 7 0 4.0
230 4 0 3.75
123 16 0 2.5
10 8 0 2.5
203 6 0 2.75
47 29 0 4.0
6 0 0 2.75
83 6 0 2.0
272 8 0 4.0
198 26 0 2.75
199 28 0 3.5
58 13 0 3.5
206 0 0 3.75
259 1 0 4.0
306 12 0 3.5
27 9 0 2.75
316 7 0 3.5
6 9 0 2.0
153 13 0 2.5
288 25 0 3.5
167 8 0 4.0
63 21 0 2.25
334 23 0 2.5
4 2 0 3.75
308 8 0 3.0
57 20 0 4.0
204 22 0 3.25
10 11 0 2.25
353 12 0 4.0
37 14 0 3.5
56 8 0 2.0
347 11 0 3.5
9 17 0 3.25
134 18 0 3.5
140 21 0 2.25
335 7 0 3.0
149 16 0 2.25
77 4 0 3.25
93 14 0 2.0
132 6 0 4.0
275 20 0 2.75
238 7 0 2.75
196 14 0 2.0
333 21 0 2.0
353 5 0 2.5
123 29 0 2.25
179 9 0 3.0
191 0 0 3.25
193 21 0 2.75
267 30 0 3.25
280 21 0 2.5
343 24 0 3.0
248 25 0 2.75
289 13 0 3.25
327 2 0 2.0
56 5 0 3.5
253 16 0 2.5
252 29 0 2.0
191 14 0 3.25
8 57 0 3.0
120 29 0 3.5
317 59 0 4.0
3 28 0 2.75
191 16 0 3.75
54 4 0 3.5
246 13 0 3.5
159 20 0 3.5
171 9 0 2.25
274 30 0 3.25
334 9 0 3.5
143 6 0 3.75
278 17 0 3.0
271 20 0 2.75
125 29 0 2.25
359 22 0 3.0
50 14 0 2.5
218 5 0 2.5
95 21 0 2.5
236 27 0 2.25
59 35 0 3.25
37 13 0 2.5
327 3 0 2.25
261 59 0 2.25
226 11 0 2.75
61 41 0 3.25
189 11 0 3.0
138 3 0 2.75
214 6 0 2.25
179 25 0 2.75
344 2 0 2.5
297 16 0 3.0
179 28 0 2.25
50 20 0 2.5
315 38 0 2.25
88 10 0 2.25
256 30 0 2.5
217 25 0 4.0
310 21 0 4.0
288 23 0 3.75
46 13 0 4.0
335 13 0 3.75
313 14 0 2.25
303 14 0 2.75
178 2 0 2.75
339 2 0 2.75
142 17 0 2.5
269 7 0 2.75
270 22 0 2.0
69 27 0 2.0
154 6 0 2.25
155 3 0 2.0
63 2 0 2.5
3 1 0 3.75
240 25 0 4.0
331 0 0 3.75
126 8 0 2.0
226 4 0 3.5
134 22 0 3.75
168 46 0 3.75
52 16 0 3.5
33 9 0 3.75
222 55 0 3.0
270 29 0 2.75
267 21 0 3.75
117 17 0 2.5
130 16 0 4.0
279 30 0 2.75
77 22 0 3.0
284 9 0 2.0
99 17 0 2.5
309 14 0 3.25
333 6 0 3.5
271 14 0 3.75
151 1 0 3.0
299 18 0 2.0
147 22 0 2.25
132 20 0 3.5
70 28 0 2.5
335 26 0 3.75
173 15 0 2.75
244 2 0 3.0
264 17 0 3.5
77 6 0 3.75
133 22 0 2.5
53 16 0 2.5
278 7 0 4.0
312 2 0 2.0
130 7 0 2.0
39 10 0 3.5
125 28 0 2.75
182 23 0 2.0
157 15 0 3.75
47 15 0 2.0
316 19 0 4.0
58 5 0 2.75
285 4 0 3.5
329 9 0 3.5
132 19 0 4.0
353 28 0 2.25
275 4 0 4.0
272 7 0 3.75
355 10 0 2.0
304 30 0 3.0
6 24 0 3.25
332 10 0 2.0
172 0 0 4.0
164 39 0 3.75
350 20 0 3.75
51 21 0 4.0
116 14 0 3.75
240 16 0 2.25
211 10 0 3.75
48 1 0 3.75
345 19 0 3.25
255 10 0 3.0
148 5 0 3.75
11 30 0 3.75
263 29 0 2.5
309 28 0 3.0
345 8 0 2.0
35 6 0 4.0
269 9 0 3.0
170 17 0 2.25
302 28 0 3.75
173 17 0 3.0
154 0 0 3.75
350 23 0 3.75
49 27 0 3.75
317 6 0 2.5
60 26 0 4.0
346 11 0 3.75
65 25 0 3.0
234 10 0 3.75
167 8 0 3.5
142 13 0 3.25
18 4 0 3.25
317 30 0 3.5
128 6 0 3.0
61 19 0 3.5
297 9 0 3.5
162 23 0 3.5
265 3 0 2.0
189 17 0 2.75
349 12 0 3.25
154 13 0 4.0
6 5 0 2.75
339 21 0 3.0
51 14 0 3.5
288 22 0 3.5
326 5 0 2.5
274 20 0 2.5
334 0 0 2.75
127 19 0 3.25
319 8 0 2.5
157 7 0 3.5
329 26 0 3.25
244 4 0 2.5
341 7 0 3.5
134 16 0 3.75
190 4 0 3.75
353 6 0 2.25
193 2 0 2.25
284 18 0 3.75
207 23 0 4.0
13 10 0 3.75
280 9 0 2.5
9 5 0 3.5
95 0 0 3.5
353 16 0 3.0
302 6 0 4.0
34 21 0 2.5
352 24 0 2.0
299 11 0 3.0
195 12 0 2.0
338 8 0 3.75
211 10 0 3.0
200 19 0 3.5
346 25 0 2.75
301 16 0 3.75
142 6 0 3.75
224 16 0 3.0
12 7 0 3.0
235 14 0 3.5
286 8 0 2.25
265 12 0 2.5
304 21 0 3.25
30 19 0 2.5
274 19 0 3.0
303 30 0 2.5
21 24 0 2.0
139 30 0 2.25
233 22 0 2.75
49 8 0 2.0
237 6 0 2.25
351 11 0 3.0
123 24 0 4.0
213 5 0 2.5
196 29 0 2.75
319 11 0 2.5
356 26 0 3.5
144 12 0 3.5
210 1 0 4.0
172 7 0 3.25
137 18 0 2.75
336 29 0 4.0
244 6 0 2.25
80 6 0 4.0
70 30 0 2.75
66 13 0 3.5
263 15 0 3.25
22 17 0 3.75
132 10 0 3.75
110 5 0 3.75
241 1 0 3.75
288 27 0 3.75
189 14 0 3.5
17 17 0 2.5
287 7 0 3.5
266 0 0 2.5
241 27 0 3.25
62 14 0 3.25
137 18 0 3.5
229 6 0 3.25
106 6 0 4.0
146 16 0 2.5
143 26 0 2.0
160 23 0 3.75
109 10 0 3.5
131 3 0 4.0
24 11 0 3.25
205 24 0 3.75
51 23 0 2.25
118 18 0 2.0
136 6 0 2.75
319 5 0 2.25
225 15 0 4.0
31 20 0 2.75
70 7 0 3.25
357 16 0 2.25
297 5 0 3.25
260 18 0 3.5
20 13 0 2.25
193 4 0 3.5
314 0 0 4.0
358 1 0 2.25
190 3 0 2.75
318 9 0 3.75
186 2 0 2.0
311 27 0 3.75
121 13 0 2.75
312 14 0 3.0
203 23 0 3.5
109 27 0 3.25
81 23 0 3.0
287 0 0 2.75
268 8 0 3.0
255 15 0 2.0
246 43 0 2.5
123 8 0 3.5
100 40 0 3.0
175 28 0 2.5
19 6 0 3.0
159 33 0 2.5
191 34 0 2.0
26 19 0 4.0
239 14 0 2.75
200 1 0 2.25
195 4 0 3.75
28 17 0 3.25
356 3 0 2.75
55 7 0 3.0
24 14 0 3.25
33 25 0 2.25
47 16 0 3.5
344 7 0 4.0
11 29 0 4.0
8 27 0 2.5
162 18 0 3.25
308 9 0 2.0
340 27 0 3.0
263 29 0 2.75
247 13 0 2.25
281 14 0 3.0
54 2 0 3.75
293 31 0 3.0
119 62 0 2.75
38 22 0 2.5
178 19 0 3.5
329 1 0 2.0
351 28 0 2.0
40 25 0 2.25
77 15 0 3.25
293 25 0 3.25
265 12 0 3.5
195 5 0 4.0
41 10 0 2.5
96 4 0 2.5
324 15 0 2.25
142 10 0 3.75
142 7 0 3.75
275 16 0 3.75
60 30 0 2.0
284 23 0 3.0
291 14 0 2.25
50 16 0 3.75
100 26 0 3.75
15 4 0 2.25
282 1 0 2.5
258 13 0 4.0
253 8 0 3.0
284 11 0 2.0
21 20 0 2.0
355 5 0 2.5
78 20 0 2.0
71 21 0 2.75
220 18 0 2.5
113 25 0 2.5
348 20 0 3.75
111 4 0 3.25
294 24 0 3.25
345 53 0 3.25
182 30 0 3.75
266 10 0 2.5
148 12 0 3.5
228 28 0 2.25
352 19 0 2.25
262 10 0 2.5
12 6 0 4.0
104 4 0 2.75
198 20 0 3.25
280 4 0 2.5
59 21 0 4.0
234 17 0 3.75
218 1 0 3.0
114 2 0 4.0
149 0 0 2.75
212 26 0 2.0
268 25 0 3.5
28 24 0 3.25
68 30 0 4.0
125 0 0 2.5
288 6 0 3.25
332 12 0 3.5
297 26 0 3.75
37 27 0 4.0
277 17 0 2.25
76 15 0 2.25
156 17 0 3.25
208 0 0 3.75
145 11 0 3.75
190 28 0 3.25
99 27 0 2.0
203 15 0 3.25
116 10 0 2.0
167 26 0 3.25
171 24 0 3.75
52 12 0 2.0
298 41 0 4.0
349 28 0 4.0
338 4 0 4.0
231 9 0 2.75
291 12 0 2.75
201 24 0 2.25
123 11 0 2.25
158 11 0 3.25
108 14 0 3.0
64 26 0 2.25
286 21 0 3.25
254 29 0 3.25
44 0 0 3.25
22 23 0 3.0
311 26 0 2.75
130 1 0 3.75
60 3 0 3.5
321 12 0 3.0
135 27 0 2.25
4 24 0 3.75
31 26 0 2.25
88 66 0 2.5
147 2 0 2.0
352 3 0 3.25
358 18 0 3.75
153 13 0 2.0
345 9 0 2.75
187 29 0 2.25
193 29 0 2.5
42 15 0 3.25
6 30 0 2.0
227 11 0 4.0
282 1 0 2.75
29 23 0 3.75
9 37 0 2.0
53 20 0 3.5
111 22 0 2.75
26 1 0 3.0
131 27 0 3.0
239 12 0 3.5
53 22 0 3.0
177 5 0 3.25
191 4 0 3.25
150 24 0 2.5
251 21 0 3.75
243 6 0 2.0
345 5 0 3.25
220 10 0 3.5
64 17 0 3.25
50 18 0 3.25
277 29 0 4.0
95 0 0 2.25
261 28 0 2.25
200 26 0 3.5
230 19 0 2.75
131 29 0 2.25
249 18 0 2.25
201 21 0 2.0
295 17 0 4.0
16 15 0 2.0
81 13 0 3.75
303 26 0 2.75
234 22 0 4.0
164 16 0 2.5
315 21 0 2.75
8 30 0 2.25
223 49 0 2.25
28 25 0 2.0
65 19 0 3.5
119 12 0 2.75
12 13 0 3.0
274 10 0 2.0
181 8 0 3.5
217 17 0 4.0
3 11 0 3.25
290 2 0 2.25
245 17 0 2.25
6 64 0 3.25
292 10 0 4.0
168 30 0 3.25
126 10 0 2.75
154 27 0 3.0
308 19 0 3.25
222 23 0 2.5
160 12 0 3.25
71 3 0 2.0
241 15 0 2.25
262 14 0 3.0
40 10 0 3.75
347 25 0 3.5
83 17 0 2.75
98 23 0 3.75
132 49 0 2.25
41 28 0 3.5
204 29 0 3.25
38 24 0 3.5
57 4 0 2.0
155 4 0 2.25
233 17 0 4.0
45 20 0 3.5
189 10 0 2.0
236 15 0 2.75
217 9 0 4.0
20 6 0 4.0
359 26 0 4.0
326 25 0 2.5
84 25 0 2.75
36 18 0 3.0
67 1 0 3.25
134 25 0 2.5
35 23 0 2.0
153 23 0 3.75
40 23 0 2.75
326 4 0 3.5
265 13 0 3.0
222 11 0 3.0
190 8 0 4.0
261 18 0 2.5
145 27 0 2.25
41 20 0 2.25
159 2 0 2.75
175 18 0 2.0
278 3 0 3.0
70 5 0 3.25
179 22 0 3.75
19 25 0 2.25
51 16 0 2.5
260 21 0 2.75
185 14 0 2.5
312 13 0 4.0
238 30 0 3.0
208 56 0 3.0
129 2 0 3.0
35 16 0 3.75
251 28 0 3.0
7 18 0 3.25
287 5 0 2.25
166 11 0 4.0
64 9 0 2.25
69 3 0 3.25
287 25 0 2.75
189 24 0 3.5
208 5 0 2.5
28 11 0 3.0
332 57 0 3.5
30 5 0 3.5
116 17 0 2.0
60 10 0 2.5
189 0 0 3.5
319 29 0 2.5
40 12 0 2.25
124 26 0 2.0
103 4 0 2.75
182 19 0 2.25
155 22 0 2.75
296 5 0 2.25
121 15 0 2.0
267 35 0 2.5
323 0 0 2.75
65 3 0 3.75
75 27 0 3.5
13 8 0 2.25
317 13 0 3.25
308 3 0 2.5
54 25 0 3.75
10 14 0 2.0
122 29 0 3.75
120 10 0 4.0
230 40 0 4.0
354 3 0 2.25
310 0 0 2.5
42 7 0 4.0
152 30 0 3.75
352 4 0 3.5
97 22 0 4.0
273 5 0 2.75
148 13 0 2.5
6 21 0 3.25
5 12 0 4.0
87 20 0 3.5
39 26 0 3.0
14 30 0 2.0
123 28 0 2.5
204 5 0 3.5
171 19 0 2.75
113 27 0 3.25
266 4 0 3.25
14 9 0 3.25
354 7 0 3.25
62 16 0 2.0
66 10 0 2.0
88 27 0 2.0
12 22 0 2.25
217 10 0 3.25
90 28 0 2.0
16 30 0 4.0
245 18 0 2.75
232 12 0 3.75
16 15 0 2.5
299 17 0 2.25
321 5 0 3.75
12 30 0 3.75
344 47 0 2.0
269 12 0 3.5
108 29 0 3.75
251 14 0 2.5
88 17 0 3.5
161 28 0 3.75
233 27 0 3.25
354 28 0 2.25
233 25 0 2.75
283 44 0 2.25
131 19 0 2.5
189 22 0 2.75
97 15 0 3.25
162 17 0 3.25
146 21 0 2.75
243 47 0 3.25
96 28 0 4.0
40 58 0 2.75
97 3 0 3.5
359 20 0 2.75
267 17 0 2.5
337 28 0 2.25
247 0 0 2.5
312 22 0 2.0
177 11 0 2.0
63 44 0 3.5
347 18 0 4.0
37 57 0 2.25
75 16 0 3.5
100 4 0 4.0
49 9 0 3.75
218 7 0 3.75
198 25 0 2.25
279 28 0 3.25
309 21 0 2.25
77 24 0 2.0
58 24 0 3.5
91 0 0 2.0
186 18 0 3.25
161 21 0 4.0
203 25 0 3.25
38 13 0 3.5
196 19 0 4.0
232 21 0 2.75
139 24 0 3.25
25 0 0 3.5
76 12 0 3.25
340 4 0 2.25
13 20 0 2.25
270 23 0 4.0
204 21 0 2.5
111 13 0 2.0
303 25 0 3.75
205 20 0 2.5
230 30 0 3.25
163 19 0 2.5
49 9 0 3.0
20 12 0 4.0
313 17 0 2.25
241 21 0 2.25
100 4 0 3.5
299 29 0 3.75
260 20 0 3.75
38 27 0 2.25
153 37 0 2.25
276 28 0 3.0
233 17 0 2.5
328 30 0 2.25
190 16 0 2.0
196 12 0 4.0
195 3 0 2.75
320 2 0 3.75
51 4 0 3.0
357 26 0 2.25
340 11 0 3.0
116 29 0 3.75
223 1 0 3.0
44 3 0 3.0
105 13 0 3.75
140 59 0 2.75
129 15 0 3.0
74 28 0 2.75
276 15 0 3.25
260 28 0 3.25
213 5 0 4.0
99 0 0 4.0
156 30 0 3.75
104 25 0 3.0
304 25 0 3.5
160 7 0 4.0
55 0 0 2.5
308 21 0 3.25
313 22 0 2.0
226 22 0 4.0
308 27 0 2.0
248 50 0 3.0
332 17 0 3.25
238 14 0 4.0
314 15 0 4.0
346 1 0 4.0
229 22 0 2.75
192 27 0 3.75
74 21 0 2.25
266 17 0 3.75
90 12 0 3.5
20 37 0 2.5
268 16 0 3.5
277 24 0 2.0
105 30 0 2.0
146 13 0 2.75
327 19 0 3.75
6 21 0 2.0
241 5 0 2.75
142 27 0 4.0
130 0 0 3.0
211 11 0 3.75
321 8 0 2.25
346 9 0 3.75
295 13 0 2.75
44 24 0 2.25
357 22 0 3.25
91 3 0 2.5
335 19 0 2.25
110 23 0 3.5
33 16 0 3.5
310 16 0 3.0
185 7 0 3.5
209 0 0 2.5
14 11 0 3.75
334 29 0 2.0
337 11 0 2.75
304 27 0 3.75
35 12 0 2.25
303 15 0 2.75
127 24 0 2.75
98 27 0 3.25
83 10 0 4.0
342 19 0 2.0
79 19 0 2.75
289 23 0 4.0
307 4 0 3.0
71 10 0 4.0
154 9 0 2.5
24 30 0 2.0
25 15 0 4.0
133 0 0 2.0
231 15 0 3.5
244 23 0 4.0
336 8 0 3.5
129 22 0 2.0
183 15 0 3.75
16 8 0 3.0
17 19 0 3.25
107 1 0 3.0
271 18 0 3.5
50 4 0 3.25
34 23 0 3.5
51 3 0 2.5
95 22 0 2.5
240 12 0 2.5
128 11 0 3.75
111 22 0 2.5
102 24 0 3.0
304 4 0 3.5
343 10 0 3.5
291 16 0 3.5
194 28 0 4.0
15 52 0 2.75
298 11 0 2.75
188 18 0 2.0
282 3 0 3.0
184 6 0 3.0
75 11 0 2.75
139 14 0 3.5
82 9 0 3.25
23 3 0 3.75
139 4 0 3.5
313 20 0 3.75
273 25 0 3.75
59 17 0 3.5
107 23 0 2.75
143 2 0 2.25
298 8 0 3.0
255 18 0 2.5
82 0 0 3.5
244 30 0 3.0
211 22 0 3.25
0 17 0 3.75
96 21 0 2.25
215 8 0 4.0
115 28 0 2.75
161 30 0 2.5
281 14 0 3.25
40 19 0 3.25
283 29 0 2.0
284 0 0 3.0
343 27 0 2.0
297 22 0 3.5
59 23 0 2.75
236 17 0 3.25
317 20 0 3.0
276 22 0 3.0
76 15 0 2.75
344 7 0 2.0
183 27 0 3.75
60 22 0 2.5
343 28 0 3.25
155 11 0 4.0
72 27 0 3.5
125 4 0 2.5
119 2 0 4.0
162 25 0 3.25
125 0 0 3.0
163 27 0 2.75
313 54 0 2.75
23 26 0 4.0
357 18 0 2.75
160 38 0 3.75
24 2 0 3.5
224 8 0 4.0
262 9 0 3.0
358 21 0 3.25
307 25 0 3.25
212 18 0 2.75
249 16 0 3.5
205 0 0 4.0
20 14 0 3.25
191 26 0 2.0
216 10 0 2.0
132 11 0 3.25
155 6 0 3.5
319 3 0 3.5
10 21 0 3.25
276 7 0 2.0
102 1 0 3.5
318 3 0 3.75
243 19 0 3.25
183 1 0 3.75
268 13 0 3.75
67 18 0 2.75
113 40 0 2.75
186 1 0 3.5
325 20 0 4.0
303 29 0 2.5
263 16 0 2.5
309 6 0 2.5
113 7 0 3.5
23 59 0 2.0
162 21 0 3.25
242 6 0 2.75
188 28 0 2.0
176 3 0 3.5
255 16 0 3.5
227 19 0 2.75
186 11 0 2.0
14 21 0 2.75
24 1 0 3.5
159 9 0 3.75
169 0 0 3.25
284 24 0 4.0
70 9 0 3.75
23 21 0 4.0
118 17 0 3.5
103 5 0 2.0
188 17 0 2.0
13 3 0 3.0
326 19 0 2.75
34 11 0 2.0
290 16 0 4.0
155 27 0 3.0
27 18 0 2.0
75 8 0 2.25
193 19 0 3.25
253 13 0 2.0
89 11 0 3.5
259 14 0 3.75
173 20 0 3.5
242 25 0 3.5
153 29 0 2.75
169 29 0 3.75
244 1 0 2.25
326 17 0 3.5
179 17 0 3.75
87 12 0 3.75
155 10 0 2.5
232 26 0 2.25
345 25 0 2.75
132 21 0 2.5
184 29 0 4.0
222 6 0 2.5
353 21 0 3.5
258 6 0 3.25
0 30 0 3.0
29 62 0 3.75
244 25 0 2.25
297 19 0 2.25
44 26 0 2.5
187 27 0 2.75
272 16 0 4.0
281 7 0 2.0
320 29 0 2.0
25 1 0 4.0
58 2 0 2.5
222 8 0 3.0
9 27 0 4.0
17 57 0 2.0
336 14 0 4.0
54 20 0 4.0
214 15 0 4.0
146 13 0 3.75
180 7 0 2.0
115 30 0 2.25
41 11 0 3.0
92 0 0 3.25
76 28 0 3.5
255 11 0 3.0
72 58 0 3.0
11 15 0 3.25
0 29 0 2.5
166 8 0 4.0
56 11 0 3.25
291 19 0 2.25
209 30 0 4.0
48 26 0 3.75
210 17 0 3.5
43 13 0 2.25
61 28 0 3.25
195 7 0 2.75
56 0 0 3.75
101 22 0 3.75
229 4 0 3.5
301 23 0 2.0
48 23 0 3.5
184 23 0 2.75
357 22 0 3.0
283 13 0 2.25
175 14 0 2.5
230 30 0 2.75
167 1 0 3.75
6 3 0 4.0
34 14 0 2.0
180 23 0 3.25
70 23 0 3.5
270 20 0 3.0
149 22 0 3.25
287 26 0 2.0
204 27 0 2.5
34 29 0 2.75
94 21 0 2.75
23 26 0 3.5
186 21 0 2.25
27 15 0 2.0
303 14 0 3.0
121 7 0 3.5
236 17 0 2.25
10 28 0 3.5
323 3 0 2.0
68 19 0 3.25
44 30 0 4.0
119 26 0 2.25
131 9 0 3.25
330 30 0 3.25
110 18 0 4.0
70 24 0 3.75
233 4 0 2.0
212 28 0 2.75
117 12 0 3.25
48 27 0 3.25
337 22 0 2.5
336 1 0 2.25
336 9 0 2.0
194 25 0 4.0
314 11 0 3.5
137 3 0 2.25
15 10 0 4.0
141 17 0 2.0
293 30 0 3.5
282 18 0 3.0
36 7 0 2.25
298 3 0 3.25
319 25 0 3.0
20 1 0 2.0
147 25 0 3.75
327 1 0 2.5
318 7 0 3.5
102 15 0 2.25
260 10 0 2.5
168 27 0 3.75
46 18 0 2.75
221 26 0 3.75
157 19 0 2.5
232 3 0 3.75
359 13 0 2.0
109 20 0 3.25
21 13 0 2.75
247 21 0 2.0
225 15 0 2.75
179 26 0 4.0
101 26 0 3.0
237 4 0 2.5
25 23 0 4.0
110 17 0 3.25
229 17 0 3.75
354 6 0 2.0
190 13 0 2.25
346 15 0 4.0
53 6 0 3.5
13 11 0 3.0
70 3 0 3.5
179 48 0 3.75
160 52 0 2.0
22 60 0 3.5
59 7 0 2.0
251 53 0 2.25
132 0 0 3.5
244 28 0 2.75
141 26 0 3.25
341 14 0 3.5
43 23 0 3.0
26 29 0 2.0
159 18 0 2.0
289 8 0 2.25
19 9 0 3.5
297 20 0 2.0
122 27 0 3.5
315 4 0 2.75
45 21 0 3.5
122 7 0 3.5
232 26 0 3.75
76 12 0 4.0
173 8 0 2.0
118 22 0 3.0
0 14 0 2.75
62 5 0 3.25
149 30 0 2.75
262 17 0 4.0
27 6 0 2.25
220 15 0 3.0
349 16 0 4.0
333 26 0 3.0
74 6 0 2.25
328 0 0 3.25
89 10 0 3.75
114 11 0 2.75
222 42 0 3.0
262 30 0 2.25
32 22 0 2.75
184 10 0 3.5
342 5 0 2.0
308 11 0 3.25
29 21 0 4.0
246 16 0 2.5
249 18 0 2.75
228 23 0 2.25
318 10 0 2.25
294 22 0 2.75
5 5 0 3.0
149 30 0 3.0
179 14 0 3.75
177 22 0 3.75
342 15 0 2.5
213 50 0 3.25
153 37 0 3.25
67 6 0 2.0
290 22 0 2.5
168 12 0 3.75
223 3 0 4.0
38 30 0 3.25
68 24 0 2.75
198 23 0 2.75
298 4 0 3.0
64 7 0 3.0
234 16 0 2.0
214 25 0 2.25
85 26 0 4.0
49 3 0 2.0
177 10 0 4.0
235 0 0 2.0
64 20 0 3.0
85 12 0 2.75
285 2 0 2.75
246 11 0 2.75
144 20 0 3.75
240 29 0 2.25
223 26 0 2.75
72 14 0 2.5
209 15 0 3.75
128 8 0 2.75
211 6 0 3.5
335 28 0 2.75
337 9 0 3.5
242 12 0 4.0
191 23 0 2.5
121 16 0 3.5
242 28 0 4.0
129 46 0 3.75
87 17 0 2.25
355 28 0 2.25
92 26 0 3.5
266 5 0 2.5
108 13 0 3.75
37 26 0 2.0
308 30 0 3.25
133 9 0 3.5
324 6 0 3.25
242 11 0 2.75
53 48 0 4.0
140 4 0 2.25
192 15 0 2.25
54 9 0 2.25
216 10 0 2.25
265 29 0 3.5
321 18 0 3.25
251 12 0 3.25
139 21 0 2.25
337 19 0 2.0
320 21 0 2.0
333 10 0 3.5
49 8 0 3.5
9 9 0 2.75
127 0 0 2.5
92 2 0 3.0
20 3 0 2.5
9 18 0 2.25
14 18 0 4.0
192 28 0 3.25
197 11 0 2.0
245 6 0 3.75
107 15 0 2.75
337 19 0 2.25
239 4 0 2.0
317 26 0 2.0
31 25 0 2.0
162 29 0 3.0
282 16 0 3.25
337 5 0 3.75
139 12 0 2.75
32 9 0 3.75
325 13 0 4.0
290 9 0 2.25
341 17 0 3.5
197 10 0 2.0
232 5 0 3.75
118 26 0 4.0
123 23 0 2.25
58 6 0 2.5
88 22 0 3.25
214 26 0 3.0
346 21 0 3.5
119 17 0 2.25
271 27 0 3.75
210 10 0 2.0
42 4 0 4.0
232 30 0 3.0
198 20 0 3.75
273 8 0 3.5
22 1 0 3.25
333 20 0 4.0
52 5 0 2.25
321 8 0 3.25
84 17 0 3.25
65 20 0 3.25
61 21 0 2.75
39 6 0 2.5
55 24 0 3.0
271 13 0 3.5
183 24 0 3.0
66 24 0 2.25
27 23 0 2.5
62 25 0 3.75
302 28 0 2.25
124 17 0 2.75
153 3 0 3.5
226 11 0 3.0
235 0 0 2.25
139 9 0 2.0
233 9 0 3.0
65 7 0 2.25
296 5 0 3.75
112 22 0 3.75
136 30 0 2.5
152 14 0 3.75
136 10 0 2.5
304 7 0 4.0
158 12 0 2.75
276 4 0 2.75
14 12 0 2.5
260 5 0 3.5
131 20 0 2.5
8 10 0 3.5
280 19 0 3.25
95 14 0 2.0
286 12 0 3.25
123 12 0 3.0
202 7 0 3.5
292 77 0 2.75
132 27 0 3.0
262 0 0 3.0
142 14 0 2.0
294 2 0 3.75
158 20 0 2.0
248 22 0 3.5
252 18 0 4.0
221 30 0 2.75
133 27 0 2.0
94 26 0 3.75
24 14 0 2.75
191 10 0 3.25
208 15 0 2.25
329 22 0 3.0
274 0 0 4.0
106 28 0 3.75
283 19 0 2.0
192 29 0 4.0
204 4 0 3.25
0 12 0 2.0
203 16 0 4.0
7 1 0 2.5
22 11 0 3.75
249 10 0 2.0
336 0 0 3.0
58 9 0 2.25
68 25 0 4.0
269 21 0 4.0
349 7 0 2.0
58 13 0 2.0
111 24 0 2.75
107 2 0 2.75
263 1 0 2.5
213 35 0 3.25
41 18 0 3.0
37 33 0 3.0
135 10 0 2.5
309 11 0 3.5
201 3 0 2.25
192 25 0 3.5
102 9 0 3.5
21 4 0 4.0
25 0 0 2.0
81 18 0 4.0
266 30 0 2.25
81 7 0 3.0
336 4 0 4.0
192 1 0 3.0
107 25 0 4.0
63 19 0 3.5
327 9 0 3.5
223 25 0 3.5
255 12 0 3.5
305 43 0 3.5
183 12 0 3.5
199 22 0 2.0
184 15 0 2.25
111 23 0 2.0
201 0 0 3.5
358 27 0 3.25
1 47 0 2.75
272 20 0 2.75
302 24 0 2.75
188 1 0 2.5
38 9 0 3.75
219 13 0 3.5
114 30 0 2.75
339 11 0 3.5
63 13 0 2.25
112 30 0 3.5
124 25 0 3.5
136 26 0 2.5
44 27 0 2.0
279 22 0 2.25
318 34 0 2.75
44 1 0 2.0
116 24 0 2.0
51 26 0 3.25
127 13 0 3.75
133 15 0 2.75
58 27 0 4.0
227 27 0 3.5
240 27 0 3.0
188 60 0 2.5
133 18 0 2.0
85 9 0 4.0
114 14 0 3.75
161 30 0 4.0
26 27 0 2.25
350 7 0 4.0
239 14 0 4.0
62 0 0 2.0
147 7 0 2.25
290 19 0 2.75
7 18 0 3.5
67 19 0 2.5
87 25 0 2.75
145 0 0 2.75
96 6 0 3.5
114 0 0 3.75
94 17 0 2.0
15 6 0 4.0
185 18 0 3.5
341 3 0 3.75
187 19 0 2.75
100 78 0 3.75
115 14 0 2.5
263 8 0 3.75
207 9 0 3.0
203 16 0 2.5
154 28 0 3.25
23 15 0 2.0
65 17 0 3.75
98 18 0 2.75
179 24 0 4.0
324 0 0 3.0
234 18 0 3.25
181 12 0 4.0
311 24 0 4.0
119 24 0 2.25
208 28 0 3.0
194 13 0 4.0
208 13 0 2.5
69 25 0 2.75
116 12 0 2.25
28 10 0 4.0
229 21 0 3.75
305 18 0 4.0
334 27 0 3.75
80 15 0 2.5
356 18 0 3.75
315 21 0 2.0
21 39 0 2.25
297 25 0 4.0
131 16 0 2.25
8 23 0 2.25
154 6 0 3.5
66 11 0 2.75
33 30 0 3.5
33 10 0 4.0
335 21 0 4.0
298 17 0 3.75
198 13 0 3.75
171 8 0 2.75
6 18 0 3.75
188 27 0 2.25
300 1 0 2.75
73 30 0 2.25
43 45 0 3.5
113 1 0 4.0
9 10 0 3.75
228 11 0 2.5
132 29 0 3.25
28 26 0 3.75
161 11 0 3.0
129 14 0 2.75
66 27 0 2.75
333 9 0 2.75
258 10 0 2.0
287 25 0 2.0
229 10 0 3.5
67 12 0 2.25
20 0 0 4.0
178 16 0 3.5
233 8 0 2.5
85 24 0 3.75
280 1 0 2.5
159 12 0 4.0
271 30 0 2.0
288 26 0 2.0
78 12 0 3.5
155 12 0 3.75
123 8 0 2.5
342 13 0 3.25
133 2 0 2.75
4 21 0 2.0
207 24 0 3.0
349 12 0 4.0
212 2 0 2.75
85 2 0 3.0
114 18 0 2.75
306 13 0 2.5
243 2 0 2.75
119 21 0 3.5
52 25 0 2.0
40 24 0 2.5
309 5 0 3.5
267 23 0 3.0
46 12 0 3.25
67 31 0 2.75
184 8 0 2.5
336 2 0 3.75
4 13 0 2.25
153 19 0 2.25
316 9 0 4.0
303 2 0 3.0
6 0 0 3.75
320 30 0 4.0
157 12 0 2.5
190 29 0 3.0
152 29 0 2.0
121 30 0 4.0
351 6 0 2.5
283 9 0 4.0
150 14 0 3.5
318 15 0 2.0
257 1 0 3.75
176 18 0 3.75
134 10 0 2.25
239 8 0 3.75
332 26 0 2.25
20 63 0 2.0
164 21 0 4.0
134 25 0 3.75
255 6 0 3.0
293 5 0 3.0
302 13 0 4.0
20 27 0 2.25
342 24 0 4.0
0 10 0 3.25
355 29 0 2.75
254 30 0 2.25
20 30 0 2.75
283 5 0 3.5
234 17 0 3.5
131 26 0 2.5
355 18 0 2.25
91 2 0 3.5
236 10 0 3.25
280 21 0 3.25
145 12 0 4.0
46 19 0 2.25
248 15 0 2.0
83 14 0 4.0
86 30 0 3.0
58 29 0 2.75
73 1 0 3.75
287 8 0 3.0
120 16 0 3.5
150 11 0 3.75
193 10 0 4.0
337 24 0 2.0
91 4 0 2.0
276 15 0 3.0
48 13 0 2.75
63 20 0 2.25
351 22 0 2.25
162 7 0 4.0
236 17 0 4.0
209 0 0 2.0
215 19 0 2.75
198 28 0 2.5
32 76 0 3.75
297 3 0 2.5
218 16 0 2.25
270 9 0 2.25
336 18 0 2.0
253 3 0 3.5
268 16 0 2.5
44 17 0 2.25
79 9 0 3.25
153 1 0 2.25
39 12 0 3.5
14 8 0 2.5
34 46 0 3.5
337 8 0 3.25
99 25 0 3.0
87 2 0 3.75
330 5 0 2.75
124 19 0 4.0
64 30 0 3.25
162 19 0 3.5
2 11 0 3.75
115 6 0 3.5
67 5 0 3.5
39 10 0 3.25
6 25 0 4.0
151 6 0 2.5
90 12 0 2.5
184 30 0 3.0
245 4 0 3.5
308 24 0 2.75
335 23 0 3.0
152 16 0 2.0
89 16 0 2.25
58 25 0 3.5
195 8 0 4.0
224 2 0 2.25
28 19 0 2.25
138 3 0 4.0
63 13 0 3.75
239 29 0 3.25
99 25 0 2.75
330 24 0 2.25
233 14 0 2.5
30 22 0 2.75
357 9 0 2.25
215 9 0 2.25
183 6 0 2.0
299 2 0 2.0
297 15 0 2.5
6 15 0 3.75
341 6 0 2.5
154 5 0 4.0
90 1 0 2.0
0 0 0 2.75
194 8 0 3.75
279 15 0 3.25
278 14 0 3.0
16 16 0 3.5
152 24 0 3.0
315 11 0 4.0
43 15 0 2.75
36 22 0 2.75
231 7 0 3.75
333 46 0 2.25
78 22 0 2.0
331 15 0 3.0
252 12 0 3.25
159 1 0 2.25
65 29 0 3.0
278 26 0 3.25
50 25 0 3.0
208 63 0 2.5
178 8 0 2.5
213 23 0 3.5
255 27 0 2.75
31 20 0 3.5
58 18 0 3.5
64 1 0 2.25
280 5 0 4.0
316 2 0 3.25
294 2 0 3.0
234 2 0 3.75
240 26 0 3.25
262 21 0 3.75
250 19 0 3.25
79 25 0 3.75
195 17 0 2.75
312 0 0 3.0
356 20 0 3.25
74 30 0 3.75
351 27 0 3.5
72 12 0 2.0
299 13 0 2.0
196 22 0 3.5
73 10 0 3.5
19 3 0 2.5
179 13 0 3.0
344 14 0 3.5
22 5 0 3.25
344 1 0 2.75
205 60 0 3.5
220 12 0 3.5
257 27 0 3.25
74 20 0 3.25
181 1 0 3.25
163 1 0 2.75
315 11 0 3.0
116 28 0 2.25
268 19 0 2.5
60 26 0 3.25
308 6 0 3.0
201 21 0 3.0
31 17 0 2.75
71 4 0 3.75
15 6 0 2.5
204 10 0 2.75
342 19 0 2.25
57 13 0 2.25
208 49 0 3.75
206 14 0 3.25
223 0 0 2.0
170 22 0 2.25
103 18 0 3.0
103 3 0 3.25
183 14 0 2.75
287 14 0 3.5
110 2 0 2.75
201 13 0 3.75
106 3 0 2.25
303 25 0 3.25
320 8 0 4.0
175 20 0 3.75
44 7 0 4.0
38 22 0 3.25
73 1 0 3.0
226 21 0 2.25
302 2 0 2.25
305 0 0 3.5
83 22 0 2.75
9 22 0 4.0
161 22 0 2.0
40 17 0 2.5
306 0 0 3.75
129 5 0 3.75
35 27 0 2.5
346 18 0 3.75
90 20 0 3.0
198 2 0 3.0
208 3 0 2.0
175 27 0 2.75
206 20 0 4.0
352 26 0 2.75
57 2 0 2.5
314 48 0 3.25
355 4 0 2.75
222 21 0 2.75
229 24 0 2.75
236 12 0 2.75
30 27 0 3.25
317 28 0 3.25
63 11 0 4.0
234 8 0 2.0
215 3 0 3.5
222 15 0 2.5
120 22 0 2.5
75 28 0 3.75
100 11 0 3.75
312 17 0 3.75
76 3 0 2.25
347 6 0 2.75
290 28 0 2.25
275 19 0 2.0
115 15 0 2.5
271 25 0 2.75
188 17 0 3.75
235 18 0 2.75
355 8 0 2.25
28 8 0 3.0
24 46 0 3.0
208 5 0 2.25
283 30 0 4.0
54 60 0 4.0
142 28 0 2.5
70 29 0 3.0
144 5 0 2.75
65 28 0 2.0
270 68 0 4.0
18 2 0 2.0
290 12 0 2.5
263 14 0 3.0
53 12 0 2.75
216 23 0 3.25
154 3 0 2.25
156 39 0 3.25
213 17 0 3.25
20 8 0 2.25
195 0 0 4.0
247 11 0 2.0
81 13 0 2.75
249 11 0 2.0
149 8 0 4.0
185 19 0 2.0
133 24 0 2.75
327 26 0 2.25
354 28 0 4.0
97 27 0 3.0
116 12 0 3.0
266 13 0 2.75
29 3 0 3.25
185 27 0 2.0
184 18 0 3.5
332 16 0 2.0
306 9 0 4.0
137 3 0 2.5
149 15 0 2.0
160 9 0 3.5
253 24 0 2.75
174 18 0 2.5
57 17 0 2.0
18 21 0 3.0
327 28 0 4.0
227 56 0 2.0
49 16 0 2.25
20 24 0 2.5
168 1 0 2.75
36 26 0 3.25
77 13 0 2.25
172 6 0 2.0
302 5 0 3.0
264 20 0 2.5
212 18 0 2.5
315 7 0 3.5
268 13 0 2.0
310 16 0 2.75
320 12 0 3.0
215 23 0 3.25
77 19 0 2.0
195 16 0 2.25
117 14 0 2.0
61 17 0 2.0
133 4 0 2.0
339 30 0 3.25
27 13 0 3.75
194 9 0 3.5
305 8 0 3.75
340 19 0 3.0
243 4 0 3.0
51 28 0 3.25
166 0 0 2.25
232 6 0 3.75
324 23 0 4.0
56 14 0 2.75
68 20 0 2.5
315 4 0 3.0
98 4 0 3.0
113 20 0 4.0
324 24 0 3.5
185 29 0 2.5
341 16 0 4.0
121 0 0 3.5
67 3 0 2.75
0 11 0 3.0
216 47 0 3.75
111 11 0 2.0
158 18 0 3.25
74 28 0 2.0
29 6 0 2.75
98 30 0 3.5
158 26 0 2.0
15 26 0 3.75
353 12 0 2.0
99 0 0 3.25
252 2 0 2.25
273 9 0 2.75
55 6 0 3.0
164 25 0 3.75
309 5 0 2.5
1 8 0 2.5
332 22 0 2.0
167 12 0 2.25
108 0 0 2.0
175 18 0 4.0
311 7 0 4.0
349 12 0 3.5
69 30 0 3.25
303 1 0 3.0
253 14 0 3.0
203 0 0 2.75
5 34 0 2.75
159 27 0 3.5
95 58 0 3.0
350 20 0 2.25
52 15 0 3.0
148 14 0 3.0
191 23 0 3.75
309 19 0 2.75
304 5 0 4.0
133 17 0 3.5
359 5 0 3.75
272 0 0 3.5
335 9 0 3.25
114 23 0 3.0
166 11 0 3.5
257 46 0 3.25
329 11 0 2.75
208 10 0 4.0
221 21 0 4.0
169 1 0 3.0
247 24 0 3.25
305 18 0 2.5
249 24 0 2.0
63 26 0 3.0
115 21 0 2.75
287 17 0 3.0
38 25 0 3.0
96 13 0 3.0
153 18 0 2.25
324 60 0 3.75
178 24 0 3.25
135 23 0 3.75
34 10 0 2.25
55 10 0 4.0
50 10 0 3.25
352 19 0 3.25
342 25 0 3.25
319 30 0 3.0
157 1 0 2.0
156 7 0 3.0
340 1 0 2.75
287 43 0 2.75
292 16 0 2.0
34 23 0 4.0
73 22 0 3.75
268 29 0 3.25
13 41 0 2.5
259 7 0 3.0
290 2 0 3.25
303 6 0 3.75
37 10 0 3.25
203 16 0 3.5
51 20 0 2.0
130 28 0 2.75
91 2 0 4.0
315 20 0 2.75
238 17 0 4.0
56 6 0 2.5
26 10 0 2.5
325 70 0 3.25
105 25 0 2.5
195 26 0 4.0
191 22 0 3.25
334 27 0 2.0
57 10 0 2.5
172 7 0 4.0
284 22 0 2.5
241 26 0 3.25
172 29 0 3.75
52 2 0 2.25
36 29 0 2.5
22 7 0 3.5
21 0 0 4.0
333 9 0 2.25
246 0 0 2.0
336 2 0 2.5
256 17 0 2.75
122 15 0 2.25
186 4 0 4.0
35 16 0 3.5
13 9 0 3.75
297 8 0 3.0
13 19 0 3.0
12 3 0 3.75
275 3 0 3.75
265 10 0 2.0
163 24 0 2.0
83 30 0 3.25
274 8 0 2.0
115 0 0 2.0
77 6 0 4.0
158 26 0 3.0
281 11 0 3.75
347 21 0 2.5
24 24 0 2.75
93 10 0 3.0
187 20 0 2.0
196 6 0 3.0
303 19 0 2.5
28 21 0 4.0
68 21 0 3.5
65 10 0 3.0
233 26 0 2.5
27 2 0 2.75
129 3 0 4.0
229 32 0 3.25
210 10 0 2.5
10 13 0 2.25
85 20 0 3.75
20 21 0 2.75
296 14 0 3.25
235 25 0 2.5
58 15 0 3.5
159 17 0 3.5
274 10 0 3.75
260 19 0 2.0
249 22 0 2.75
99 15 0 2.75
349 40 0 4.0
357 9 0 2.0
214 59 0 3.75
255 14 0 4.0
4 12 0 2.5
139 11 0 2.0
226 12 0 2.0
300 1 0 2.0
236 14 0 4.0
100 7 0 3.25
53 11 0 3.0
77 1 0 3.25
25 27 0 2.5
90 28 0 3.75
14 14 0 2.75
107 19 0 2.5
280 4 0 3.5
187 20 0 3.25
189 3 0 4.0
162 11 0 3.75
199 13 0 2.0
4 2 0 2.25
269 2 0 2.5
285 30 0 4.0
111 24 0 3.25
161 12 0 3.25
80 2 0 3.5
108 19 0 3.5
170 19 0 4.0
94 27 0 3.0
215 3 0 4.0
340 28 0 2.75
46 12 0 3.5
192 22 0 2.5
45 16 0 2.75
225 0 0 3.5
231 27 0 2.5
320 30 0 2.25
228 24 0 2.25
168 27 0 4.0
221 22 0 3.5
42 6 0 3.75
61 7 0 3.25
92 8 0 3.0
211 23 0 2.5
91 27 0 3.25
47 30 0 2.5
139 17 0 3.0
270 13 0 3.25
206 23 0 3.75
21 50 0 3.25
200 7 0 3.5
237 16 0 2.5
53 25 0 2.75
54 21 0 4.0
249 72 0 2.25
259 7 0 2.5
315 15 0 2.0
99 17 0 2.0
52 24 0 2.0
264 7 0 4.0
213 12 0 3.75
359 13 0 3.75
29 16 0 2.5
27 5 0 2.25
85 0 0 4.0
315 19 0 2.25
356 30 0 3.75
246 4 0 2.25
201 15 0 2.75
122 53 0 2.0
81 72 0 3.5
237 2 0 2.5
147 29 0 2.25
183 14 0 2.0
234 22 0 3.75
242 25 0 3.0
16 23 0 3.5
251 64 0 3.0
66 1 0 4.0
249 28 0 2.75
64 18 0 3.0
66 10 0 3.5
322 3 0 2.0
85 17 0 3.75
349 25 0 3.5
305 5 0 2.0
96 24 0 2.25
92 25 0 3.75
293 22 0 2.25
276 9 0 4.0
164 8 0 2.5
123 14 0 2.25
262 18 0 3.5
221 24 0 2.0
91 30 0 2.5
347 13 0 3.5
141 16 0 3.0
235 6 0 4.0
128 25 0 3.75
243 55 0 2.5
204 6 0 3.25
109 30 0 3.75
34 0 0 3.5
68 18 0 2.25
92 19 0 2.5
206 21 0 4.0
231 25 0 3.25
312 12 0 2.0
287 3 0 3.75
54 2 0 2.25
95 7 0 2.75
310 6 0 3.25
251 12 0 3.5
60 13 0 3.5
242 1 0 2.25
59 20 0 4.0
348 19 0 4.0
68 24 0 3.5
129 18 0 2.25
24 1 0 3.25
231 19 0 3.0
81 55 0 2.0
166 28 0 2.75
189 12 0 2.75
276 23 0 3.5
84 11 0 3.5
212 0 0 3.75
58 25 0 2.0
304 27 0 3.0
264 0 0 2.25
185 1 0 3.75
63 3 0 2.25
216 24 0 3.25
256 5 0 2.25
122 12 0 2.25
42 16 0 4.0
204 26 0 2.75
140 5 0 3.0
242 10 0 4.0
347 24 0 3.25
40 29 0 3.75
23 11 0 2.75
253 4 0 2.75
263 16 0 3.5
253 8 0 4.0
112 27 0 3.5
65 27 0 4.0
81 21 0 4.0
1 10 0 2.25
332 11 0 2.0
347 19 0 3.25
27 19 0 2.5
258 11 0 2.0
180 20 0 4.0
158 23 0 4.0
287 62 0 2.25
93 12 0 2.5
123 53 0 3.25
356 11 0 3.0
328 2 0 2.0
52 21 0 3.5
215 6 0 2.75
73 13 0 2.25
130 20 0 3.0
251 29 0 3.5
295 11 0 3.0
51 8 0 3.0
258 13 0 2.5
23 19 0 3.5
234 28 0 3.0
147 11 0 4.0
340 23 0 2.25
217 18 0 2.25
103 12 0 2.0
136 20 0 2.75
137 2 0 3.75
355 19 0 2.75
325 7 0 3.25
60 1 0 2.25
44 1 0 3.25
99 11 0 2.5
310 24 0 4.0
334 7 0 3.0
85 27 0 2.5
354 16 0 2.75
291 10 0 2.5
160 24 0 2.25
26 18 0 2.5
287 18 0 2.25
172 20 0 2.0
112 8 0 2.75
214 37 0 4.0
354 0 0 2.75
119 22 0 2.75
4 23 0 3.0
64 18 0 2.75
315 11 0 2.0
107 3 0 2.5
251 30 0 2.25
162 19 0 4.0
238 20 0 2.75
3 29 0 2.75
270 28 0 3.25
66 57 0 2.75
194 14 0 3.75
114 17 0 2.25
169 24 0 4.0
29 9 0 4.0
311 16 0 2.75
187 28 0 3.5
58 9 0 3.75
259 23 0 2.25
291 12 0 3.5
166 11 0 3.25
141 12 0 2.0
231 12 0 4.0
224 9 0 2.25
147 13 0 2.25
109 16 0 2.5
50 23 0 2.5
54 29 0 2.5
248 28 0 2.25
59 21 0 3.0
13 18 0 2.5
65 0 0 4.0
59 18 0 4.0
226 6 0 3.75
61 9 0 4.0
148 7 0 2.5
270 27 0 2.75
196 28 0 2.75
138 17 0 2.25
282 28 0 2.75
40 19 0 3.0
158 26 0 3.25
195 1 0 2.0
99 3 0 2.0
315 5 0 2.5
83 30 0 2.25
172 0 0 3.75
302 3 0 3.0
88 14 0 2.75
194 27 0 3.25
28 22 0 2.5
33 4 0 3.5
24 51 0 4.0
137 29 0 3.0
281 26 0 4.0
201 19 0 2.5
275 13 0 4.0
166 6 0 3.25
181 26 0 2.75
110 25 0 2.75
194 0 0 3.5
120 28 0 3.75
74 1 0 3.0
3 17 0 3.25
7 8 0 2.0
71 4 0 3.5
335 3 0 2.0
21 25 0 3.0
94 71 0 3.5
88 8 0 2.75
205 22 0 4.0
165 20 0 3.0
349 13 0 4.0
300 25 0 3.75
26 25 0 3.25
72 25 0 2.5
123 2 0 3.75
35 2 0 3.25
353 1 0 3.0
352 7 0 2.75
252 30 0 3.5
21 7 0 3.25
209 6 0 2.5
36 10 0 3.25
342 25 0 3.75
237 26 0 2.5
48 29 0 4.0
29 13 0 2.25
57 1 0 2.5
74 11 0 3.75
60 16 0 3.25
103 15 0 3.25
71 28 0 3.5
158 22 0 2.75
265 20 0 4.0
130 11 0 3.25
50 17 0 2.25
11 24 0 3.5
91 15 0 2.5
66 1 0 2.5
1 17 0 2.25
102 29 0 2.25
79 28 0 2.5
147 8 0 2.75
259 18 0 2.5
203 18 0 3.0
162 6 0 3.75
281 10 0 2.0
229 12 0 3.0
348 22 0 2.75
214 15 0 2.0
210 0 0 2.75
342 16 0 2.5
258 4 0 3.25
33 15 0 2.25
191 2 0 3.5
217 10 0 2.0
131 18 0 2.25
168 10 0 2.5
315 2 0 2.25
246 6 0 2.25
87 6 0 2.0
100 1 0 2.0
111 9 0 3.5
102 21 0 2.75
6 11 0 2.75
250 23 0 3.75
247 10 0 3.75
24 16 0 2.0
3 23 0 3.75
96 11 0 2.0
346 19 0 3.25
5 5 0 2.0
134 17 0 2.25
350 12 0 2.5
264 19 0 2.0
64 6 0 3.5
26 9 0 3.25
136 29 0 3.25
144 6 0 2.5
104 35 0 3.75
122 26 0 2.75
202 23 0 3.25
203 22 0 2.75
98 29 0 3.75
281 16 0 2.25
125 6 0 2.5
179 25 0 4.0
210 12 0 3.0
136 47 0 2.5
333 29 0 2.75
23 20 0 3.25
52 7 0 2.25
138 17 0 3.5
243 27 0 4.0
82 24 0 2.5
168 17 0 3.0
275 18 0 4.0
317 19 0 2.75
160 26 0 3.0
96 27 0 2.25
269 24 0 2.25
238 10 0 3.75
131 0 0 3.25
115 7 0 3.75
336 13 0 2.75
60 13 0 2.25
100 14 0 2.0
335 14 0 4.0
332 6 0 2.0
3 29 0 2.0
20 14 0 2.0
227 2 0 2.5
315 20 0 3.5
139 5 0 2.75
39 1 0 4.0
102 13 0 2.0
77 0 0 3.75
199 23 0 3.25
286 15 0 2.25
196 0 0 2.25
344 21 0 2.0
55 12 0 2.25
5 12 0 3.75
186 21 0 3.75
3 6 0 4.0
69 32 0 3.25
322 21 0 2.0
318 10 0 4.0
11 19 0 3.0
276 9 0 3.0
181 23 0 3.75
97 30 0 2.5
54 4 0 3.75
265 6 0 2.25
261 28 0 2.0
144 63 0 3.5
264 4 0 3.5
8 4 0 3.25
235 13 0 3.0
201 9 0 4.0
166 26 0 2.0
165 6 0 2.25
107 24 0 3.75
337 22 0 3.0
307 4 0 2.5
246 22 0 2.25
131 7 0 2.5
34 1 0 3.0
232 28 0 3.75
357 12 0 4.0
235 3 0 2.5
280 6 0 3.5
199 29 0 4.0
173 13 0 3.25
260 21 0 3.5
246 26 0 4.0
216 6 0 2.75
303 27 0 2.5
247 17 0 4.0
260 18 0 2.75
216 19 0 4.0
201 26 0 2.0
289 2 0 2.5
340 29 0 2.75
140 9 0 2.0
115 24 0 4.0
280 1 0 2.25
27 8 0 2.75
151 9 0 4.0
145 13 0 4.0
233 7 0 3.25
25 23 0 2.0
284 14 0 2.5
96 27 0 3.25
252 7 0 3.0
0 1 0 4.0
32 4 0 2.75
129 21 0 3.75
244 5 0 3.25
309 15 0 2.0
29 16 0 2.75
324 28 0 3.75
153 26 0 4.0
28 15 0 3.5
262 24 0 2.0
250 9 0 3.0
78 10 0 2.25
25 2 0 3.5
211 0 0 2.5
225 24 0 3.0
146 23 0 2.25
229 23 0 3.0
314 13 0 3.5
319 15 0 3.75
117 27 0 2.0
145 16 0 3.5
299 12 0 2.25
22 24 0 3.25
332 13 0 3.25
170 6 0 2.0
262 28 0 3.0
344 53 0 2.25
212 19 0 2.5
26 27 0 2.5
301 25 0 3.75
256 8 0 2.5
348 5 0 2.75
158 6 0 3.25
50 2 0 2.75
306 7 0 2.25
271 14 0 2.75
70 24 0 2.0
29 18 0 2.0
149 2 0 2.5
104 8 0 2.0
199 27 0 3.25
197 14 0 3.75
6 12 0 2.25
167 57 0 4.0
344 29 0 2.25
205 29 0 4.0
167 6 0 3.0
99 1 0 2.0
287 15 0 3.25
79 9 0 4.0
256 18 0 3.0
217 29 0 3.75
293 7 0 3.25
65 23 0 3.75
89 1 0 2.0
132 2 0 4.0
185 9 0 3.25
1 9 0 3.0
288 25 0 2.5
276 12 0 3.5
83 19 0 2.5
136 6 0 4.0
53 5 0 2.75
37 26 0 3.75
77 2 0 3.0
270 11 0 2.75
73 10 0 3.75
268 3 0 2.25
121 13 0 3.0
329 10 0 2.5
100 17 0 2.25
243 46 0 3.75
18 8 0 2.25
323 43 0 3.75
180 27 0 2.0
64 37 0 4.0
193 4 0 3.75
351 20 0 2.0
279 21 0 3.75
260 23 0 3.75
139 19 0 2.0
206 19 0 3.25
313 23 0 4.0
79 18 0 3.5
272 4 0 3.5
247 26 0 2.0
319 9 0 4.0
341 8 0 2.0
338 9 0 3.5
219 18 0 3.25
86 1 0 4.0
287 18 0 2.0
256 21 0 4.0
357 8 0 2.0
307 23 0 3.75
254 9 0 2.5
318 4 0 3.0
301 5 0 3.75
236 19 0 3.5
104 21 0 4.0
286 17 0 3.0
185 22 0 3.5
199 24 0 2.25
204 24 0 2.5
152 23 0 4.0
337 42 0 2.5
104 26 0 2.0
179 18 0 3.75
274 3 0 3.25
14 22 0 3.25
216 0 0 4.0
106 17 0 2.0
207 47 0 2.75
260 21 0 3.25
353 59 0 3.0
135 23 0 2.25
269 21 0 2.0
10 21 0 2.0
19 29 0 2.0
315 50 0 4.0
101 21 0 2.75
261 11 0 2.25
150 27 0 2.75
241 29 0 3.25
243 10 0 3.0
283 21 0 2.0
65 0 0 2.0
282 20 0 2.5
290 30 0 3.5
48 28 0 3.0
29 25 0 2.5
219 58 0 2.25
183 24 0 2.75
126 6 0 2.5
258 26 0 3.75
29 13 0 3.25
339 13 0 3.75
164 2 0 4.0
147 28 0 3.5
29 8 0 3.75
307 29 0 2.5
224 7 0 3.5
207 25 0 2.5
170 11 0 3.75
321 3 0 2.0
0 2 0 3.25
144 20 0 4.0
100 27 0 4.0
249 4 0 3.0
320 1 0 4.0
83 8 0 3.75
195 4 0 3.25
280 27 0 2.0
193 23 0 2.75
81 12 0 3.0
249 4 0 4.0
191 1 0 3.25
235 17 0 2.0
53 20 0 4.0
216 24 0 2.25
135 11 0 2.75
323 15 0 2.25
343 25 0 3.75
23 16 0 2.75
121 10 0 3.25
90 1 0 2.75
326 12 0 2.5
32 24 0 2.5
21 13 0 4.0
227 24 0 2.25
221 4 0 2.0
173 14 0 3.75
161 28 0 3.0
259 24 0 3.5
251 9 0 4.0
121 20 0 3.75
219 22 0 2.5
102 26 0 2.5
40 26 0 2.75
341 25 0 2.5
215 13 0 3.75
199 2 0 3.25
273 9 0 3.25
236 10 0 2.0
300 1 0 2.25
34 27 0 2.75
43 23 0 2.75
314 6 0 2.0
236 25 0 2.75
277 5 0 2.25
164 71 0 3.0
308 4 0 3.25
21 8 0 3.5
33 0 0 2.0
137 20 0 2.5
359 2 0 3.0
3 21 0 3.0
135 17 0 2.75
351 26 0 2.0
32 3 0 4.0
117 11 0 4.0
106 11 0 4.0
334 1 0 4.0
264 9 0 3.75
298 20 0 2.75
196 15 0 2.75
251 7 0 4.0
305 0 0 3.0
331 1 0 4.0
271 6 0 2.0
168 24 0 3.5
311 25 0 2.5
103 4 0 4.0
263 14 0 2.75
249 15 0 2.75
201 19 0 3.25
205 15 0 4.0
334 15 0 3.25
255 44 0 3.0
215 53 0 2.5
49 23 0 3.5
357 12 0 2.0
50 29 0 2.25
135 27 0 2.5
191 0 0 3.0
349 8 0 3.25
124 8 0 2.0
63 25 0 3.5
0 4 0 3.0
217 2 0 2.5
294 9 0 3.25
164 13 0 2.0
315 25 0 2.75
274 9 0 4.0
104 23 0 2.0
318 5 0 2.0
177 28 0 2.5
103 11 0 2.5
236 18 0 3.25
190 10 0 2.5
332 8 0 4.0
44 17 0 2.0
342 23 0 3.75
278 2 0 3.25
20 24 0 3.75
131 15 0 4.0
331 28 0 2.75
325 29 0 2.75
356 27 0 4.0
335 5 0 3.75
147 16 0 3.5
86 19 0 2.0
224 26 0 2.75
115 18 0 2.0
220 11 0 2.25
77 25 0 2.25
337 8 0 2.25
221 4 0 3.25
64 21 0 2.5
116 13 0 3.75
298 4 0 2.0
142 28 0 2.75
143 15 0 3.5
1 30 0 2.25
138 12 0 2.5
18 1 0 2.75
73 22 0 2.5
207 8 0 3.75
99 11 0 4.0
50 6 0 3.5
279 10 0 2.75
143 28 0 4.0
66 27 0 3.75
68 5 0 3.75
344 12 0 3.5
132 39 0 3.25
281 15 0 2.5
163 20 0 3.75
76 3 0 2.0
152 1 0 3.75
28 6 0 3.0
269 29 0 2.5
238 8 0 4.0
224 3 0 2.0
301 29 0 2.25
300 11 0 3.25
273 14 0 2.75
323 4 0 2.75
79 30 0 4.0
81 11 0 2.25
68 17 0 3.0
22 29 0 2.25
57 30 0 2.5
37 27 0 2.25
30 29 0 3.0
276 5 0 2.5
211 29 0 2.75
49 6 0 4.0
296 4 0 3.25
285 22 0 2.5
131 11 0 3.25
109 6 0 3.5
253 9 0 2.5
244 12 0 3.75
243 29 0 4.0
309 4 0 3.75
140 14 0 4.0
196 16 0 2.0
87 12 0 3.0
50 7 0 2.0
205 6 0 2.0
53 25 0 3.5
201 1 0 2.75
29 27 0 3.5
284 20 0 2.25
60 19 0 2.5
8 1 0 3.0
332 25 0 2.5
69 41 0 2.75
86 21 0 2.0
49 23 0 3.25
42 6 0 3.25
44 19 0 3.0
34 25 0 3.0
167 0 0 2.25
58 12 0 3.75
37 5 0 3.75
112 12 0 3.75
0 5 0 4.0
252 12 0 2.5
101 3 0 3.0
337 0 0 4.0
338 8 0 3.0
134 14 0 2.5
94 5 0 2.0
199 4 0 2.75
274 22 0 3.0
175 51 0 2.25
122 24 0 2.25
298 20 0 2.0
223 25 0 2.5
144 10 0 2.75
93 20 0 3.25
50 5 0 2.75
51 4 0 4.0
113 25 0 2.25
29 25 0 3.0
77 14 0 3.5
203 1 0 2.75
333 6 0 4.0
64 29 0 2.0
164 1 0 4.0
17 6 0 3.0
330 12 0 3.75
314 11 0 3.25
16 27 0 2.75
97 9 0 4.0
172 26 0 2.5
93 26 0 2.0
233 0 0 2.0
163 0 0 4.0
115 4 0 2.0
166 17 0 2.75
319 16 0 3.5
127 7 0 2.25
328 7 0 3.75
112 13 0 4.0
355 10 0 4.0
350 21 0 3.5
160 1 0 3.75
99 10 0 4.0
249 29 0 3.75
110 43 0 3.25
22 7 0 2.25
66 8 0 2.5
239 10 0 2.75
92 12 0 3.5
359 23 0 2.5
138 1 0 4.0
264 5 0 2.5
226 9 0 3.75
250 25 0 3.5
159 26 0 4.0
4 9 0 2.5
351 16 0 2.25
207 6 0 3.5
2 12 0 2.75
346 22 0 2.75
348 7 0 3.25
273 5 0 2.0
231 19 0 2.5
13 22 0 2.0
73 16 0 3.75
190 17 0 3.5
216 0 0 2.5
23 14 0 3.25
162 8 0 3.5
216 24 0 2.0
6 48 0 3.0
285 1 0 4.0
213 20 0 3.75
105 10 0 4.0
208 24 0 3.25
301 27 0 3.25
178 20 0 3.5
132 21 0 3.25
94 27 0 4.0
13 3 0 2.75
53 29 0 3.75
90 19 0 3.25
305 25 0 2.75
30 13 0 2.25
86 1 0 3.25
73 5 0 2.0
177 9 0 3.5
20 11 0 2.25
44 17 0 4.0
11 21 0 3.75
335 19 0 3.5
257 21 0 3.75
264 15 0 3.25
61 8 0 2.5
158 0 0 2.75
205 23 0 2.75
10 5 0 2.5
179 27 0 2.5
341 27 0 2.75
353 23 0 2.25
188 16 0 3.75
165 5 0 2.0
317 19 0 2.5
78 20 0 4.0
288 24 0 2.5
24 3 0 3.0
117 0 0 4.0
255 10 0 2.0
67 7 0 2.75
101 2 0 2.25
6 29 0 2.0
79 19 0 3.25
221 48 0 2.75
18 3 0 2.5
41 17 0 2.25
213 29 0 2.25
212 39 0 2.5
178 74 0 3.25
308 11 0 4.0
22 26 0 2.25
298 12 0 2.5
220 22 0 3.75
315 30 0 3.75
281 12 0 2.75
257 14 0 4.0
9 28 0 2.0
82 1 0 3.25
33 26 0 2.0
45 11 0 2.0
180 11 0 3.75
308 14 0 3.5
212 24 0 2.75
99 4 0 3.0
22 28 0 2.75
358 13 0 3.5
11 19 0 2.5
264 53 0 2.75
14 10 0 3.0
151 47 0 3.0
41 5 0 3.0
15 22 0 2.0
242 22 0 3.25
133 3 0 2.25
190 4 0 2.25
242 15 0 3.5
290 11 0 2.75
80 1 0 2.75
18 16 0 4.0
215 10 0 2.25
319 27 0 2.25
184 55 0 2.5
241 3 0 4.0
72 28 0 3.75
342 29 0 3.0
211 19 0 2.0
84 6 0 2.25
69 20 0 2.0
43 29 0 4.0
85 14 0 3.0
86 18 0 3.25
31 9 0 3.5
352 6 0 3.25
22 6 0 2.0
316 4 0 4.0
192 14 0 2.75
343 28 0 4.0
173 30 0 2.5
39 30 0 3.75
333 17 0 2.5
23 4 0 3.5
132 0 0 2.75
236 13 0 2.75
37 10 0 3.75
17 7 0 4.0
193 7 0 3.75
305 10 0 4.0
220 10 0 3.75
186 54 0 3.75
81 18 0 3.75
346 1 0 3.75
144 25 0 3.5
123 37 0 3.25
158 24 0 3.0
240 26 0 2.75
204 0 0 3.5
105 8 0 2.5
266 6 0 3.0
348 8 0 2.75
154 31 0 2.75
0 1 0 2.75
69 23 0 3.25
234 25 0 2.0
33 24 0 2.0
210 12 0 3.5
303 13 0 2.5
164 23 0 3.75
203 17 0 3.25
300 9 0 3.0
83 26 0 2.5
63 29 0 2.75
191 15 0 2.0
248 22 0 4.0
301 5 0 3.5
36 19 0 3.75
108 0 0 2.25
247 23 0 2.75
335 18 0 3.25
30 23 0 3.25
136 43 0 2.5
220 22 0 3.25
345 20 0 2.5
139 14 0 2.0
184 24 0 3.25
136 12 0 2.25
300 15 0 2.5
320 29 0 3.25
259 19 0 2.0
208 2 0 3.25
353 6 0 2.5
294 15 0 2.75
109 3 0 3.25
337 16 0 3.5
250 30 0 2.5
57 25 0 2.75
170 25 0 2.0
194 8 0 3.5
323 16 0 2.25
133 12 0 4.0
318 25 0 3.0
108 29 0 4.0
161 0 0 3.5
57 30 0 2.0
118 8 0 4.0
2 16 0 3.25
324 6 0 2.0
336 10 0 2.5
236 27 0 3.75
280 41 0 4.0
324 6 0 2.75
268 11 0 2.5
189 20 0 3.0
171 20 0 2.0
46 12 0 2.75
343 21 0 3.5
219 1 0 2.75
332 24 0 3.25
246 12 0 2.25
105 23 0 2.75
15 9 0 3.75
166 26 0 3.25
175 6 0 2.5
66 20 0 3.75
338 1 0 3.0
246 1 0 3.25
19 5 0 3.25
235 28 0 2.25
185 11 0 4.0
38 12 0 3.75
15 28 0 3.0
185 27 0 3.0
257 30 0 2.75
175 29 0 4.0
189 20 0 2.25
158 29 0 3.25
119 24 0 3.5
193 16 0 3.5
124 27 0 3.25
75 5 0 4.0
312 3 0 3.0
28 0 0 2.75
340 20 0 3.0
20 27 0 2.75
89 1 0 3.5
328 4 0 3.25
65 22 0 3.75
80 4 0 2.0
3 23 0 2.5
22 13 0 3.0
185 12 0 3.5
114 14 0 3.0
31 18 0 4.0
304 6 0 3.0
165 5 0 2.75
216 25 0 2.75
243 26 0 3.0
116 2 0 2.25
182 29 0 3.75
305 20 0 2.5
26 12 0 2.75
300 29 0 3.0
9 23 0 3.5
244 4 0 4.0
339 5 0 2.5
135 0 0 2.25
5 14 0 4.0
274 1 0 3.25
26 11 0 4.0
69 3 0 2.75
217 6 0 4.0
347 18 0 2.0
273 28 0 3.25
309 24 0 2.75
55 29 0 2.25
164 25 0 3.5
249 21 0 2.75
13 13 0 3.5
162 0 0 3.75
5 8 0 3.0
16 21 0 4.0
229 30 0 2.75
141 8 0 2.25
15 23 0 3.0
18 2 0 2.25
235 8 0 2.25
41 24 0 4.0
28 12 0 3.25
269 20 0 2.75
236 15 0 3.75
79 2 0 2.0
303 1 0 3.25
298 43 0 2.25
189 29 0 2.0
307 27 0 3.0
290 15 0 2.75
357 11 0 2.5
337 7 0 2.0
310 24 0 3.75
286 10 0 4.0
227 10 0 3.0
135 63 0 2.5
236 15 0 4.0
63 12 0 2.5
35 28 0 3.5
161 20 0 2.0
94 12 0 2.5
108 19 0 4.0
201 29 0 2.75
135 25 0 4.0
151 13 0 3.0
304 25 0 3.0
27 14 0 3.25
303 1 0 4.0
99 9 0 3.25
147 10 0 2.25
60 26 0 2.5
120 11 0 2.5
204 50 0 3.5
24 5 0 2.5
314 14 0 3.75
244 27 0 3.25
339 22 0 3.0
35 24 0 3.0
177 27 0 3.25
23 22 0 3.75
285 29 0 2.25
330 27 0 2.25
197 15 0 2.0
90 18 0 2.5
125 7 0 4.0
263 3 0 2.75
33 21 0 3.0
339 27 0 2.75
45 21 0 2.25
331 23 0 3.25
43 25 0 3.5
259 29 0 3.25
306 10 0 4.0
342 14 0 3.5
57 22 0 4.0
45 10 0 3.0
82 23 0 3.75
79 13 0 2.5
247 2 0 3.0
210 16 0 2.25
355 26 0 3.0
139 4 0 3.75
190 0 0 2.25
67 23 0 4.0
41 26 0 2.25
106 25 0 2.0
84 18 0 4.0
72 34 0 2.25
307 1 0 2.25
346 13 0 2.25
32 10 0 3.0
196 25 0 2.0
148 25 0 3.5
334 26 0 3.5
339 23 0 2.75
180 14 0 2.25
295 66 0 3.75
202 9 0 3.0
125 8 0 3.75
196 34 0 3.75
244 58 0 3.0
329 5 0 3.0
51 5 0 2.25
76 23 0 3.0
316 15 0 2.5
181 7 0 3.0
25 1 0 3.25
48 19 0 2.5
309 4 0 2.75
304 11 0 2.0
171 29 0 3.25
120 19 0 3.0
58 22 0 2.25
285 20 0 3.0
200 22 0 3.25
28 18 0 3.5
116 25 0 3.75
105 4 0 2.25
236 60 0 3.0
50 25 0 3.5
76 15 0 2.5
119 5 0 3.0
54 5 0 2.25
324 14 0 3.0
41 18 0 4.0
180 28 0 4.0
70 4 0 4.0
324 1 0 2.0
357 35 0 2.75
180 26 0 2.0
234 5 0 2.0
289 3 0 2.0
41 1 0 2.75
53 3 0 3.5
228 15 0 2.5
262 1 0 2.25
282 0 0 3.5
56 9 0 2.5
30 20 0 2.25
209 9 0 2.75
204 13 0 2.75
320 9 0 3.0
215 2 0 3.5
330 28 0 3.75
166 21 0 2.5
2 11 0 2.5
216 4 0 3.25
247 24 0 3.0
159 7 0 2.0
235 6 0 2.75
11 5 0 2.5
68 1 0 2.25
114 18 0 2.5
323 6 0 2.5
82 2 0 3.0
305 4 0 2.25
354 0 0 3.75
149 29 0 3.0
157 5 0 2.75
95 5 0 2.25
255 18 0 2.75
176 2 0 3.25
354 6 0 2.25
54 23 0 3.5
115 8 0 3.5
182 59 0 3.5
307 18 0 4.0
180 8 0 2.75
40 10 0 4.0
113 19 0 4.0
61 59 0 4.0
106 23 0 3.0
188 18 0 3.0
90 4 0 2.0
103 5 0 3.5
174 3 0 2.25
287 8 0 2.25
58 12 0 3.0
262 2 0 3.25
338 34 0 2.5
20 4 0 2.75
66 18 0 3.0
308 17 0 4.0
359 0 0 3.75
313 26 0 4.0
243 3 0 3.75
78 30 0 3.5
320 20 0 2.25
234 17 0 4.0
12 7 0 3.5
127 19 0 4.0
262 27 0 3.25
2 28 0 3.5
100 10 0 4.0
150 24 0 2.0
20 16 0 2.0
347 19 0 2.75
238 27 0 3.75
287 16 0 2.75
328 10 0 3.25
86 2 0 3.75
258 13 0 3.0
304 29 0 4.0
104 14 0 2.25
266 15 0 3.25
97 23 0 2.75
60 3 0 2.25
343 8 0 2.5
298 16 0 3.5
139 3 0 2.75
257 59 0 3.5
51 21 0 3.75
115 17 0 2.25
315 14 0 2.25
311 29 0 4.0
118 20 0 2.0
285 12 0 2.0
39 29 0 3.25
267 0 0 2.75
62 25 0 2.75
269 43 0 2.25
46 11 0 2.75
100 37 0 2.5
72 23 0 2.25
287 17 0 4.0
278 10 0 3.25
73 19 0 2.25
168 18 0 3.5
96 2 0 3.75
11 28 0 3.5
38 4 0 2.0
98 1 0 3.5
331 29 0 2.25
182 22 0 2.0
246 21 0 2.75
215 25 0 2.0
45 21 0 3.25
139 21 0 2.5
346 13 0 3.25
58 12 0 3.5
182 9 0 2.5
24 27 0 2.75
186 3 0 3.25
307 22 0 4.0
297 28 0 3.0
242 22 0 2.0
226 30 0 3.75
165 5 0 2.5
144 11 0 2.0
91 20 0 2.25
348 28 0 3.5
231 30 0 4.0
214 18 0 2.0
92 19 0 4.0
52 1 0 3.75
343 0 0 4.0
314 0 0 3.25
238 22 0 3.5
284 8 0 3.0
179 3 0 3.5
15 0 0 3.5
173 30 0 2.0
86 0 0 3.75
351 5 0 4.0
3 3 0 3.5
45 28 0 2.5
121 18 0 2.5
146 29 0 2.5
215 16 0 2.5
193 14 0 2.25
319 2 0 3.75
317 0 0 4.0
257 15 0 2.0
226 12 0 3.75
254 79 0 4.0
111 29 0 3.5
329 25 0 2.5
218 23 0 3.25
70 30 0 4.0
190 25 0 3.75
348 47 0 3.75
329 7 0 3.25
158 57 0 3.5
287 9 0 4.0
178 19 0 2.75
128 0 0 2.75
130 8 0 3.5
234 22 0 3.5
347 8 0 2.5
302 9 0 3.0
308 26 0 2.0
195 8 0 2.75
41 8 0 2.0
175 19 0 2.5
180 2 0 2.0
223 1 0 3.75
202 21 0 2.0
124 27 0 4.0
144 19 0 2.75
343 1 0 3.25
308 17 0 2.0
208 21 0 3.75
253 30 0 3.0
151 2 0 2.0
17 60 0 3.5
81 11 0 2.5
164 35 0 3.75
111 48 0 2.5
334 30 0 3.75
5 21 0 2.0
216 28 0 3.25
229 25 0 3.75
160 19 0 2.25
281 7 0 3.0
284 15 0 3.5
356 4 0 2.25
97 22 0 2.0
332 14 0 2.75
35 20 0 2.5
244 0 0 3.25
147 15 0 2.25
156 22 0 2.25
143 14 0 2.75
156 4 0 4.0
173 10 0 2.0
306 10 0 2.25
207 19 0 3.5
359 15 0 2.0
76 6 0 2.25
249 13 0 3.0
41 10 0 4.0
315 18 0 2.5
83 12 0 2.5
135 16 0 3.0
108 5 0 2.25
280 2 0 2.0
179 1 0 2.25
180 25 0 3.5
296 4 0 3.0
296 5 0 2.5
314 15 0 3.75
71 18 0 4.0
164 6 0 3.25
96 29 0 2.25
342 1 0 2.5
193 43 0 3.0
290 5 0 3.5
280 8 0 3.25
230 0 0 3.0
240 24 0 2.0
181 15 0 3.75
33 10 0 3.5
250 12 0 2.25
151 18 0 2.75
242 29 0 3.75
295 10 0 3.75
7 29 0 2.25
347 5 0 2.25
174 2 0 3.5
341 13 0 2.0
300 15 0 3.25
218 28 0 3.25
67 13 0 2.25
276 0 0 4.0
115 4 0 3.0
124 6 0 3.25
138 9 0 2.25
316 22 0 2.75
292 1 0 2.5
118 18 0 2.25
313 7 0 4.0
88 27 0 3.25
202 29 0 2.25
283 16 0 2.5
353 24 0 3.0
136 4 0 3.5
351 13 0 2.0
64 12 0 3.0
242 8 0 2.25
245 10 0 3.25
345 4 0 2.25
319 3 0 3.25
301 4 0 2.0
69 29 0 3.75
312 22 0 3.25
50 57 0 2.75
123 22 0 3.0
310 8 0 2.75
18 24 0 2.75
46 30 0 2.75
279 22 0 3.5
5 25 0 4.0
356 13 0 3.0
65 0 0 3.5
218 9 0 2.0
168 8 0 3.5
215 12 0 3.25
119 8 0 3.5
258 30 0 2.25
88 25 0 3.0
297 25 0 3.25
63 7 0 3.25
137 15 0 3.0
35 2 0 3.75
80 14 0 3.75
200 9 0 4.0
284 8 0 4.0
275 22 0 4.0
83 11 0 3.75
94 9 0 3.0
337 48 0 3.0
333 18 0 3.25
7 10 0 2.25
286 8 0 2.5
203 9 0 3.5
178 29 0 3.75
45 6 0 3.0
175 17 0 3.75
314 20 0 2.0
20 12 0 2.0
128 16 0 2.75
44 19 0 2.5
254 19 0 2.25
327 20 0 4.0
144 18 0 3.25
32 56 0 3.75
13 7 0 2.75
213 10 0 3.75
244 2 0 2.0
200 12 0 2.0
160 21 0 3.0
299 3 0 4.0
84 18 0 2.0
75 17 0 3.25
56 23 0 3.5
179 12 0 3.0
287 20 0 2.75
331 30 0 3.5
189 26 0 3.0
294 19 0 2.0
107 9 0 3.75
126 13 0 2.5
120 28 0 3.5
251 12 0 2.5
141 11 0 2.5
31 3 0 3.0
146 55 0 2.5
144 24 0 3.5
142 24 0 3.0
193 7 0 4.0
328 30 0 2.75
202 1 0 3.25
306 24 0 3.25
122 1 0 2.5
223 11 0 2.75
326 10 0 3.25
59 16 0 2.0
24 7 0 2.5
217 25 0 3.25
7 31 0 2.25
325 23 0 4.0
291 5 0 3.25
333 26 0 3.75
323 30 0 2.25
165 17 0 2.75
90 26 0 3.5
288 7 0 2.5
90 35 0 4.0
217 7 0 2.0
236 28 0 2.5
351 28 0 3.25
349 17 0 4.0
219 18 0 3.0
323 30 0 2.75
180 14 0 2.5
110 19 0 3.0
37 1 0 3.75
202 0 0 2.0
239 28 0 3.5
54 4 0 3.25
147 5 0 2.0
345 25 0 3.0
70 0 0 2.5
160 24 0 3.75
67 14 0 4.0
168 6 0 3.25
205 0 0 3.25
245 16 0 3.75
88 25 0 3.25
191 6 0 3.5
133 6 0 3.75
203 29 0 3.75
128 45 0 2.25
80 16 0 2.0
47 6 0 3.25
174 24 0 4.0
328 19 0 2.75
132 21 0 2.0
306 17 0 2.0
152 30 0 3.5
127 1 0 3.25
358 6 0 3.75
145 20 0 2.75
56 12 0 2.25
159 16 0 4.0
182 28 0 2.5
2 26 0 3.5
16 24 0 3.5
252 17 0 4.0
330 18 0 3.5
128 15 0 2.75
246 2 0 2.25
8 46 0 2.75
110 17 0 3.5
190 15 0 2.0
337 30 0 3.0
179 29 0 4.0
246 2 0 2.5
277 1 0 3.0
176 8 0 4.0
130 15 0 4.0
259 1 0 3.75
132 19 0 2.5
90 24 0 4.0
283 8 0 2.5
112 29 0 3.5
185 20 0 3.75
286 29 0 3.75
151 26 0 2.5
192 8 0 2.0
302 24 0 3.5
351 27 0 2.5
74 17 0 2.75
234 3 0 3.75
38 27 0 3.0
135 30 0 2.75
303 22 0 2.0
215 9 0 3.75
199 5 0 2.0
158 20 0 3.25
204 21 0 3.5
200 37 0 3.0
43 22 0 2.5
33 3 0 3.25
316 3 0 2.25
97 14 0 2.25
298 30 0 3.0
222 27 0 2.75
276 9 0 2.0
195 16 0 2.0
291 7 0 3.75
298 18 0 4.0
281 4 0 2.0
340 5 0 4.0
357 10 0 3.0
223 37 0 3.0
330 29 0 2.25
345 22 0 3.25
52 24 0 3.25
265 23 0 3.5
121 0 0 3.25
286 16 0 3.25
3 19 0 2.5
244 21 0 2.0
58 65 0 2.75
177 22 0 2.5
265 14 0 3.75
116 21 0 3.0
3 23 0 3.0
327 27 0 2.0
9 29 0 3.0
