67 18 0 2.25
357 37 0 2.5
333 27 0 3.0
358 29 0 4.0
320 26 0 3.25
292 18 0 2.75
288 15 0 2.5
97 24 0 3.5
121 16 0 3.0
246 7 0 2.0
145 7 0 3.75
4 0 0 4.0
48 26 0 3.25
208 13 0 3.5
201 15 0 2.0
77 1 0 2.0
334 12 0 3.25
17 29 0 3.75
309 19 0 4.0
108 52 0 4.0
93 5 0 3.0
27 9 0 2.25
60 12 0 2.75
107 21 0 2.5
95 1 0 4.0
76 19 0 3.75
349 1 0 2.5
219 17 0 3.0
224 1 0 3.5
39 0 0 3.25
4 18 0 2.75
189 25 0 4.0
359 28 0 3.25
333 5 0 2.5
326 17 0 2.0
65 8 0 3.5
55 13 0 2.25
88 15 0 2.75
37 16 0 4.0
209 2 0 4.0
263 29 0 2.5
192 5 0 2.25
53 16 0 3.0
223 18 0 3.5
211 28 0 2.75
49 2 0 3.25
346 15 0 2.25
143 38 0 3.5
126 10 0 3.75
113 29 0 2.0
202 4 0 3.0
150 7 0 4.0
266 15 0 2.5
339 11 0 3.25
231 6 0 2.75
231 69 0 2.5
83 75 0 3.25
77 28 0 3.25
313 28 0 3.5
267 0 0 4.0
203 63 0 3.75
41 26 0 3.75
261 22 0 3.75
92 29 0 3.25
194 30 0 2.25
150 1 0 2.0
300 21 0 2.75
254 71 0 4.0
78 9 0 3.0
189 29 0 3.0
134 25 0 2.0
294 6 0 3.0
321 45 0 4.0
141 16 0 3.75
17 60 0 3.75
111 1 0 2.5
223 20 0 2.25
25 63 0 3.75
154 12 0 3.25
224 3 0 2.5
98 15 0 3.0
355 2 0 4.0
33 15 0 3.5
134 11 0 3.0
74 1 0 2.25
231 18 0 3.75
144 22 0 3.75
181 39 0 2.0
80 79 0 2.5
133 7 0 2.75
61 1 0 2.25
280 6 0 3.5
0 2 0 3.0
103 3 0 3.5
323 24 0 3.5
337 11 0 3.5
84 25 0 3.25
281 13 0 3.0
63 25 0 4.0
58 19 0 3.5
233 12 0 4.0
57 4 0 2.75
87 23 0 2.0
4 0 0 2.0
319 2 0 3.0
273 23 0 2.25
77 23 0 3.0
347 10 0 4.0
302 1 0 4.0
288 27 0 3.25
144 19 0 2.25
288 20 0 2.5
231 27 0 3.5
159 55 0 2.75
46 18 0 3.0
326 12 0 2.75
129 25 0 2.0
197 18 0 3.25
327 15 0 3.0
69 13 0 2.5
237 29 0 3.75
298 8 0 2.5
161 27 0 2.0
144 12 0 3.5
241 28 0 3.0
92 28 0 2.5
5 25 0 3.0
240 27 0 3.0
308 4 0 2.25
268 28 0 2.25
104 60 0 3.75
147 30 0 3.0
175 22 0 2.25
275 13 0 2.75
188 15 0 2.75
232 21 0 2.75
91 29 0 3.25
77 12 0 2.25
74 14 0 3.75
214 14 0 4.0
96 6 0 4.0
230 1 0 3.5
57 9 0 3.5
303 18 0 2.25
273 3 0 3.25
265 25 0 3.5
87 2 0 2.75
5 5 0 3.0
298 17 0 4.0
313 4 0 3.75
27 19 0 3.75
183 7 0 3.25
218 20 0 3.0
354 3 0 3.75
277 4 0 2.75
39 30 0 3.0
112 8 0 3.5
18 5 0 3.5
3 28 0 2.75
220 13 0 3.5
27 18 0 3.75
323 20 0 2.75
26 30 0 3.75
98 1 0 3.75
201 18 0 3.0
245 1 0 2.5
31 30 0 2.75
219 28 0 2.5
168 6 0 2.75
251 2 0 3.5
115 30 0 2.5
296 19 0 2.25
51 22 0 2.75
221 18 0 2.0
328 55 0 2.75
340 12 0 2.5
285 30 0 2.25
95 27 0 2.5
245 2 0 2.75
175 17 0 2.5
281 4 0 2.25
144 24 0 3.75
48 12 0 3.0
28 20 0 3.75
312 8 0 3.0
20 24 0 3.5
307 19 0 3.25
289 14 0 2.5
97 18 0 3.5
80 12 0 3.0
179 5 0 3.75
318 24 0 3.25
293 14 0 3.25
275 7 0 2.5
216 15 0 4.0
148 9 0 3.25
85 26 0 3.5
265 29 0 2.5
231 12 0 3.25
308 29 0 2.25
39 8 0 4.0
5 47 0 2.5
288 29 0 3.5
156 18 0 3.0
29 16 0 2.5
121 11 0 2.0
244 25 0 4.0
77 1 0 2.5
10 17 0 3.0
163 1 0 4.0
276 9 0 3.25
271 6 0 3.75
103 2 0 4.0
156 25 0 2.5
214 6 0 3.25
178 5 0 3.0
79 20 0 4.0
338 5 0 2.25
59 12 0 3.0
312 3 0 3.5
110 11 0 3.5
36 13 0 3.5
111 21 0 3.25
287 34 0 3.0
78 13 0 4.0
91 12 0 3.5
122 23 0 2.25
67 8 0 2.25
201 17 0 2.25
93 9 0 3.25
19 9 0 2.75
28 12 0 3.25
190 19 0 3.5
38 16 0 3.25
249 8 0 2.5
61 22 0 3.0
101 1 0 3.75
325 1 0 3.25
55 12 0 4.0
174 24 0 3.25
177 15 0 2.75
320 11 0 2.75
108 25 0 3.75
222 4 0 3.25
227 22 0 3.0
119 21 0 3.75
336 25 0 3.0
243 26 0 3.5
192 17 0 4.0
134 26 0 3.75
326 0 0 4.0
263 0 0 2.0
160 27 0 2.25
150 21 0 2.5
84 10 0 2.25
197 24 0 2.25
37 27 0 3.0
216 2 0 4.0
133 46 0 3.0
182 1 0 4.0
337 20 0 3.25
269 8 0 4.0
175 30 0 2.5
6 15 0 3.5
26 19 0 3.25
36 4 0 2.0
248 14 0 4.0
260 8 0 2.5
74 26 0 3.75
123 7 0 3.0
276 24 0 2.25
154 0 0 3.5
322 26 0 2.5
234 23 0 3.75
320 11 0 2.5
186 4 0 4.0
275 6 0 2.25
159 4 0 4.0
241 6 0 2.5
34 21 0 3.0
75 4 0 2.0
166 20 0 3.0
283 15 0 2.0
22 10 0 2.25
243 18 0 2.0
157 27 0 2.0
343 17 0 3.0
228 15 0 2.5
101 27 0 3.25
266 17 0 3.75
100 22 0 4.0
215 6 0 2.5
261 5 0 3.5
209 16 0 2.25
223 18 0 2.5
293 21 0 4.0
238 4 0 2.0
108 13 0 2.0
67 0 0 4.0
175 24 0 2.75
156 11 0 2.5
147 30 0 4.0
266 21 0 2.75
251 23 0 3.25
295 9 0 3.0
190 23 0 2.0
207 21 0 3.0
65 15 0 2.25
355 23 0 2.75
71 7 0 2.5
258 11 0 3.75
131 9 0 2.75
13 5 0 2.5
331 5 0 2.0
125 5 0 3.5
176 53 0 2.0
16 7 0 3.0
273 6 0 3.25
233 13 0 3.75
350 17 0 3.0
29 11 0 2.0
90 14 0 2.0
274 2 0 3.5
283 0 0 3.0
359 19 0 3.75
73 7 0 2.0
96 7 0 3.0
322 25 0 4.0
109 14 0 3.5
145 1 0 3.75
4 23 0 3.0
31 2 0 4.0
341 0 0 3.25
289 21 0 3.75
123 20 0 2.0
60 13 0 3.0
54 7 0 2.25
41 5 0 3.25
63 4 0 2.75
228 20 0 2.75
305 23 0 4.0
110 9 0 2.0
154 13 0 3.75
54 13 0 2.5
214 18 0 3.0
17 20 0 2.5
114 7 0 4.0
231 27 0 2.25
332 30 0 2.25
115 8 0 4.0
101 9 0 4.0
75 17 0 3.25
77 13 0 3.0
276 10 0 3.75
344 15 0 3.0
82 15 0 3.5
126 25 0 2.5
16 2 0 3.0
122 5 0 3.5
29 17 0 4.0
340 16 0 3.75
324 6 0 2.25
250 1 0 3.5
146 20 0 3.75
36 26 0 3.25
180 12 0 4.0
192 12 0 4.0
222 12 0 3.25
9 25 0 2.0
187 12 0 2.25
297 28 0 3.5
141 22 0 3.5
263 39 0 3.0
111 28 0 3.75
261 9 0 2.75
265 2 0 3.25
196 12 0 3.75
339 2 0 2.0
92 11 0 3.75
96 25 0 2.25
318 10 0 4.0
81 6 0 3.0
343 46 0 4.0
339 14 0 3.25
8 22 0 3.25
6 22 0 3.75
0 0 0 3.75
281 17 0 4.0
347 7 0 3.0
90 3 0 3.5
216 15 0 2.0
7 7 0 2.5
67 9 0 3.25
49 11 0 4.0
39 15 0 3.75
174 29 0 3.0
199 2 0 3.0
193 6 0 2.5
124 25 0 3.25
320 19 0 3.75
252 22 0 2.0
164 9 0 4.0
302 11 0 2.25
346 25 0 3.75
327 4 0 2.75
19 5 0 3.5
200 8 0 2.5
42 7 0 2.25
158 4 0 2.0
87 25 0 3.5
82 5 0 2.5
199 12 0 3.75
175 21 0 3.75
14 0 0 3.25
4 4 0 4.0
285 16 0 3.75
304 10 0 2.0
53 26 0 2.75
326 21 0 2.75
176 15 0 3.75
195 30 0 2.75
209 21 0 4.0
136 10 0 2.0
82 26 0 3.5
121 26 0 2.25
228 16 0 2.0
59 24 0 3.5
157 30 0 3.75
132 20 0 2.75
72 0 0 3.75
63 14 0 3.25
254 24 0 2.75
2 18 0 2.25
174 19 0 3.75
229 17 0 2.0
81 20 0 3.5
23 10 0 3.75
133 2 0 2.25
332 43 0 3.0
342 30 0 2.5
197 28 0 2.75
80 28 0 3.75
353 7 0 2.75
266 4 0 2.0
26 29 0 2.25
126 10 0 2.25
100 20 0 3.0
200 8 0 3.0
46 3 0 2.0
192 27 0 3.5
95 0 0 2.25
88 1 0 4.0
293 0 0 3.5
230 12 0 2.5
257 28 0 3.0
90 43 0 2.5
273 7 0 4.0
36 17 0 3.25
39 18 0 2.25
198 4 0 3.0
81 28 0 3.5
305 0 0 2.5
124 26 0 3.5
194 39 0 2.75
48 22 0 3.0
19 12 0 2.5
340 6 0 3.25
263 8 0 2.0
320 4 0 3.0
11 2 0 2.25
257 24 0 2.5
329 14 0 2.25
161 20 0 3.0
58 8 0 2.0
231 27 0 3.75
104 1 0 2.25
82 4 0 3.5
163 6 0 2.75
25 5 0 4.0
219 18 0 3.25
242 11 0 4.0
221 22 0 2.5
72 9 0 3.0
190 30 0 3.25
229 7 0 3.0
271 3 0 4.0
14 9 0 3.25
219 26 0 2.75
320 1 0 3.5
350 17 0 2.0
124 5 0 2.0
211 17 0 4.0
53 17 0 2.0
38 26 0 2.25
312 18 0 2.75
205 0 0 2.0
147 5 0 3.5
156 13 0 2.0
262 30 0 3.0
256 20 0 3.25
265 15 0 3.25
19 0 0 3.5
148 10 0 2.5
167 1 0 3.25
305 14 0 4.0
241 30 0 2.75
8 1 0 3.5
226 19 0 3.0
250 10 0 4.0
65 4 0 4.0
57 20 0 2.0
120 8 0 3.75
211 11 0 3.75
352 5 0 2.75
16 2 0 2.75
279 25 0 3.5
316 3 0 4.0
84 16 0 2.5
64 53 0 3.5
80 20 0 3.0
162 7 0 3.75
187 16 0 3.75
166 4 0 4.0
113 19 0 2.75
116 1 0 3.25
157 40 0 3.75
131 5 0 2.0
124 5 0 3.5
338 0 0 3.5
192 26 0 2.75
293 2 0 2.25
57 1 0 3.25
300 27 0 4.0
358 8 0 2.0
26 24 0 2.75
77 29 0 3.5
101 9 0 2.25
296 29 0 2.75
12 11 0 2.25
349 0 0 2.5
98 13 0 2.75
78 1 0 3.5
234 11 0 4.0
322 4 0 2.75
261 1 0 3.0
185 21 0 2.5
283 1 0 2.25
199 6 0 3.5
259 8 0 2.0
324 4 0 3.75
24 11 0 2.5
312 4 0 3.75
190 11 0 4.0
182 8 0 4.0
170 6 0 3.75
52 3 0 3.5
356 23 0 3.75
35 28 0 3.75
222 19 0 3.75
241 19 0 3.75
254 12 0 3.25
230 30 0 3.5
23 5 0 2.0
290 26 0 3.5
80 19 0 3.75
180 9 0 2.5
6 16 0 2.0
298 14 0 2.25
39 19 0 3.25
23 17 0 2.25
87 17 0 3.5
147 15 0 2.5
69 8 0 3.0
234 29 0 4.0
88 27 0 3.75
347 19 0 3.75
148 26 0 3.0
169 24 0 3.25
163 2 0 2.5
129 25 0 3.25
356 11 0 2.25
146 2 0 2.0
101 2 0 4.0
42 13 0 3.25
91 1 0 4.0
247 2 0 3.25
57 14 0 2.0
86 27 0 2.0
125 3 0 2.75
293 9 0 3.5
2 1 0 2.0
345 11 0 3.5
150 13 0 2.0
325 4 0 2.0
18 21 0 2.5
102 17 0 3.25
237 20 0 3.75
125 19 0 3.0
106 0 0 3.75
104 6 0 2.75
49 7 0 3.25
126 4 0 2.75
68 35 0 3.75
332 4 0 3.0
15 1 0 2.5
303 13 0 3.25
264 9 0 2.0
48 1 0 2.5
114 13 0 2.5
40 18 0 4.0
216 26 0 2.5
66 3 0 2.5
342 15 0 2.5
190 27 0 2.0
161 14 0 2.0
342 2 0 2.5
94 1 0 3.5
210 0 0 2.25
166 14 0 4.0
308 29 0 2.5
167 21 0 3.75
335 20 0 3.75
266 28 0 4.0
20 11 0 2.5
53 22 0 3.25
147 17 0 3.5
267 21 0 2.25
78 28 0 2.0
332 30 0 3.5
80 30 0 3.5
71 19 0 3.75
297 21 0 2.0
157 20 0 4.0
259 10 0 2.75
221 8 0 2.25
353 11 0 3.0
251 23 0 2.75
120 8 0 2.75
42 8 0 3.75
82 14 0 2.0
32 4 0 2.0
180 20 0 3.5
285 15 0 2.75
326 2 0 3.75
207 27 0 2.0
154 21 0 2.0
0 22 0 2.75
271 6 0 2.75
116 27 0 2.0
149 8 0 3.0
153 6 0 4.0
354 30 0 3.5
270 13 0 3.0
270 7 0 2.75
183 25 0 2.5
33 22 0 2.0
194 9 0 3.25
164 27 0 2.25
227 28 0 2.5
175 3 0 2.25
291 28 0 4.0
31 0 0 2.0
9 27 0 2.5
326 26 0 2.5
231 27 0 2.75
214 1 0 2.0
333 0 0 4.0
295 3 0 3.0
196 1 0 2.0
21 0 0 3.25
95 29 0 3.0
99 30 0 2.75
153 53 0 3.25
274 25 0 2.0
4 4 0 2.0
324 20 0 2.75
7 27 0 2.75
141 60 0 3.25
307 1 0 2.25
327 23 0 2.25
236 13 0 2.25
58 19 0 3.75
162 21 0 3.5
110 6 0 3.5
318 19 0 4.0
158 15 0 3.75
69 50 0 4.0
343 3 0 2.75
265 30 0 2.0
29 2 0 2.75
66 4 0 2.25
256 10 0 3.25
290 10 0 2.0
160 23 0 2.5
296 25 0 3.25
73 7 0 2.25
347 24 0 3.0
19 21 0 2.5
333 8 0 3.5
244 3 0 4.0
282 20 0 4.0
10 28 0 3.0
243 1 0 3.0
78 12 0 3.0
316 30 0 3.5
154 9 0 2.75
31 8 0 2.5
7 26 0 3.25
240 4 0 3.5
69 14 0 2.25
261 26 0 2.5
66 2 0 3.5
235 23 0 3.25
20 0 0 2.5
303 25 0 3.0
309 30 0 3.0
316 25 0 2.75
282 27 0 2.0
112 2 0 3.25
179 25 0 2.0
308 24 0 2.25
175 29 0 3.75
167 8 0 3.5
334 9 0 2.75
94 3 0 2.0
126 0 0 4.0
354 18 0 2.0
235 14 0 2.75
133 26 0 3.75
282 41 0 3.25
339 15 0 2.25
189 8 0 3.0
293 6 0 3.0
152 20 0 4.0
213 39 0 3.0
11 10 0 2.75
131 8 0 4.0
268 3 0 3.0
74 22 0 3.0
101 30 0 2.25
330 9 0 2.25
260 12 0 2.25
185 19 0 2.25
135 31 0 2.75
288 6 0 3.25
347 6 0 2.0
352 11 0 3.5
295 15 0 3.25
184 3 0 3.5
307 4 0 2.0
302 27 0 2.75
4 23 0 2.5
232 12 0 3.5
17 21 0 2.75
72 18 0 3.25
63 1 0 4.0
310 1 0 2.5
48 22 0 2.0
185 27 0 3.25
153 12 0 3.25
118 12 0 2.0
35 22 0 3.25
123 1 0 2.75
243 20 0 3.0
70 30 0 2.0
101 2 0 2.25
158 35 0 3.0
280 16 0 3.25
115 7 0 3.25
141 14 0 2.75
5 27 0 3.0
43 19 0 2.0
271 18 0 2.0
84 1 0 3.5
352 11 0 2.75
240 15 0 2.25
36 23 0 4.0
47 10 0 3.25
251 9 0 2.0
84 8 0 2.5
251 2 0 2.5
74 13 0 3.0
67 20 0 2.75
256 10 0 2.0
348 6 0 3.75
242 28 0 3.5
309 13 0 2.75
32 6 0 3.0
69 20 0 3.5
132 18 0 3.75
15 1 0 2.25
304 20 0 2.25
172 4 0 4.0
253 14 0 2.5
340 15 0 3.75
317 5 0 3.25
96 24 0 2.0
280 9 0 3.25
217 11 0 4.0
131 6 0 2.25
158 13 0 2.75
203 14 0 2.25
20 5 0 3.75
186 22 0 3.5
4 28 0 4.0
245 15 0 2.0
175 24 0 4.0
332 30 0 2.5
215 6 0 2.25
202 1 0 3.0
322 22 0 2.5
206 4 0 2.0
329 6 0 4.0
254 29 0 2.5
306 21 0 3.5
72 8 0 2.25
343 0 0 2.5
151 24 0 2.5
295 6 0 2.75
146 27 0 2.5
159 30 0 2.75
108 13 0 2.5
181 1 0 3.5
169 2 0 2.25
228 27 0 3.0
8 21 0 2.5
237 12 0 2.75
270 9 0 3.75
249 13 0 2.25
321 15 0 2.0
2 23 0 2.25
272 7 0 2.0
300 3 0 3.5
257 25 0 2.75
259 26 0 3.0
106 8 0 2.25
289 23 0 2.0
216 29 0 2.25
216 5 0 3.25
358 11 0 2.5
68 7 0 3.0
153 8 0 2.25
294 16 0 2.75
61 2 0 3.5
152 30 0 2.75
264 20 0 3.75
309 18 0 3.0
244 21 0 3.25
271 17 0 2.75
324 15 0 3.5
29 10 0 3.25
58 9 0 2.0
257 14 0 3.25
167 13 0 3.75
185 3 0 2.5
282 9 0 3.25
54 25 0 2.5
243 6 0 3.75
22 4 0 3.25
324 26 0 2.0
84 3 0 3.75
26 10 0 2.0
8 21 0 4.0
305 0 0 2.75
351 2 0 2.0
173 13 0 3.25
251 8 0 2.0
316 1 0 3.25
35 25 0 2.0
65 4 0 3.75
12 19 0 2.0
23 9 0 2.0
21 37 0 3.75
259 8 0 4.0
5 1 0 3.0
290 21 0 3.75
293 10 0 3.5
96 5 0 3.5
308 7 0 3.25
158 3 0 2.25
265 9 0 3.75
253 13 0 3.75
299 26 0 3.0
244 21 0 3.5
13 58 0 4.0
306 16 0 2.25
105 6 0 3.75
25 19 0 2.5
307 4 0 2.25
339 26 0 3.0
156 19 0 3.75
308 10 0 2.5
195 0 0 3.0
11 14 0 2.0
250 13 0 3.25
239 16 0 2.0
315 12 0 3.5
37 21 0 2.0
329 32 0 2.25
1 0 0 3.75
46 20 0 3.5
44 16 0 2.75
203 6 0 3.75
263 23 0 2.75
84 24 0 2.25
154 29 0 4.0
269 2 0 2.5
133 17 0 2.0
37 21 0 2.25
80 19 0 2.0
291 24 0 2.25
220 8 0 2.0
268 25 0 2.25
104 5 0 3.5
320 12 0 2.25
167 20 0 3.75
333 27 0 3.75
304 25 0 3.5
102 12 0 3.25
289 11 0 2.5
106 7 0 4.0
309 24 0 4.0
95 14 0 4.0
21 28 0 2.25
99 20 0 2.0
51 27 0 3.25
126 15 0 2.75
17 5 0 3.75
335 27 0 2.0
51 30 0 4.0
97 3 0 2.5
128 15 0 3.0
57 17 0 3.5
236 7 0 2.75
248 29 0 4.0
347 10 0 2.5
77 20 0 3.5
193 7 0 3.0
126 55 0 2.75
44 22 0 3.25
117 10 0 3.25
53 1 0 3.0
209 20 0 2.5
330 6 0 4.0
79 12 0 2.75
0 18 0 3.25
309 9 0 4.0
153 9 0 2.75
33 48 0 2.75
229 16 0 3.0
217 5 0 4.0
198 20 0 3.75
194 19 0 2.25
86 3 0 4.0
207 19 0 2.75
318 29 0 3.0
255 21 0 2.5
179 20 0 3.25
200 14 0 2.5
36 22 0 3.25
278 7 0 2.0
111 27 0 3.0
254 26 0 4.0
37 6 0 2.0
177 17 0 3.0
139 13 0 2.5
244 17 0 2.0
266 47 0 4.0
53 20 0 2.25
305 5 0 2.75
223 27 0 3.0
72 9 0 3.75
308 0 0 3.25
4 29 0 3.75
321 30 0 3.25
194 25 0 4.0
27 23 0 2.0
212 19 0 2.25
61 30 0 3.0
130 23 0 3.25
79 29 0 4.0
171 21 0 3.25
115 28 0 2.0
272 30 0 3.75
345 15 0 3.5
257 72 0 2.75
74 6 0 3.75
206 6 0 2.75
263 24 0 3.0
14 22 0 3.0
146 4 0 3.75
143 30 0 3.0
202 11 0 3.5
41 8 0 3.0
5 20 0 2.5
68 29 0 3.0
350 18 0 3.25
178 9 0 2.75
316 8 0 2.0
152 21 0 2.5
346 9 0 2.25
55 21 0 3.25
308 0 0 3.0
171 3 0 2.25
255 0 0 3.0
231 27 0 4.0
216 21 0 3.25
2 16 0 3.5
217 19 0 3.25
57 28 0 3.0
7 1 0 3.25
167 5 0 3.0
52 30 0 3.75
208 6 0 2.25
142 17 0 3.5
49 10 0 3.0
142 17 0 3.25
0 19 0 3.5
315 50 0 3.75
5 3 0 2.25
139 12 0 3.0
5 29 0 3.5
87 10 0 3.5
37 51 0 2.75
200 13 0 2.0
238 9 0 3.25
18 36 0 2.5
40 10 0 3.5
132 18 0 3.5
349 29 0 2.75
187 12 0 3.75
90 4 0 2.0
159 49 0 4.0
83 6 0 3.0
51 3 0 2.25
209 15 0 3.75
288 21 0 3.25
50 13 0 3.75
196 13 0 3.25
307 8 0 3.25
206 27 0 2.75
202 10 0 4.0
201 21 0 3.25
196 7 0 2.0
344 17 0 3.0
12 19 0 2.25
259 75 0 2.25
254 19 0 2.0
51 28 0 3.0
201 5 0 3.0
42 12 0 4.0
24 13 0 4.0
285 33 0 4.0
246 10 0 2.25
326 8 0 2.5
156 20 0 4.0
333 29 0 3.75
37 26 0 2.75
312 30 0 3.0
14 25 0 2.5
17 8 0 3.75
36 9 0 2.75
179 28 0 2.0
104 1 0 2.75
157 10 0 3.25
112 24 0 3.0
20 5 0 4.0
94 19 0 2.5
120 19 0 4.0
344 13 0 3.5
147 4 0 4.0
10 4 0 3.25
53 4 0 2.75
272 17 0 2.5
205 14 0 2.75
139 46 0 4.0
269 10 0 2.0
104 0 0 3.0
287 22 0 3.25
86 13 0 3.0
177 15 0 3.25
328 9 0 3.25
173 21 0 2.25
119 5 0 2.75
67 25 0 4.0
23 38 0 2.25
14 23 0 2.0
193 0 0 2.75
266 26 0 2.25
294 30 0 3.0
3 3 0 3.0
133 20 0 2.25
25 24 0 2.5
57 28 0 3.5
200 20 0 3.25
152 59 0 3.0
314 9 0 3.5
45 23 0 3.25
169 8 0 2.0
166 5 0 2.5
77 13 0 3.5
59 6 0 3.5
164 1 0 3.0
335 8 0 2.75
162 12 0 3.75
279 17 0 2.75
89 28 0 4.0
155 0 0 3.75
53 0 0 2.25
282 11 0 3.5
338 19 0 2.0
358 27 0 3.25
328 28 0 2.75
144 7 0 3.75
240 19 0 4.0
204 36 0 3.75
298 24 0 2.25
52 16 0 3.5
201 27 0 2.25
116 12 0 2.75
282 19 0 3.75
238 3 0 3.5
270 19 0 3.25
288 9 0 3.75
297 6 0 2.0
136 15 0 3.75
212 4 0 4.0
99 23 0 3.0
298 21 0 2.5
303 18 0 3.0
182 12 0 3.5
54 17 0 3.25
332 29 0 3.0
71 17 0 3.25
85 30 0 2.25
86 23 0 4.0
224 10 0 2.75
139 9 0 2.0
150 24 0 3.75
6 20 0 2.5
296 23 0 3.0
321 39 0 2.75
71 0 0 2.5
221 4 0 3.75
280 18 0 3.0
353 28 0 2.25
352 8 0 3.0
297 28 0 2.75
303 15 0 4.0
116 9 0 2.5
45 3 0 2.25
232 0 0 2.5
315 29 0 4.0
356 22 0 2.5
317 13 0 3.0
99 19 0 2.0
137 11 0 3.0
319 6 0 2.0
206 3 0 3.25
269 8 0 2.5
231 28 0 3.0
46 8 0 4.0
140 4 0 3.75
201 27 0 3.0
150 14 0 2.5
206 21 0 3.5
110 56 0 2.75
24 20 0 3.25
330 17 0 4.0
273 21 0 4.0
96 17 0 3.75
27 23 0 2.75
209 28 0 3.75
218 19 0 3.5
324 10 0 3.5
162 20 0 3.25
48 25 0 3.75
55 10 0 2.5
159 28 0 3.5
124 16 0 3.25
240 17 0 3.0
257 15 0 3.25
172 30 0 2.0
325 23 0 2.0
21 30 0 3.5
245 16 0 3.75
129 10 0 3.75
204 5 0 3.5
200 28 0 3.0
269 21 0 3.0
29 7 0 3.75
113 10 0 2.5
174 28 0 3.75
306 6 0 2.5
158 11 0 2.5
319 11 0 3.0
289 15 0 3.25
154 12 0 2.5
296 55 0 3.75
164 10 0 2.5
120 2 0 2.5
107 7 0 3.5
117 5 0 2.0
252 12 0 3.75
152 1 0 3.0
305 17 0 3.5
328 25 0 4.0
257 8 0 2.0
235 18 0 3.75
356 24 0 2.0
90 25 0 3.75
280 10 0 2.5
244 2 0 3.75
278 57 0 2.0
115 17 0 3.25
60 5 0 2.5
84 20 0 3.5
4 7 0 3.75
244 10 0 3.25
290 1 0 2.25
288 27 0 2.75
66 3 0 4.0
330 21 0 4.0
67 15 0 2.0
73 29 0 2.5
243 25 0 2.25
215 14 0 2.0
343 30 0 2.0
35 23 0 3.75
292 22 0 3.25
252 5 0 4.0
216 1 0 2.5
356 22 0 3.25
83 24 0 3.0
22 23 0 2.0
65 27 0 2.25
7 1 0 3.5
320 18 0 2.0
267 17 0 3.5
155 19 0 2.25
161 29 0 2.25
76 11 0 2.5
205 26 0 4.0
138 15 0 4.0
156 15 0 2.5
161 20 0 4.0
132 19 0 4.0
231 24 0 2.75
145 22 0 3.0
307 14 0 3.5
318 6 0 2.75
264 18 0 3.75
292 3 0 3.25
315 14 0 3.5
18 50 0 4.0
87 16 0 2.0
16 4 0 4.0
308 23 0 2.5
73 23 0 4.0
319 22 0 2.75
136 5 0 3.0
285 8 0 2.25
34 8 0 3.0
264 7 0 2.25
157 5 0 3.25
1 28 0 2.25
73 30 0 3.5
201 9 0 3.5
1 2 0 2.25
224 19 0 4.0
111 9 0 4.0
145 26 0 2.25
51 24 0 4.0
107 1 0 2.0
43 17 0 3.25
16 17 0 2.25
354 18 0 3.75
80 13 0 3.75
61 21 0 4.0
273 27 0 4.0
312 26 0 3.75
195 11 0 3.25
261 17 0 3.5
113 13 0 2.25
280 24 0 2.25
302 27 0 3.25
229 28 0 2.0
14 2 0 4.0
182 8 0 2.75
102 5 0 2.5
193 9 0 3.25
275 15 0 2.75
0 11 0 2.75
122 29 0 3.75
354 14 0 3.5
341 28 0 2.5
244 20 0 3.75
10 2 0 3.75
284 13 0 3.5
170 20 0 2.5
20 61 0 4.0
49 2 0 3.0
154 2 0 2.5
301 51 0 2.5
16 43 0 4.0
347 0 0 3.25
85 12 0 3.75
114 25 0 4.0
308 28 0 2.0
128 20 0 2.75
145 26 0 3.5
175 28 0 3.5
101 0 0 2.75
20 23 0 3.0
291 23 0 3.5
147 13 0 2.0
23 14 0 2.25
35 10 0 2.0
179 29 0 2.0
153 58 0 2.25
212 20 0 2.5
67 8 0 2.0
218 24 0 2.75
226 26 0 3.5
158 3 0 3.5
333 51 0 2.25
182 25 0 2.5
203 78 0 3.0
41 7 0 3.5
153 30 0 2.75
131 18 0 4.0
232 6 0 3.5
160 24 0 4.0
245 13 0 3.25
153 3 0 2.25
16 11 0 3.25
354 16 0 4.0
101 25 0 3.5
4 12 0 3.25
139 27 0 2.75
129 23 0 3.5
312 21 0 3.0
107 30 0 3.25
24 9 0 3.75
101 63 0 3.5
174 18 0 4.0
308 7 0 2.75
12 14 0 4.0
171 0 0 3.0
344 18 0 3.75
168 9 0 3.5
302 31 0 2.0
243 6 0 3.5
85 6 0 2.0
265 23 0 3.25
345 7 0 3.25
241 9 0 2.25
13 23 0 2.25
301 7 0 2.5
180 29 0 3.5
340 22 0 2.0
123 29 0 3.5
213 27 0 2.5
4 3 0 3.25
122 34 0 2.25
83 18 0 2.75
156 15 0 2.0
178 24 0 2.0
97 18 0 2.25
55 29 0 2.0
25 28 0 2.75
255 21 0 2.25
197 24 0 3.0
358 14 0 4.0
342 2 0 2.25
347 13 0 2.5
9 25 0 3.0
266 0 0 2.0
167 14 0 3.75
340 40 0 2.5
215 25 0 3.5
315 4 0 2.75
55 28 0 2.5
112 11 0 2.5
263 19 0 2.5
156 27 0 2.0
282 9 0 2.25
224 15 0 3.25
178 16 0 3.25
11 16 0 2.25
280 1 0 2.0
242 28 0 3.75
66 30 0 3.25
357 23 0 2.0
165 6 0 3.25
147 18 0 2.0
227 15 0 2.0
54 15 0 2.0
226 1 0 3.25
23 28 0 3.5
81 25 0 3.5
320 8 0 4.0
337 29 0 2.25
166 17 0 4.0
2 13 0 3.75
168 10 0 3.25
275 24 0 3.5
274 29 0 2.5
2 20 0 2.5
63 7 0 2.0
3 6 0 2.0
46 11 0 3.5
224 14 0 2.0
32 7 0 2.75
182 21 0 3.25
105 10 0 3.0
151 22 0 3.5
270 51 0 3.0
343 9 0 2.25
52 21 0 3.0
289 4 0 2.0
184 25 0 2.5
274 2 0 3.0
93 25 0 2.5
213 8 0 2.5
132 0 0 2.0
9 23 0 4.0
292 20 0 3.75
186 24 0 3.0
321 29 0 2.5
223 8 0 3.75
162 11 0 4.0
344 10 0 2.75
93 11 0 2.75
189 49 0 3.25
116 8 0 3.75
300 30 0 2.75
227 14 0 3.0
82 22 0 3.5
273 28 0 4.0
227 17 0 3.0
93 4 0 3.75
165 29 0 3.25
46 11 0 2.75
37 26 0 2.5
25 13 0 3.0
75 15 0 2.25
232 26 0 3.75
173 28 0 2.0
94 13 0 2.75
108 29 0 2.75
137 1 0 2.5
130 19 0 4.0
60 3 0 4.0
170 28 0 4.0
95 24 0 3.5
194 2 0 4.0
229 13 0 3.5
286 11 0 2.75
234 23 0 2.5
301 3 0 3.5
63 14 0 3.0
195 29 0 2.75
236 6 0 2.0
119 6 0 3.5
147 17 0 2.25
74 0 0 4.0
278 22 0 3.25
48 30 0 3.5
87 12 0 2.25
22 25 0 4.0
153 1 0 2.25
119 19 0 3.5
120 9 0 3.0
319 4 0 3.25
210 21 0 2.5
168 18 0 3.25
84 17 0 2.5
233 5 0 4.0
315 7 0 3.5
26 11 0 2.5
319 9 0 2.75
323 0 0 2.5
264 14 0 2.75
170 27 0 2.0
10 28 0 2.5
330 21 0 2.25
123 1 0 2.0
311 0 0 3.75
109 43 0 2.25
188 24 0 2.5
32 22 0 2.75
54 17 0 2.75
306 25 0 3.75
137 37 0 2.5
122 8 0 2.25
70 18 0 2.25
182 24 0 2.5
96 25 0 3.75
263 27 0 3.75
330 2 0 3.75
138 5 0 2.0
297 55 0 2.0
347 26 0 2.75
317 30 0 3.0
53 28 0 4.0
34 25 0 2.0
344 19 0 2.75
260 20 0 3.25
66 12 0 4.0
62 11 0 3.0
36 21 0 2.0
187 25 0 4.0
265 76 0 3.5
84 30 0 2.75
261 25 0 2.5
25 54 0 4.0
355 1 0 3.5
153 18 0 3.25
165 7 0 3.5
355 10 0 2.75
128 28 0 2.75
344 43 0 3.25
140 16 0 2.0
190 11 0 2.25
206 15 0 3.25
124 22 0 2.5
197 26 0 3.75
107 13 0 4.0
259 23 0 2.5
106 10 0 3.0
219 14 0 2.5
33 4 0 3.0
259 12 0 2.25
207 21 0 2.5
296 5 0 3.75
94 24 0 2.25
132 28 0 4.0
94 0 0 2.75
131 12 0 2.75
326 6 0 3.0
156 0 0 2.0
35 29 0 2.75
126 24 0 3.75
84 40 0 3.0
280 18 0 2.25
309 14 0 3.0
114 7 0 3.75
73 18 0 2.75
75 11 0 3.75
269 24 0 2.75
222 25 0 3.25
173 5 0 3.0
321 5 0 3.75
42 27 0 4.0
299 53 0 3.25
167 6 0 3.5
71 52 0 3.0
53 1 0 2.0
172 9 0 2.25
285 6 0 2.0
61 29 0 3.25
139 62 0 2.5
46 20 0 3.0
272 8 0 3.75
61 9 0 4.0
208 4 0 3.0
304 24 0 4.0
234 24 0 3.75
336 7 0 2.5
207 4 0 4.0
133 19 0 2.75
185 9 0 3.75
44 24 0 2.75
140 26 0 2.75
280 15 0 3.5
65 27 0 3.5
286 26 0 2.75
220 18 0 4.0
14 28 0 3.0
26 12 0 3.0
151 1 0 3.5
98 6 0 4.0
94 30 0 3.5
167 21 0 2.0
204 26 0 2.0
355 15 0 2.0
205 26 0 2.0
15 16 0 2.25
167 22 0 3.0
51 12 0 3.5
107 4 0 3.25
142 25 0 3.75
223 25 0 2.75
164 28 0 3.25
163 3 0 2.0
50 19 0 3.25
211 10 0 3.0
354 9 0 2.5
187 26 0 3.0
311 7 0 3.0
92 17 0 2.25
27 13 0 2.5
178 25 0 4.0
141 6 0 4.0
58 2 0 4.0
195 19 0 2.75
295 20 0 4.0
118 18 0 4.0
179 10 0 2.5
2 26 0 3.75
153 15 0 3.75
154 24 0 2.25
41 9 0 3.5
349 29 0 3.75
210 20 0 2.0
168 11 0 2.5
323 26 0 3.5
356 23 0 2.75
136 9 0 3.5
210 18 0 4.0
29 27 0 2.5
63 30 0 3.75
355 24 0 2.0
149 4 0 4.0
83 12 0 4.0
29 6 0 2.25
109 4 0 2.75
323 46 0 4.0
315 8 0 3.75
52 21 0 3.25
70 13 0 2.75
238 50 0 2.5
30 30 0 3.75
29 30 0 2.25
43 5 0 3.5
351 22 0 3.25
257 3 0 3.0
136 12 0 3.0
74 14 0 2.25
43 50 0 2.0
175 15 0 3.5
125 24 0 3.25
358 17 0 2.25
77 28 0 2.0
146 2 0 3.25
328 25 0 2.5
320 12 0 2.5
83 1 0 3.5
57 25 0 3.5
178 13 0 4.0
286 3 0 2.0
312 15 0 4.0
78 26 0 2.75
37 7 0 4.0
159 9 0 4.0
53 27 0 3.25
296 2 0 3.75
191 11 0 2.5
310 8 0 2.0
337 6 0 3.25
186 17 0 2.0
195 0 0 3.75
191 5 0 3.0
228 14 0 3.75
248 29 0 2.75
210 32 0 3.25
178 14 0 3.5
352 21 0 2.0
121 14 0 3.25
167 16 0 3.5
266 7 0 3.0
103 10 0 3.0
266 76 0 4.0
341 12 0 3.25
66 25 0 3.25
231 3 0 2.5
80 13 0 2.0
175 26 0 3.5
29 28 0 2.5
183 2 0 3.75
41 18 0 3.0
20 1 0 3.25
141 17 0 2.5
74 28 0 2.75
291 25 0 2.75
326 24 0 3.75
195 18 0 2.75
122 23 0 2.0
150 1 0 3.75
282 18 0 2.25
16 34 0 4.0
165 6 0 2.0
133 7 0 3.5
244 28 0 3.75
265 15 0 3.0
55 18 0 4.0
207 36 0 3.5
232 24 0 3.0
57 2 0 3.0
100 47 0 2.5
197 10 0 2.25
164 21 0 3.5
255 12 0 4.0
86 4 0 3.0
109 10 0 3.0
170 17 0 3.5
280 17 0 4.0
297 2 0 4.0
34 29 0 3.25
228 26 0 3.75
261 6 0 2.25
29 17 0 3.75
357 21 0 4.0
191 29 0 3.5
227 11 0 3.25
102 10 0 2.25
234 11 0 2.25
325 9 0 3.25
135 26 0 3.0
46 1 0 3.5
44 15 0 2.0
348 4 0 2.5
51 8 0 3.5
12 29 0 4.0
216 7 0 3.0
69 18 0 4.0
274 30 0 2.5
141 10 0 3.5
28 14 0 3.75
116 15 0 2.25
160 52 0 2.25
169 8 0 2.5
20 5 0 3.0
3 3 0 3.5
266 12 0 2.0
138 0 0 3.75
252 2 0 2.5
199 29 0 3.0
226 11 0 4.0
318 6 0 4.0
345 0 0 3.25
67 27 0 3.5
25 13 0 3.5
110 3 0 3.0
281 25 0 2.0
245 26 0 3.75
100 1 0 2.5
312 18 0 4.0
35 9 0 3.75
165 0 0 3.75
179 21 0 3.25
300 19 0 2.75
173 29 0 3.5
204 20 0 2.25
134 25 0 2.5
272 47 0 2.25
236 25 0 2.0
332 10 0 3.5
257 21 0 3.75
269 21 0 3.5
275 11 0 2.5
354 27 0 3.0
202 3 0 3.75
60 20 0 3.75
141 6 0 2.5
138 43 0 2.5
237 25 0 3.5
36 7 0 3.0
230 22 0 3.0
238 12 0 4.0
252 1 0 4.0
64 19 0 3.75
60 0 0 2.25
309 24 0 2.0
54 10 0 3.75
214 26 0 3.5
5 18 0 4.0
54 13 0 3.0
157 3 0 3.25
273 20 0 4.0
193 54 0 4.0
326 41 0 3.25
181 21 0 3.5
236 18 0 2.25
254 0 0 2.25
51 21 0 2.0
280 21 0 2.0
2 6 0 2.0
94 0 0 3.25
240 10 0 2.25
222 25 0 3.75
27 20 0 2.25
344 4 0 3.0
157 2 0 3.25
248 27 0 2.75
85 47 0 2.0
63 21 0 3.5
351 21 0 2.25
190 25 0 3.5
236 21 0 3.75
177 68 0 2.75
284 19 0 2.75
340 3 0 2.5
182 25 0 2.0
353 0 0 3.5
71 4 0 2.5
183 30 0 2.5
347 30 0 2.0
201 26 0 2.75
338 13 0 3.25
196 22 0 3.25
355 27 0 3.75
313 1 0 3.75
317 21 0 2.5
26 10 0 3.25
288 28 0 2.75
6 20 0 3.0
255 10 0 2.25
51 11 0 2.25
260 23 0 2.25
288 11 0 3.25
133 28 0 3.0
229 8 0 3.25
259 28 0 2.5
215 27 0 3.25
195 15 0 3.25
216 10 0 3.75
172 14 0 2.75
96 5 0 2.0
176 30 0 2.5
0 7 0 4.0
102 2 0 3.25
142 16 0 3.25
328 24 0 2.75
122 22 0 4.0
351 28 0 2.25
59 23 0 2.25
91 11 0 2.0
73 13 0 3.0
58 26 0 2.5
112 19 0 2.0
54 19 0 4.0
102 7 0 3.25
315 14 0 3.0
313 0 0 2.0
37 17 0 3.0
25 22 0 3.0
81 15 0 2.5
159 9 0 2.25
276 13 0 4.0
225 24 0 3.25
212 24 0 3.5
325 6 0 3.25
147 13 0 3.75
0 19 0 2.0
338 16 0 4.0
204 26 0 2.25
288 19 0 4.0
207 4 0 3.75
252 20 0 2.75
155 9 0 2.75
211 6 0 2.25
92 47 0 4.0
44 18 0 4.0
18 16 0 3.0
268 14 0 3.5
168 29 0 2.0
21 4 0 2.5
48 3 0 3.5
285 10 0 2.5
0 7 0 2.25
135 3 0 2.75
0 20 0 2.25
55 19 0 4.0
224 4 0 2.75
291 26 0 3.0
49 5 0 3.25
215 17 0 2.5
72 17 0 2.5
305 29 0 3.25
191 28 0 2.25
350 7 0 2.25
329 3 0 2.0
248 28 0 3.5
119 15 0 3.75
181 12 0 3.25
226 12 0 2.5
323 9 0 3.25
231 23 0 3.75
151 1 0 2.75
300 30 0 4.0
231 9 0 3.75
211 14 0 3.25
129 24 0 4.0
203 8 0 3.0
319 4 0 2.25
130 1 0 3.25
262 18 0 3.75
128 0 0 3.5
286 19 0 3.25
311 27 0 2.5
330 7 0 2.75
304 6 0 2.5
91 1 0 3.5
61 13 0 2.25
284 20 0 2.25
99 11 0 3.5
127 28 0 3.75
240 24 0 3.0
177 24 0 3.25
220 13 0 4.0
332 16 0 2.5
81 20 0 2.0
225 13 0 3.75
250 40 0 3.5
177 28 0 2.5
284 1 0 2.75
195 1 0 3.0
257 3 0 3.5
192 0 0 3.5
285 12 0 2.75
104 28 0 2.0
18 11 0 3.75
235 20 0 2.75
38 27 0 3.75
116 25 0 3.0
214 28 0 2.5
327 28 0 4.0
185 30 0 3.25
347 14 0 2.5
322 60 0 2.25
23 1 0 3.5
27 20 0 2.5
204 18 0 3.75
23 22 0 4.0
218 21 0 2.25
166 1 0 2.0
62 28 0 2.25
50 4 0 2.75
36 20 0 2.25
154 10 0 3.0
255 12 0 2.25
256 6 0 4.0
64 13 0 2.75
98 14 0 2.0
265 16 0 2.0
345 17 0 2.0
118 1 0 2.5
163 28 0 3.5
326 47 0 2.5
309 3 0 4.0
69 22 0 3.0
146 18 0 3.25
190 19 0 3.75
304 15 0 2.0
71 26 0 3.25
325 13 0 3.25
256 23 0 3.75
201 12 0 2.5
60 4 0 4.0
206 1 0 2.75
196 20 0 2.0
337 9 0 3.0
208 6 0 2.5
101 14 0 2.0
98 15 0 2.0
129 10 0 3.5
298 15 0 3.75
259 53 0 2.0
338 19 0 3.75
185 12 0 3.5
63 13 0 3.0
166 0 0 3.25
301 16 0 2.0
160 15 0 3.25
20 0 0 2.25
309 25 0 3.0
113 19 0 2.0
51 4 0 2.5
70 28 0 4.0
117 6 0 3.5
323 11 0 3.0
284 21 0 2.0
94 50 0 3.75
15 5 0 3.0
262 20 0 3.0
135 6 0 3.75
86 7 0 3.75
12 8 0 2.0
36 20 0 3.5
49 1 0 2.75
236 25 0 3.25
333 9 0 2.5
239 23 0 2.25
232 7 0 2.75
323 8 0 3.75
41 24 0 2.0
224 22 0 3.0
252 17 0 3.25
63 7 0 2.5
260 28 0 3.0
152 19 0 3.5
119 17 0 2.0
186 6 0 3.25
5 10 0 3.5
238 24 0 3.75
81 12 0 2.0
245 29 0 2.25
129 28 0 2.0
1 7 0 3.5
118 15 0 2.75
252 18 0 2.75
199 25 0 3.75
107 26 0 3.75
110 8 0 3.5
359 13 0 4.0
288 15 0 2.75
148 10 0 2.75
234 16 0 2.25
93 35 0 2.0
37 3 0 3.5
298 8 0 3.0
102 19 0 3.75
311 23 0 2.75
337 6 0 3.5
265 9 0 2.0
230 13 0 3.25
3 3 0 2.0
172 27 0 2.5
186 6 0 3.75
50 15 0 2.0
10 19 0 3.5
72 10 0 2.75
109 17 0 3.75
242 20 0 4.0
250 25 0 2.5
207 29 0 2.0
242 14 0 2.0
192 40 0 3.5
275 23 0 3.25
19 22 0 2.75
331 14 0 3.75
41 2 0 3.25
242 30 0 2.0
306 3 0 2.75
240 29 0 3.5
299 16 0 3.5
187 22 0 3.5
189 4 0 2.75
254 18 0 3.0
258 1 0 3.0
315 20 0 2.5
241 25 0 3.0
126 2 0 2.75
289 22 0 2.25
59 3 0 2.25
135 1 0 2.25
82 12 0 3.5
124 6 0 2.75
2 9 0 2.0
356 26 0 2.5
103 17 0 2.75
156 29 0 3.25
188 15 0 2.0
312 29 0 3.25
35 15 0 2.5
205 1 0 3.25
26 10 0 2.5
108 9 0 2.0
338 18 0 4.0
35 5 0 3.5
74 10 0 2.5
308 20 0 4.0
218 4 0 2.0
227 0 0 4.0
3 3 0 4.0
76 11 0 2.0
36 3 0 2.25
180 9 0 3.25
91 29 0 2.25
147 21 0 3.5
271 6 0 3.25
67 12 0 2.25
299 10 0 4.0
177 3 0 3.0
103 21 0 2.0
318 23 0 2.25
104 23 0 3.75
253 17 0 3.25
343 27 0 3.75
0 24 0 3.75
155 19 0 2.0
43 1 0 3.5
164 8 0 2.5
309 23 0 2.25
93 20 0 2.75
297 12 0 3.25
273 18 0 2.25
277 1 0 2.5
217 2 0 3.5
66 6 0 4.0
88 11 0 2.25
349 15 0 3.0
325 28 0 3.5
222 16 0 3.0
148 15 0 3.5
62 17 0 2.5
298 20 0 3.0
93 24 0 3.75
321 20 0 3.5
309 4 0 3.75
233 26 0 2.5
274 1 0 2.5
10 34 0 4.0
345 14 0 3.0
151 27 0 2.0
351 62 0 2.0
16 8 0 2.25
108 6 0 3.75
143 18 0 2.25
164 6 0 2.0
223 5 0 3.75
90 20 0 3.25
320 14 0 3.25
329 17 0 4.0
316 5 0 3.0
67 10 0 3.5
173 1 0 2.0
198 1 0 3.25
242 19 0 4.0
69 0 0 3.0
310 18 0 2.75
236 5 0 2.5
200 27 0 3.75
89 2 0 2.0
134 8 0 2.5
169 19 0 3.25
297 17 0 3.0
277 6 0 2.75
177 11 0 3.5
53 23 0 2.75
274 13 0 3.0
64 25 0 3.5
130 28 0 2.0
182 30 0 4.0
194 17 0 2.5
167 11 0 4.0
220 11 0 3.5
272 23 0 3.75
25 18 0 2.75
225 31 0 2.5
292 19 0 2.75
214 11 0 3.5
158 25 0 2.0
324 22 0 3.75
262 13 0 2.75
33 6 0 2.75
127 23 0 3.25
147 11 0 4.0
310 3 0 4.0
192 27 0 4.0
254 4 0 2.0
288 11 0 4.0
289 29 0 3.75
275 22 0 3.25
94 23 0 3.75
147 3 0 2.0
147 25 0 2.75
262 25 0 2.75
285 29 0 2.5
107 5 0 2.0
16 27 0 3.0
297 2 0 3.25
343 13 0 3.0
59 6 0 2.5
294 21 0 4.0
90 29 0 3.0
164 24 0 4.0
310 19 0 2.25
356 1 0 2.5
38 29 0 3.0
292 1 0 4.0
158 16 0 2.0
265 36 0 3.0
0 2 0 4.0
357 22 0 2.5
46 7 0 3.25
15 16 0 2.5
152 8 0 2.0
311 13 0 3.5
255 8 0 3.5
335 26 0 4.0
107 7 0 3.0
12 6 0 2.0
180 7 0 2.25
353 51 0 2.5
268 18 0 3.5
184 11 0 2.75
187 32 0 4.0
110 26 0 3.25
112 26 0 3.75
191 29 0 3.0
337 13 0 3.5
188 11 0 3.25
326 20 0 2.75
126 16 0 2.75
288 23 0 3.5
14 30 0 2.5
156 14 0 2.25
119 23 0 2.75
200 4 0 3.25
237 4 0 2.25
168 3 0 2.5
235 36 0 2.25
229 14 0 2.75
63 16 0 2.75
248 19 0 4.0
76 6 0 3.25
201 22 0 3.25
336 25 0 2.5
38 20 0 3.75
312 7 0 3.5
359 6 0 3.0
85 18 0 4.0
219 42 0 3.5
130 3 0 3.5
115 25 0 3.0
11 15 0 4.0
3 21 0 4.0
294 14 0 3.5
34 16 0 3.75
125 22 0 2.0
329 5 0 2.25
4 27 0 2.25
324 18 0 3.75
179 6 0 2.5
85 6 0 3.0
123 26 0 3.25
69 21 0 3.25
73 13 0 4.0
233 29 0 2.5
99 31 0 3.0
122 3 0 3.0
93 15 0 3.25
231 3 0 3.75
114 16 0 3.25
350 10 0 3.75
156 12 0 4.0
49 21 0 2.75
133 26 0 2.75
323 27 0 2.5
134 10 0 2.25
133 19 0 4.0
98 18 0 2.0
332 10 0 4.0
60 30 0 2.75
119 27 0 2.5
37 10 0 3.75
351 26 0 4.0
359 16 0 3.5
116 19 0 2.5
282 11 0 3.75
344 12 0 3.75
26 15 0 3.5
5 2 0 2.5
95 3 0 2.0
186 28 0 2.25
72 25 0 3.0
310 0 0 2.5
238 14 0 2.25
245 1 0 2.75
253 21 0 2.0
130 14 0 2.75
359 22 0 3.25
149 6 0 4.0
137 27 0 3.0
167 20 0 4.0
164 27 0 2.5
347 74 0 2.75
260 6 0 4.0
114 23 0 3.25
187 28 0 2.5
272 25 0 3.75
178 30 0 3.0
309 15 0 2.25
92 23 0 3.75
251 29 0 2.25
98 33 0 3.5
146 15 0 3.5
298 70 0 3.75
264 17 0 2.25
168 19 0 2.5
336 29 0 2.5
185 7 0 2.75
328 12 0 4.0
255 25 0 2.0
2 19 0 2.0
96 13 0 3.5
142 4 0 2.75
280 29 0 3.5
238 54 0 3.0
309 9 0 2.0
83 2 0 2.5
161 2 0 2.0
184 21 0 2.5
210 13 0 2.5
326 8 0 4.0
63 14 0 2.5
342 0 0 2.75
94 22 0 2.25
301 5 0 2.5
296 13 0 3.0
341 1 0 4.0
304 3 0 2.5
246 16 0 2.0
173 17 0 2.25
165 9 0 2.25
47 16 0 2.5
279 26 0 3.25
251 17 0 3.25
55 11 0 3.5
190 6 0 2.5
303 21 0 3.5
186 7 0 3.25
266 17 0 3.0
238 25 0 2.75
266 22 0 3.5
286 30 0 2.25
321 22 0 2.0
267 16 0 2.0
70 26 0 2.5
76 10 0 3.5
204 9 0 2.5
355 23 0 3.25
312 5 0 3.25
258 16 0 2.25
103 23 0 3.25
341 15 0 2.25
323 7 0 4.0
301 28 0 3.0
333 29 0 3.25
261 21 0 3.5
57 27 0 2.5
230 27 0 4.0
273 0 0 4.0
161 3 0 3.0
61 10 0 3.75
61 16 0 2.0
80 29 0 2.5
9 27 0 2.25
166 27 0 3.5
63 23 0 2.5
76 9 0 2.0
150 11 0 2.0
304 8 0 2.5
281 1 0 2.75
281 11 0 3.75
332 8 0 2.5
100 2 0 2.25
192 16 0 3.75
350 16 0 2.0
343 5 0 2.0
342 16 0 3.75
322 1 0 2.0
14 74 0 3.75
29 17 0 2.5
169 2 0 3.0
83 7 0 2.5
296 4 0 2.25
46 3 0 3.75
7 7 0 3.25
291 8 0 3.5
311 24 0 3.5
244 16 0 3.5
334 6 0 2.25
227 13 0 2.5
357 0 0 2.5
326 22 0 3.75
138 5 0 2.25
191 28 0 3.0
347 57 0 3.25
68 16 0 3.75
191 27 0 2.75
161 2 0 3.25
134 6 0 3.5
118 1 0 4.0
37 1 0 2.5
25 10 0 2.25
234 0 0 3.5
70 30 0 2.5
55 6 0 2.0
249 17 0 2.25
7 26 0 4.0
269 22 0 2.75
12 3 0 2.0
239 23 0 3.25
275 27 0 2.25
339 29 0 4.0
104 5 0 3.75
43 12 0 2.5
140 54 0 3.0
340 1 0 3.0
309 3 0 2.5
177 13 0 2.0
128 1 0 2.75
230 3 0 2.25
353 24 0 2.25
68 18 0 3.0
24 20 0 2.75
49 53 0 4.0
143 15 0 2.75
194 20 0 3.25
24 19 0 3.75
111 24 0 4.0
65 27 0 2.0
297 28 0 2.25
103 24 0 3.75
302 23 0 3.25
310 8 0 2.75
40 27 0 2.25
160 20 0 2.0
321 2 0 2.0
141 0 0 3.75
39 38 0 4.0
160 26 0 3.25
168 9 0 4.0
82 29 0 2.75
225 22 0 3.25
314 26 0 2.25
146 25 0 3.25
11 10 0 2.25
241 2 0 2.5
129 2 0 2.5
343 27 0 3.0
111 20 0 3.25
205 22 0 3.0
21 19 0 3.75
238 14 0 3.0
2 19 0 2.25
108 26 0 2.25
210 22 0 2.75
244 23 0 4.0
204 16 0 3.75
323 24 0 2.5
177 5 0 4.0
61 23 0 3.5
301 29 0 4.0
126 3 0 3.5
79 25 0 4.0
31 23 0 2.75
74 6 0 4.0
235 20 0 4.0
126 56 0 3.75
232 1 0 3.25
95 22 0 3.75
198 26 0 3.0
176 5 0 3.5
173 10 0 2.75
66 24 0 4.0
1 0 0 3.0
33 3 0 3.0
268 9 0 2.25
12 3 0 3.5
244 1 0 3.5
139 43 0 3.5
142 3 0 2.0
292 3 0 4.0
295 6 0 3.75
110 14 0 2.75
334 20 0 3.0
33 36 0 2.25
138 7 0 2.0
243 29 0 2.25
16 5 0 2.25
344 11 0 3.75
259 58 0 3.0
127 18 0 3.25
261 23 0 3.75
346 13 0 3.0
223 27 0 3.75
287 35 0 3.75
298 19 0 2.75
122 0 0 3.5
238 30 0 4.0
32 14 0 2.5
234 7 0 2.0
104 43 0 2.75
243 13 0 2.25
315 29 0 3.0
336 10 0 3.75
169 15 0 2.75
243 10 0 2.75
310 21 0 3.75
3 24 0 3.0
61 12 0 3.5
300 49 0 2.25
313 0 0 3.5
169 22 0 3.5
116 23 0 2.25
226 13 0 2.25
319 20 0 2.5
243 13 0 3.5
110 15 0 3.25
325 30 0 2.25
314 29 0 2.75
175 27 0 4.0
72 27 0 3.5
156 72 0 2.5
53 19 0 3.25
128 1 0 4.0
275 10 0 2.0
108 4 0 2.25
331 14 0 3.0
88 20 0 3.5
80 7 0 3.0
145 25 0 2.0
274 22 0 3.5
62 2 0 2.25
125 26 0 4.0
19 17 0 3.5
24 14 0 3.5
323 18 0 3.25
297 17 0 2.0
231 4 0 3.25
240 12 0 2.25
300 28 0 4.0
195 27 0 2.25
125 23 0 3.0
171 30 0 3.25
260 43 0 3.25
137 2 0 2.5
4 20 0 2.75
72 22 0 2.25
17 67 0 4.0
253 3 0 3.75
28 5 0 2.75
188 6 0 3.25
18 15 0 2.25
235 4 0 2.0
79 11 0 4.0
11 2 0 2.5
105 0 0 2.5
0 0 0 3.5
11 12 0 3.0
355 4 0 3.25
115 5 0 3.5
35 13 0 3.75
86 8 0 3.5
5 12 0 2.75
1 1 0 2.25
320 30 0 2.75
61 12 0 2.0
359 10 0 4.0
165 2 0 2.75
276 15 0 3.25
163 9 0 3.25
118 28 0 2.5
17 11 0 3.0
31 23 0 3.75
19 25 0 2.75
236 10 0 4.0
107 3 0 3.5
248 17 0 2.0
33 30 0 2.0
2 24 0 2.0
195 30 0 3.0
6 15 0 4.0
59 0 0 2.25
259 26 0 2.5
246 12 0 2.0
335 4 0 4.0
122 8 0 2.75
329 20 0 2.5
110 22 0 4.0
38 23 0 2.0
92 41 0 2.0
342 7 0 2.75
23 12 0 3.75
223 0 0 2.75
50 13 0 2.25
6 14 0 4.0
24 29 0 2.25
61 24 0 2.0
271 11 0 3.75
55 6 0 3.5
47 15 0 3.25
325 19 0 2.0
255 15 0 3.5
312 13 0 3.25
75 16 0 3.0
112 30 0 2.75
62 4 0 3.5
89 2 0 2.5
185 13 0 4.0
95 21 0 2.5
77 3 0 2.0
136 20 0 3.75
114 1 0 3.5
350 5 0 3.75
237 13 0 3.0
274 47 0 2.75
226 25 0 4.0
226 1 0 2.5
253 13 0 2.0
15 42 0 3.5
44 18 0 3.5
351 10 0 2.25
264 21 0 3.5
358 0 0 4.0
20 23 0 3.25
67 7 0 2.0
358 30 0 2.25
302 27 0 2.25
182 22 0 3.25
172 2 0 3.0
285 0 0 2.75
234 4 0 3.0
161 7 0 3.75
214 28 0 3.5
284 21 0 3.25
91 25 0 2.5
235 25 0 2.25
157 1 0 3.0
84 1 0 2.25
356 16 0 3.25
303 9 0 2.25
351 29 0 2.0
123 17 0 3.25
284 15 0 2.75
279 23 0 2.25
184 15 0 2.75
245 24 0 2.5
121 29 0 2.25
340 18 0 2.5
56 23 0 2.75
54 21 0 2.5
16 23 0 2.0
165 8 0 3.25
194 2 0 3.25
132 23 0 3.5
252 17 0 4.0
86 30 0 2.0
41 10 0 2.5
118 1 0 2.75
183 1 0 3.75
85 23 0 3.25
130 13 0 3.25
39 23 0 4.0
189 18 0 3.5
278 22 0 4.0
276 15 0 2.5
54 8 0 2.75
209 4 0 2.0
112 47 0 3.25
216 3 0 4.0
110 30 0 3.5
13 23 0 2.5
131 7 0 3.0
330 8 0 3.25
145 26 0 3.0
356 10 0 3.25
8 21 0 3.5
204 29 0 3.75
159 8 0 2.0
213 25 0 3.0
241 18 0 3.0
116 24 0 2.5
85 14 0 3.75
103 4 0 4.0
274 8 0 3.75
24 16 0 3.5
35 6 0 2.25
294 0 0 4.0
257 29 0 3.5
134 7 0 3.0
29 9 0 3.0
137 3 0 3.0
286 10 0 2.0
318 8 0 2.75
227 7 0 3.0
191 19 0 3.0
209 2 0 3.75
108 30 0 2.75
354 29 0 3.75
18 4 0 3.5
204 0 0 3.25
148 7 0 3.5
191 17 0 2.0
318 9 0 2.75
180 20 0 2.0
282 1 0 3.5
136 28 0 4.0
79 8 0 4.0
301 23 0 2.75
119 18 0 3.25
201 20 0 3.75
297 29 0 2.0
72 30 0 2.75
205 9 0 2.0
78 22 0 2.5
75 32 0 3.5
28 58 0 2.25
280 2 0 2.25
251 38 0 3.0
241 18 0 3.75
325 19 0 4.0
141 26 0 3.25
103 3 0 2.25
138 8 0 2.5
312 25 0 3.25
100 2 0 3.0
273 2 0 2.5
207 21 0 3.5
61 0 0 2.5
346 6 0 2.0
73 23 0 2.5
46 27 0 3.0
133 9 0 3.25
181 12 0 2.5
213 44 0 3.5
234 23 0 3.25
150 12 0 3.75
287 15 0 2.0
338 4 0 2.75
92 15 0 2.75
138 7 0 3.5
229 6 0 2.5
282 9 0 2.75
63 8 0 3.0
95 18 0 2.0
156 4 0 3.5
293 4 0 4.0
292 12 0 2.5
73 19 0 2.5
290 8 0 3.75
93 15 0 2.25
191 24 0 3.5
31 22 0 2.75
215 2 0 4.0
76 20 0 2.0
232 46 0 2.0
137 21 0 3.75
215 6 0 2.0
70 6 0 3.5
44 0 0 2.25
228 14 0 2.25
200 21 0 4.0
149 2 0 3.0
192 18 0 2.25
206 26 0 3.75
317 15 0 4.0
354 15 0 2.0
48 5 0 3.0
54 7 0 3.75
252 29 0 3.5
230 10 0 2.5
206 7 0 3.5
336 6 0 3.0
242 20 0 2.5
291 22 0 3.25
273 22 0 2.75
160 4 0 2.5
346 6 0 3.5
287 22 0 2.5
107 20 0 2.5
6 26 0 3.75
218 26 0 2.75
141 17 0 2.75
278 4 0 4.0
200 29 0 3.0
358 29 0 3.75
265 11 0 3.25
47 9 0 3.0
55 19 0 3.0
55 3 0 2.25
55 30 0 3.75
64 14 0 3.5
270 1 0 4.0
57 19 0 2.75
44 8 0 2.0
316 18 0 2.0
66 13 0 2.75
302 18 0 3.5
344 14 0 2.25
124 23 0 2.25
127 20 0 3.0
217 13 0 2.5
221 3 0 3.0
59 27 0 2.0
116 37 0 4.0
89 28 0 2.5
288 19 0 2.0
332 2 0 3.75
126 12 0 2.75
71 26 0 2.5
191 1 0 3.25
321 18 0 4.0
206 3 0 3.5
325 15 0 2.25
7 15 0 2.5
171 48 0 2.25
176 5 0 2.0
321 21 0 2.0
231 22 0 3.25
76 30 0 3.5
335 21 0 3.0
57 0 0 4.0
163 0 0 2.25
128 5 0 3.5
29 8 0 2.0
269 1 0 3.5
188 10 0 4.0
98 30 0 2.0
314 26 0 2.5
247 8 0 3.75
244 15 0 2.25
19 6 0 2.75
355 11 0 3.0
211 31 0 4.0
142 20 0 2.75
314 12 0 3.0
84 12 0 2.0
121 24 0 2.25
128 10 0 3.5
155 12 0 4.0
133 3 0 2.5
151 12 0 2.75
182 19 0 3.0
331 1 0 4.0
255 14 0 4.0
72 7 0 2.0
331 4 0 2.75
351 9 0 2.5
301 11 0 3.75
2 12 0 3.5
248 6 0 2.25
82 5 0 2.75
203 6 0 3.5
297 4 0 3.25
307 11 0 2.75
245 13 0 3.75
310 28 0 2.25
309 7 0 2.75
10 5 0 3.5
23 13 0 3.25
320 9 0 2.75
51 25 0 3.75
144 13 0 3.25
132 29 0 2.5
74 35 0 4.0
37 24 0 2.25
175 25 0 4.0
186 3 0 3.5
211 8 0 3.5
167 11 0 3.5
5 20 0 3.25
66 23 0 2.75
59 17 0 2.75
40 21 0 2.75
308 7 0 4.0
24 4 0 2.75
28 25 0 4.0
249 6 0 3.0
71 25 0 4.0
283 0 0 3.25
108 3 0 2.25
65 3 0 3.75
76 7 0 2.0
336 17 0 3.5
359 1 0 3.0
198 10 0 2.25
86 24 0 3.5
318 68 0 3.75
112 3 0 2.75
219 7 0 2.25
78 21 0 2.5
220 4 0 2.75
36 14 0 2.75
174 8 0 2.0
78 2 0 2.5
278 6 0 2.25
109 28 0 3.75
57 24 0 3.25
221 27 0 3.0
315 1 0 2.75
88 20 0 3.0
196 26 0 3.75
172 2 0 3.75
96 37 0 3.0
73 25 0 2.0
251 22 0 3.0
238 28 0 3.75
211 2 0 2.0
198 8 0 4.0
11 0 0 4.0
359 19 0 3.5
12 2 0 4.0
179 15 0 2.75
171 21 0 4.0
67 17 0 4.0
317 38 0 3.0
66 5 0 3.0
272 52 0 2.0
176 26 0 3.75
118 29 0 4.0
44 61 0 3.75
168 9 0 2.5
273 34 0 4.0
355 22 0 3.5
253 30 0 3.75
250 21 0 2.0
249 15 0 2.0
64 5 0 3.25
236 4 0 4.0
57 18 0 4.0
250 0 0 3.75
81 26 0 2.25
289 27 0 2.0
87 28 0 3.5
210 33 0 2.5
255 12 0 3.5
111 14 0 2.5
252 14 0 2.25
173 26 0 2.5
77 28 0 2.75
25 12 0 2.0
18 14 0 2.5
61 15 0 2.75
142 24 0 4.0
284 10 0 2.0
286 2 0 2.0
176 3 0 4.0
281 25 0 2.75
20 3 0 3.0
59 18 0 2.0
279 24 0 2.0
68 24 0 3.0
349 29 0 3.25
112 2 0 2.0
306 19 0 3.5
343 0 0 3.75
84 11 0 4.0
153 14 0 3.5
198 18 0 2.25
329 17 0 3.5
27 12 0 3.75
135 7 0 3.0
114 23 0 2.0
21 24 0 3.0
182 16 0 3.25
266 26 0 3.75
220 2 0 2.0
325 21 0 3.25
227 28 0 2.25
198 29 0 2.0
335 17 0 3.75
351 28 0 2.75
261 15 0 2.0
5 11 0 3.25
305 21 0 3.25
19 0 0 2.5
101 2 0 2.0
322 5 0 2.5
227 10 0 2.0
78 7 0 2.5
132 26 0 2.75
254 22 0 2.75
33 5 0 3.5
223 13 0 4.0
214 16 0 2.75
187 26 0 3.75
207 28 0 3.25
221 19 0 3.0
315 29 0 3.75
15 11 0 2.5
195 6 0 2.75
166 21 0 2.25
5 0 0 4.0
45 8 0 3.25
310 9 0 2.5
70 28 0 2.5
205 13 0 2.0
218 28 0 3.5
40 30 0 2.5
156 1 0 2.25
153 22 0 2.25
293 2 0 2.75
327 21 0 3.75
13 16 0 4.0
339 22 0 3.75
146 14 0 2.5
353 18 0 4.0
15 27 0 3.0
340 17 0 3.75
154 12 0 4.0
114 7 0 3.5
342 3 0 4.0
140 9 0 3.0
324 22 0 2.25
83 16 0 3.25
17 29 0 3.25
305 30 0 3.0
55 26 0 2.25
58 15 0 2.5
10 26 0 4.0
47 30 0 4.0
159 22 0 2.25
63 20 0 2.75
315 22 0 2.75
279 25 0 3.75
173 5 0 3.5
237 6 0 3.75
149 1 0 3.5
33 6 0 3.25
203 26 0 3.0
313 5 0 3.75
11 26 0 3.25
333 25 0 3.25
197 6 0 3.5
346 9 0 2.5
18 11 0 4.0
324 5 0 2.0
90 16 0 2.0
302 15 0 2.75
122 26 0 2.75
169 0 0 3.25
185 12 0 2.25
228 9 0 3.0
294 10 0 2.25
282 7 0 2.25
68 0 0 3.5
189 5 0 3.25
140 13 0 2.25
344 25 0 3.5
302 24 0 3.0
196 0 0 2.5
29 15 0 3.5
151 10 0 3.75
131 17 0 3.5
100 19 0 4.0
284 28 0 2.0
109 29 0 4.0
91 21 0 4.0
118 16 0 2.5
225 23 0 4.0
53 18 0 2.0
211 12 0 2.75
31 23 0 2.25
195 2 0 4.0
345 28 0 3.25
264 12 0 2.75
86 7 0 3.0
26 8 0 4.0
334 14 0 3.25
352 28 0 2.25
247 20 0 4.0
110 2 0 3.75
22 26 0 3.75
58 8 0 3.25
229 23 0 4.0
244 14 0 3.75
282 26 0 3.25
248 20 0 2.5
274 9 0 2.25
275 3 0 3.75
143 23 0 3.5
356 47 0 3.25
314 22 0 2.0
282 27 0 2.75
41 18 0 2.25
345 9 0 2.5
201 2 0 3.0
69 47 0 2.0
20 19 0 2.25
54 3 0 4.0
139 28 0 3.5
224 14 0 2.75
274 20 0 2.0
313 2 0 2.5
190 26 0 3.0
112 22 0 3.75
121 26 0 4.0
105 1 0 3.25
210 16 0 2.25
359 5 0 2.25
233 18 0 2.5
358 17 0 4.0
204 16 0 3.5
299 44 0 2.25
166 2 0 3.0
253 12 0 3.75
151 21 0 4.0
340 2 0 3.0
56 14 0 2.75
19 1 0 2.5
215 21 0 4.0
173 30 0 4.0
163 22 0 3.75
150 25 0 3.25
281 26 0 2.25
266 0 0 3.25
97 15 0 2.0
190 30 0 2.75
134 25 0 3.75
306 4 0 4.0
27 21 0 2.75
328 19 0 2.0
113 3 0 3.0
183 25 0 2.0
12 3 0 2.5
70 12 0 2.25
26 13 0 4.0
325 29 0 2.0
28 24 0 4.0
164 30 0 3.25
242 9 0 2.5
92 9 0 2.0
30 6 0 2.0
324 6 0 2.5
320 3 0 2.25
108 48 0 3.0
281 17 0 3.5
252 24 0 3.25
304 11 0 2.0
256 15 0 2.0
20 3 0 2.25
217 24 0 2.5
73 7 0 3.5
176 26 0 2.25
201 10 0 2.75
174 16 0 3.0
144 17 0 2.25
327 20 0 2.5
74 30 0 3.5
349 2 0 4.0
248 6 0 3.25
215 3 0 2.5
226 23 0 3.25
314 30 0 4.0
84 28 0 4.0
294 13 0 3.75
341 7 0 3.5
102 51 0 4.0
273 17 0 3.0
186 52 0 2.0
48 23 0 2.5
115 20 0 3.25
323 30 0 3.25
168 13 0 2.0
0 1 0 3.0
208 20 0 2.0
50 8 0 3.5
87 27 0 2.25
275 20 0 3.0
319 28 0 4.0
183 18 0 3.0
323 26 0 3.25
232 3 0 3.25
64 14 0 4.0
30 9 0 3.25
225 6 0 2.5
220 19 0 2.0
145 30 0 4.0
189 21 0 2.25
91 7 0 3.25
349 11 0 3.5
104 2 0 4.0
189 13 0 2.0
320 11 0 3.75
45 28 0 2.75
311 4 0 3.25
327 11 0 3.75
47 25 0 2.25
182 9 0 2.0
4 7 0 2.25
94 2 0 3.25
175 23 0 3.5
113 20 0 2.0
115 0 0 2.0
47 15 0 2.75
324 1 0 2.75
228 15 0 2.75
170 13 0 4.0
265 18 0 2.25
151 22 0 2.75
241 29 0 3.75
42 28 0 2.75
17 8 0 3.5
235 24 0 3.75
68 3 0 3.75
343 0 0 3.25
231 8 0 2.5
34 3 0 3.5
311 0 0 3.5
95 11 0 2.75
67 7 0 4.0
227 2 0 3.75
329 5 0 2.75
16 19 0 2.25
162 28 0 2.0
21 8 0 2.75
253 8 0 4.0
18 2 0 3.75
204 7 0 2.75
97 5 0 2.5
344 5 0 4.0
54 20 0 2.0
175 10 0 2.5
52 13 0 3.5
339 25 0 3.25
165 1 0 2.25
217 20 0 3.5
26 16 0 2.0
308 10 0 3.0
0 8 0 3.5
330 27 0 2.0
50 24 0 2.75
276 21 0 2.0
56 41 0 4.0
64 20 0 2.25
171 7 0 2.5
70 21 0 4.0
218 24 0 3.0
334 28 0 2.5
184 26 0 3.75
299 24 0 3.5
286 17 0 2.25
121 60 0 2.25
134 1 0 2.75
278 21 0 2.75
109 8 0 3.75
51 16 0 2.75
225 30 0 3.25
353 3 0 2.5
336 23 0 3.0
339 11 0 2.5
247 13 0 2.5
274 1 0 3.5
197 3 0 2.5
322 25 0 2.75
288 29 0 3.0
94 6 0 4.0
89 27 0 3.0
72 9 0 2.5
335 11 0 2.75
54 6 0 3.5
122 4 0 4.0
101 19 0 3.0
63 10 0 2.75
186 26 0 2.25
8 22 0 2.5
267 29 0 3.25
193 7 0 2.75
215 24 0 4.0
182 5 0 3.75
333 28 0 2.25
309 1 0 2.5
48 12 0 3.75
169 13 0 2.75
288 17 0 3.0
184 13 0 2.75
272 21 0 2.25
25 29 0 3.75
296 25 0 2.5
117 15 0 2.5
205 2 0 2.0
195 14 0 3.25
60 0 0 2.0
7 28 0 2.25
129 27 0 4.0
214 19 0 3.75
87 13 0 2.0
105 11 0 3.0
58 21 0 3.25
186 1 0 3.5
44 11 0 3.5
300 52 0 2.25
228 54 0 2.75
293 29 0 2.5
324 8 0 4.0
105 18 0 3.75
333 22 0 2.5
282 19 0 2.25
258 9 0 2.5
262 6 0 4.0
46 23 0 3.25
107 0 0 2.5
0 19 0 2.75
261 29 0 3.25
354 6 0 2.5
6 23 0 3.75
118 23 0 3.5
123 2 0 2.0
277 29 0 4.0
273 18 0 2.75
330 16 0 2.75
39 18 0 3.25
32 1 0 3.0
47 20 0 3.75
123 76 0 4.0
185 30 0 2.75
209 16 0 2.5
0 27 0 2.5
173 6 0 3.5
295 18 0 2.75
171 19 0 2.5
206 5 0 2.5
66 0 0 3.5
94 12 0 3.5
338 14 0 3.0
0 27 0 2.25
172 32 0 3.75
0 29 0 4.0
4 16 0 2.0
227 18 0 4.0
200 24 0 2.25
340 1 0 2.0
26 0 0 2.25
278 22 0 2.25
234 1 0 3.5
300 17 0 2.0
178 3 0 2.0
277 24 0 3.5
273 2 0 2.25
5 24 0 3.5
305 3 0 2.75
105 7 0 4.0
52 12 0 3.0
198 29 0 3.75
294 16 0 2.5
105 14 0 4.0
231 9 0 4.0
84 77 0 2.0
280 21 0 2.5
40 24 0 4.0
345 1 0 2.75
97 21 0 2.0
270 13 0 3.5
288 21 0 3.75
181 11 0 2.5
137 1 0 4.0
298 41 0 2.75
183 19 0 2.0
125 3 0 3.5
259 23 0 3.75
136 15 0 3.5
235 16 0 2.0
298 23 0 3.25
176 23 0 3.0
160 14 0 2.25
218 3 0 4.0
294 14 0 3.75
342 12 0 2.5
226 0 0 2.75
73 66 0 2.5
142 5 0 2.25
131 13 0 2.25
312 11 0 3.0
179 10 0 3.0
87 10 0 2.75
224 5 0 3.0
74 29 0 3.0
218 1 0 4.0
252 29 0 3.0
193 22 0 3.75
57 28 0 3.25
327 15 0 2.75
71 15 0 3.0
121 0 0 2.25
127 5 0 2.5
263 24 0 3.5
252 16 0 2.25
255 11 0 2.0
195 30 0 2.5
267 18 0 3.75
207 30 0 2.25
82 12 0 2.0
13 5 0 2.0
333 24 0 2.0
170 12 0 3.75
287 23 0 3.75
90 12 0 3.5
313 11 0 2.25
268 25 0 3.25
44 5 0 3.75
342 25 0 2.25
15 2 0 4.0
7 5 0 4.0
221 6 0 2.75
332 14 0 2.25
112 10 0 3.5
168 15 0 3.0
289 17 0 3.25
130 10 0 2.75
335 5 0 2.25
351 23 0 3.75
248 20 0 3.75
98 21 0 3.25
61 27 0 3.5
235 12 0 3.5
230 17 0 2.0
233 12 0 3.25
357 6 0 3.75
98 17 0 2.25
235 25 0 2.0
309 28 0 3.75
209 25 0 2.25
297 0 0 2.25
64 2 0 2.25
185 30 0 3.5
243 23 0 2.5
113 31 0 3.75
304 15 0 3.25
140 45 0 2.5
293 2 0 3.25
292 14 0 2.25
327 51 0 3.0
157 27 0 2.5
244 2 0 2.25
236 5 0 2.25
62 18 0 3.75
87 1 0 3.75
258 24 0 4.0
284 29 0 2.5
37 2 0 2.25
186 13 0 4.0
232 27 0 3.5
100 4 0 2.75
267 23 0 3.5
326 0 0 3.5
313 15 0 2.0
191 29 0 3.25
337 9 0 2.75
78 25 0 3.75
26 1 0 3.75
115 21 0 2.75
116 31 0 2.25
8 14 0 4.0
281 6 0 2.25
201 23 0 3.0
137 15 0 3.25
150 30 0 3.75
299 22 0 3.0
141 9 0 3.0
249 8 0 3.5
351 32 0 2.25
123 26 0 3.0
258 20 0 2.75
227 21 0 3.25
150 25 0 2.0
78 10 0 2.5
5 16 0 2.25
268 7 0 2.25
267 0 0 3.5
271 14 0 3.25
328 21 0 2.0
137 25 0 2.75
188 0 0 3.25
258 27 0 3.25
337 26 0 3.25
346 11 0 3.5
68 21 0 2.25
181 1 0 3.0
297 25 0 3.75
151 20 0 2.5
62 5 0 3.0
303 17 0 2.0
356 29 0 3.75
149 13 0 4.0
288 19 0 3.0
210 17 0 2.0
150 29 0 2.5
231 28 0 3.5
75 19 0 2.75
204 9 0 3.0
130 30 0 3.5
72 24 0 3.0
333 17 0 3.25
232 3 0 4.0
197 26 0 3.5
231 2 0 4.0
60 27 0 3.5
95 5 0 2.5
117 25 0 3.75
58 22 0 3.0
237 16 0 2.0
47 22 0 2.25
24 23 0 3.75
42 16 0 3.25
205 27 0 2.0
269 15 0 2.75
70 22 0 4.0
222 25 0 2.75
13 2 0 2.25
169 23 0 2.5
307 7 0 3.75
295 18 0 3.75
58 5 0 4.0
163 8 0 3.0
213 15 0 2.5
27 20 0 2.0
19 9 0 3.0
253 15 0 3.75
12 5 0 3.5
113 7 0 3.5
358 27 0 2.0
69 9 0 2.75
245 4 0 2.25
288 18 0 4.0
22 22 0 2.75
33 12 0 3.75
61 25 0 2.25
72 4 0 3.75
167 30 0 4.0
83 8 0 3.5
267 7 0 2.5
331 18 0 3.25
93 19 0 3.25
80 29 0 2.75
176 24 0 4.0
139 11 0 2.0
129 5 0 2.75
323 18 0 2.25
148 6 0 4.0
70 60 0 4.0
196 0 0 2.25
205 14 0 3.5
216 25 0 3.0
338 3 0 3.0
136 21 0 2.0
259 14 0 2.75
287 21 0 2.25
12 30 0 2.0
216 26 0 2.25
190 5 0 3.75
359 23 0 2.25
51 29 0 3.75
107 11 0 2.75
33 22 0 3.25
286 28 0 2.5
64 46 0 3.25
151 3 0 2.5
302 23 0 4.0
356 7 0 3.25
11 7 0 3.5
301 28 0 2.0
133 22 0 3.25
263 18 0 2.25
249 0 0 4.0
201 2 0 3.75
169 28 0 2.75
2 12 0 3.75
108 2 0 3.25
201 46 0 3.25
346 8 0 4.0
167 24 0 2.5
256 12 0 2.75
19 17 0 2.0
301 1 0 3.0
324 23 0 2.5
155 26 0 3.0
89 30 0 3.0
79 30 0 3.0
247 28 0 3.75
107 11 0 2.0
78 18 0 3.0
251 25 0 2.0
6 11 0 2.75
198 0 0 3.25
153 44 0 2.5
255 14 0 2.25
349 19 0 2.5
336 17 0 2.25
246 15 0 3.0
104 30 0 2.0
215 9 0 3.0
34 27 0 3.25
274 24 0 4.0
43 13 0 3.25
153 9 0 2.25
192 12 0 2.0
216 7 0 3.75
54 23 0 3.75
66 11 0 2.75
0 19 0 2.5
85 13 0 3.25
34 17 0 3.5
275 28 0 3.0
245 24 0 3.25
256 27 0 2.75
304 7 0 4.0
305 0 0 3.5
324 30 0 3.75
290 12 0 2.25
94 3 0 3.5
273 26 0 4.0
84 21 0 2.25
270 24 0 2.75
165 18 0 2.75
152 3 0 3.0
310 17 0 2.0
287 39 0 2.0
289 30 0 3.5
219 19 0 3.5
95 27 0 3.0
143 20 0 3.25
105 25 0 2.5
301 19 0 2.5
2 8 0 4.0
276 35 0 4.0
91 37 0 2.0
334 20 0 4.0
293 29 0 3.5
261 15 0 2.25
245 6 0 4.0
301 27 0 2.0
342 8 0 2.75
128 28 0 2.25
294 18 0 2.5
356 12 0 4.0
175 5 0 3.25
230 10 0 2.0
142 19 0 2.0
39 27 0 2.25
183 13 0 3.0
250 23 0 2.0
252 19 0 2.5
302 10 0 3.25
354 11 0 3.5
91 16 0 2.5
156 24 0 3.0
154 20 0 2.25
77 22 0 3.75
111 11 0 2.25
150 30 0 2.25
135 9 0 2.0
169 5 0 2.5
66 30 0 3.0
331 12 0 2.0
141 26 0 4.0
225 3 0 2.75
328 8 0 3.75
207 26 0 2.75
313 26 0 3.0
236 59 0 3.0
280 25 0 3.25
312 9 0 2.0
263 7 0 3.25
293 1 0 3.5
333 15 0 3.5
240 1 0 2.25
202 23 0 2.5
256 7 0 2.5
1 8 0 4.0
298 4 0 2.25
288 1 0 3.5
83 16 0 2.0
76 29 0 3.75
358 27 0 3.0
19 60 0 2.5
239 29 0 2.0
281 16 0 3.5
338 20 0 3.75
300 27 0 3.0
143 14 0 3.0
56 23 0 2.0
65 0 0 2.25
303 4 0 2.5
115 13 0 2.5
256 27 0 3.5
94 11 0 2.5
240 19 0 3.5
325 15 0 2.5
64 24 0 3.0
195 20 0 3.0
150 32 0 2.0
278 25 0 3.0
136 75 0 2.25
27 29 0 2.75
236 9 0 4.0
178 22 0 4.0
106 20 0 2.5
195 19 0 2.5
342 24 0 2.0
183 13 0 3.75
31 9 0 3.0
294 7 0 2.25
306 12 0 2.25
292 4 0 3.25
356 25 0 3.0
22 21 0 2.0
29 6 0 3.25
224 9 0 2.25
32 8 0 2.5
1 12 0 3.5
121 30 0 3.25
137 27 0 2.0
119 3 0 2.75
307 18 0 3.5
251 21 0 2.5
34 15 0 3.5
310 24 0 2.5
162 26 0 4.0
41 29 0 2.25
146 14 0 4.0
113 2 0 2.5
176 7 0 3.25
5 24 0 2.5
73 10 0 3.5
283 17 0 2.75
210 1 0 2.25
101 25 0 3.75
299 10 0 2.5
195 8 0 3.5
191 9 0 2.5
183 26 0 3.5
327 6 0 2.5
228 7 0 2.75
160 0 0 3.5
143 3 0 3.25
351 9 0 2.0
152 15 0 3.75
126 16 0 4.0
276 8 0 4.0
148 25 0 3.25
153 20 0 4.0
158 4 0 2.5
119 29 0 2.75
312 6 0 2.75
7 21 0 3.0
127 18 0 3.0
39 15 0 2.25
265 20 0 3.25
260 26 0 2.75
113 1 0 3.5
100 21 0 3.5
20 64 0 4.0
240 2 0 2.0
61 18 0 2.75
165 28 0 4.0
329 13 0 4.0
158 22 0 2.5
77 18 0 3.5
143 6 0 2.75
0 28 0 2.75
105 20 0 2.75
185 20 0 3.0
170 0 0 3.25
36 4 0 2.25
275 18 0 2.5
39 18 0 2.75
359 19 0 2.0
129 19 0 4.0
94 10 0 2.0
34 3 0 4.0
76 16 0 4.0
151 0 0 2.75
235 28 0 2.5
170 4 0 2.25
225 20 0 2.0
133 26 0 3.25
180 4 0 3.0
177 26 0 4.0
73 7 0 2.5
139 25 0 4.0
170 17 0 2.75
329 4 0 4.0
3 4 0 3.75
47 6 0 2.0
349 7 0 2.5
253 29 0 2.5
349 7 0 3.75
228 21 0 2.0
93 6 0 3.75
54 12 0 4.0
163 51 0 2.75
234 0 0 3.75
53 30 0 4.0
55 12 0 3.0
177 6 0 2.25
303 12 0 2.75
301 18 0 2.0
359 13 0 3.5
202 24 0 2.75
25 7 0 3.75
322 16 0 2.0
12 23 0 3.5
102 11 0 3.25
180 0 0 2.0
121 33 0 4.0
182 11 0 2.25
76 11 0 3.0
25 14 0 3.0
41 20 0 2.0
46 9 0 3.75
218 25 0 3.75
22 24 0 2.5
8 7 0 2.0
266 6 0 2.75
315 15 0 2.25
240 1 0 2.75
176 27 0 2.25
354 21 0 3.0
42 21 0 2.75
71 17 0 3.0
32 10 0 2.25
79 28 0 4.0
127 22 0 3.5
126 7 0 2.0
170 25 0 3.25
70 8 0 2.0
291 18 0 3.25
299 11 0 3.75
171 9 0 2.5
336 15 0 2.5
320 7 0 3.5
186 29 0 2.0
5 25 0 3.75
336 14 0 3.0
335 4 0 3.0
249 22 0 3.25
121 19 0 3.5
35 27 0 3.5
30 12 0 3.0
350 9 0 3.75
64 26 0 3.0
29 14 0 2.0
0 10 0 2.0
259 20 0 2.5
7 23 0 3.0
42 1 0 3.75
99 16 0 3.25
189 28 0 3.25
247 30 0 4.0
120 30 0 4.0
289 13 0 3.5
346 1 0 2.25
82 9 0 3.25
66 13 0 3.5
177 16 0 3.5
272 24 0 2.25
328 5 0 2.0
89 10 0 3.25
127 5 0 4.0
308 29 0 3.25
223 26 0 2.25
299 24 0 3.0
275 4 0 2.75
321 1 0 3.75
102 10 0 2.75
56 8 0 4.0
178 23 0 3.5
329 28 0 4.0
247 18 0 2.0
178 5 0 4.0
235 33 0 3.5
210 27 0 4.0
101 21 0 2.75
356 25 0 4.0
84 24 0 3.0
27 20 0 3.0
148 1 0 2.5
51 19 0 2.75
129 15 0 2.0
314 2 0 2.25
169 1 0 2.0
353 9 0 3.0
223 7 0 3.0
137 22 0 3.25
359 18 0 2.5
294 9 0 4.0
358 19 0 2.25
248 1 0 2.0
17 41 0 4.0
260 18 0 2.5
32 30 0 3.25
295 29 0 2.75
143 25 0 3.5
22 0 0 3.5
265 7 0 3.0
134 16 0 2.25
299 0 0 2.5
298 20 0 2.0
340 32 0 4.0
37 26 0 4.0
24 13 0 3.25
317 27 0 3.25
124 17 0 4.0
257 6 0 2.0
302 29 0 2.25
179 26 0 2.5
110 11 0 3.25
301 18 0 2.25
101 3 0 2.5
8 18 0 2.5
329 25 0 3.5
341 20 0 3.5
116 40 0 2.5
63 30 0 2.75
297 23 0 3.5
184 21 0 2.75
210 9 0 2.0
171 4 0 3.5
168 47 0 3.75
279 17 0 3.0
283 18 0 2.75
13 24 0 2.0
232 19 0 2.25
280 20 0 4.0
336 17 0 2.0
256 13 0 3.0
42 23 0 3.5
292 23 0 4.0
138 25 0 4.0
147 54 0 4.0
322 5 0 3.0
181 22 0 3.25
356 42 0 2.5
105 24 0 3.25
215 19 0 2.25
