252 20 0 3.75
81 5 0 2.0
18 26 0 3.5
259 23 0 2.75
186 17 0 2.75
9 30 0 2.0
327 18 0 3.25
308 9 0 4.0
342 57 0 2.75
296 10 0 3.5
321 27 0 3.75
111 21 0 2.5
222 30 0 3.25
343 27 0 2.25
347 19 0 2.5
241 19 0 3.0
87 25 0 2.0
10 25 0 2.75
288 4 0 4.0
338 23 0 2.0
79 29 0 3.5
152 30 0 3.25
144 19 0 2.25
228 7 0 2.0
45 20 0 4.0
19 5 0 3.5
79 3 0 3.0
259 26 0 2.25
46 9 0 3.25
196 11 0 2.25
126 24 0 2.0
154 13 0 4.0
295 6 0 3.25
61 29 0 3.25
244 19 0 4.0
74 1 0 2.5
257 10 0 3.75
20 6 0 3.25
235 13 0 2.0
183 17 0 2.75
85 1 0 3.5
21 25 0 2.0
260 12 0 2.25
32 21 0 2.0
207 0 0 2.0
342 5 0 4.0
189 10 0 2.5
92 29 0 4.0
145 29 0 4.0
259 28 0 3.75
343 8 0 2.0
345 19 0 3.75
200 43 0 2.5
332 8 0 3.5
302 23 0 4.0
34 16 0 2.0
155 28 0 2.25
214 19 0 4.0
154 27 0 3.75
257 28 0 3.0
19 28 0 3.75
103 9 0 2.0
277 21 0 3.25
350 9 0 2.5
51 22 0 4.0
189 12 0 2.75
81 2 0 2.25
223 21 0 3.75
273 6 0 3.0
135 8 0 3.25
52 24 0 2.75
105 28 0 2.75
28 26 0 3.0
343 2 0 2.75
15 16 0 3.0
71 25 0 3.0
287 27 0 2.75
334 2 0 4.0
188 5 0 4.0
213 25 0 3.5
185 0 0 2.25
87 23 0 3.25
101 24 0 3.0
25 16 0 2.0
116 23 0 3.0
193 20 0 4.0
264 21 0 3.5
70 27 0 4.0
255 1 0 3.0
54 12 0 2.25
359 44 0 3.75
30 23 0 4.0
49 13 0 3.25
147 28 0 3.0
86 5 0 3.25
226 19 0 2.0
108 20 0 2.5
123 13 0 3.5
7 6 0 3.5
23 2 0 2.0
221 3 0 3.5
299 19 0 3.75
216 22 0 3.25
164 16 0 3.0
230 32 0 2.25
342 10 0 2.25
101 2 0 4.0
62 16 0 4.0
165 28 0 3.5
38 4 0 3.0
123 28 0 3.0
291 11 0 4.0
180 14 0 3.5
268 2 0 3.75
0 16 0 3.0
177 14 0 2.0
184 7 0 3.75
357 9 0 3.5
173 2 0 3.75
281 0 0 3.5
347 29 0 2.25
200 6 0 3.75
112 26 0 2.75
97 18 0 3.0
31 16 0 2.75
306 23 0 2.75
25 16 0 3.5
75 10 0 3.5
162 37 0 2.5
348 26 0 2.0
121 4 0 3.0
48 20 0 3.25
22 0 0 4.0
164 4 0 4.0
201 19 0 3.75
200 20 0 3.5
58 1 0 4.0
175 29 0 3.5
148 11 0 3.75
214 9 0 3.0
14 27 0 3.5
245 0 0 4.0
259 29 0 3.5
197 5 0 2.25
77 15 0 3.25
158 9 0 3.25
73 9 0 3.25
292 1 0 2.75
155 28 0 4.0
202 5 0 2.0
241 2 0 4.0
27 23 0 2.0
133 16 0 2.75
329 26 0 2.5
347 18 0 4.0
329 25 0 2.75
301 22 0 2.25
63 7 0 3.0
212 10 0 3.75
334 26 0 3.25
184 45 0 2.5
344 29 0 3.75
356 11 0 2.0
128 24 0 2.5
136 5 0 3.25
82 19 0 2.5
302 22 0 2.75
137 2 0 3.75
110 9 0 3.75
204 27 0 3.5
43 13 0 2.75
74 8 0 2.75
87 25 0 3.75
42 16 0 3.25
36 7 0 2.75
1 3 0 2.0
316 26 0 3.75
146 1 0 2.75
286 27 0 3.5
171 19 0 3.5
247 29 0 2.25
39 28 0 2.25
26 3 0 3.0
183 20 0 3.75
155 27 0 2.5
41 10 0 3.5
120 27 0 2.75
202 10 0 2.25
308 11 0 3.25
82 27 0 3.5
85 13 0 2.5
108 7 0 4.0
314 18 0 4.0
359 24 0 3.75
124 3 0 2.25
107 21 0 2.5
4 15 0 3.75
212 14 0 3.0
99 20 0 2.5
326 17 0 3.5
50 13 0 2.75
109 21 0 4.0
165 13 0 3.0
67 14 0 3.75
201 0 0 2.0
129 29 0 3.5
170 6 0 2.75
313 14 0 3.25
34 46 0 3.0
299 26 0 3.5
138 43 0 2.75
216 7 0 4.0
145 26 0 2.25
305 15 0 2.75
264 0 0 2.0
293 15 0 3.25
162 23 0 3.75
183 21 0 3.75
216 26 0 3.25
75 15 0 2.5
196 9 0 3.5
98 19 0 3.0
216 0 0 3.0
356 20 0 2.5
125 9 0 2.5
25 0 0 4.0
137 56 0 3.5
70 19 0 3.5
192 63 0 4.0
30 29 0 3.5
236 4 0 2.0
226 9 0 2.25
237 28 0 4.0
48 0 0 3.0
308 67 0 3.75
322 20 0 3.0
340 23 0 2.5
238 20 0 3.25
30 8 0 3.0
321 29 0 2.25
195 20 0 4.0
155 1 0 4.0
169 27 0 2.0
219 20 0 3.5
122 47 0 4.0
279 4 0 4.0
251 13 0 3.25
33 11 0 3.0
271 21 0 2.75
339 12 0 2.25
105 19 0 2.75
32 26 0 2.25
195 24 0 3.25
287 26 0 3.75
140 12 0 4.0
60 10 0 3.75
16 2 0 4.0
229 11 0 2.75
247 13 0 2.5
252 28 0 3.0
166 4 0 2.5
0 8 0 4.0
305 22 0 2.25
170 14 0 3.75
285 41 0 3.75
258 16 0 2.0
240 7 0 3.25
180 68 0 2.5
6 17 0 4.0
135 8 0 2.75
161 0 0 3.75
253 10 0 3.0
187 10 0 4.0
98 7 0 2.75
306 27 0 3.0
359 10 0 2.75
354 16 0 2.75
195 17 0 2.0
223 30 0 3.75
217 44 0 2.25
18 29 0 3.0
344 11 0 2.5
330 28 0 2.25
232 28 0 3.0
319 21 0 2.75
86 27 0 2.25
285 15 0 2.0
95 26 0 2.0
65 0 0 2.5
148 30 0 2.75
148 15 0 4.0
305 30 0 3.25
344 29 0 2.0
354 20 0 2.5
226 23 0 3.75
151 7 0 2.25
320 3 0 3.75
93 2 0 4.0
129 24 0 3.75
356 7 0 4.0
45 0 0 3.0
14 4 0 3.0
132 9 0 2.0
256 5 0 2.75
356 0 0 3.25
12 1 0 2.0
118 4 0 2.25
275 9 0 2.5
173 21 0 2.5
177 18 0 3.25
186 13 0 2.0
73 29 0 4.0
262 15 0 3.5
276 22 0 2.25
96 24 0 3.25
241 10 0 2.0
141 11 0 3.0
35 10 0 3.25
61 12 0 3.25
70 38 0 2.75
21 7 0 3.75
189 15 0 3.25
17 22 0 3.75
108 2 0 3.0
237 0 0 3.75
324 78 0 3.75
181 25 0 2.75
304 11 0 2.0
41 13 0 3.0
324 0 0 3.75
219 9 0 3.75
215 12 0 4.0
167 12 0 3.5
272 15 0 2.25
164 4 0 3.5
337 43 0 2.75
260 77 0 3.5
21 1 0 3.0
150 12 0 3.75
209 10 0 2.75
243 29 0 2.5
319 20 0 2.0
330 23 0 3.0
101 25 0 4.0
164 5 0 3.5
155 17 0 3.5
172 25 0 2.0
217 17 0 2.75
298 3 0 2.0
70 21 0 3.75
255 2 0 3.75
347 24 0 3.5
158 13 0 2.75
141 19 0 2.5
186 11 0 2.0
117 6 0 2.25
319 25 0 3.5
128 27 0 2.25
340 2 0 3.0
96 6 0 3.75
91 27 0 2.25
42 20 0 3.75
213 27 0 3.5
28 5 0 2.5
183 40 0 3.0
261 24 0 2.5
204 0 0 3.75
218 21 0 2.0
5 16 0 2.5
40 24 0 2.25
12 16 0 2.25
155 7 0 4.0
246 25 0 2.25
340 25 0 2.75
91 18 0 3.5
133 8 0 2.5
236 26 0 3.5
68 13 0 3.25
16 0 0 4.0
64 18 0 3.5
38 13 0 3.0
244 36 0 2.5
320 27 0 2.0
114 17 0 3.0
11 28 0 2.5
304 7 0 3.25
2 1 0 3.5
36 21 0 3.75
241 6 0 4.0
337 1 0 2.25
232 21 0 3.75
310 30 0 4.0
2 6 0 3.75
309 6 0 3.0
212 29 0 2.5
350 19 0 4.0
23 12 0 2.5
174 7 0 3.75
76 27 0 2.25
270 23 0 2.0
73 73 0 2.5
185 29 0 3.0
133 2 0 2.5
241 1 0 2.25
210 18 0 2.0
107 74 0 3.5
30 5 0 3.0
289 15 0 2.5
117 11 0 2.75
356 19 0 3.0
240 22 0 2.25
125 5 0 3.5
172 12 0 3.75
70 30 0 3.5
32 0 0 2.5
67 26 0 3.0
351 8 0 2.75
183 17 0 3.25
90 13 0 3.5
332 19 0 2.5
282 14 0 2.75
303 67 0 3.0
160 13 0 2.0
23 4 0 2.5
199 18 0 2.25
117 16 0 2.5
145 10 0 3.75
166 22 0 3.0
248 19 0 2.0
35 4 0 4.0
251 18 0 3.5
231 20 0 2.5
72 3 0 2.0
149 14 0 3.0
334 18 0 2.75
244 1 0 3.75
130 1 0 3.0
277 11 0 3.5
45 13 0 2.75
4 3 0 3.5
162 11 0 3.5
44 10 0 2.5
254 29 0 3.75
265 4 0 4.0
245 54 0 2.5
252 6 0 3.5
75 28 0 2.75
81 5 0 3.75
27 30 0 2.0
219 29 0 3.25
344 30 0 3.75
233 4 0 4.0
238 12 0 2.75
97 0 0 3.75
68 21 0 4.0
84 15 0 4.0
137 4 0 2.5
314 25 0 2.75
88 24 0 3.25
303 56 0 2.5
13 3 0 4.0
52 2 0 3.25
184 13 0 3.25
284 1 0 3.75
45 15 0 3.0
26 24 0 3.25
255 1 0 2.25
147 69 0 2.0
111 29 0 2.75
193 27 0 2.0
186 12 0 4.0
145 38 0 3.75
19 15 0 4.0
100 3 0 2.25
102 14 0 2.0
115 23 0 3.25
289 10 0 2.5
136 8 0 2.75
296 11 0 4.0
303 8 0 2.5
152 4 0 3.0
266 25 0 4.0
279 29 0 2.75
120 23 0 3.0
191 0 0 4.0
182 59 0 2.0
154 25 0 4.0
14 9 0 2.75
243 0 0 3.5
103 8 0 2.5
225 4 0 2.75
311 9 0 4.0
86 25 0 3.25
228 44 0 3.25
93 28 0 2.25
66 3 0 2.0
132 11 0 4.0
139 10 0 2.5
310 15 0 2.25
296 13 0 3.25
229 4 0 2.5
24 28 0 3.0
243 18 0 3.75
222 19 0 3.5
298 10 0 3.5
346 56 0 2.25
6 26 0 3.5
99 21 0 3.0
356 14 0 3.25
158 12 0 3.75
6 8 0 3.75
173 55 0 2.0
204 13 0 3.25
128 5 0 4.0
273 26 0 3.25
239 10 0 3.75
34 10 0 3.25
163 11 0 3.5
245 27 0 3.75
20 7 0 3.25
129 22 0 3.5
71 34 0 2.5
54 11 0 2.5
41 26 0 2.75
36 29 0 3.0
72 10 0 2.0
331 20 0 3.5
301 26 0 3.0
217 27 0 2.25
116 9 0 3.25
353 7 0 3.0
179 16 0 2.5
241 16 0 2.25
213 8 0 4.0
115 18 0 3.25
21 25 0 4.0
42 27 0 3.25
217 10 0 2.75
184 28 0 2.25
246 19 0 3.75
191 24 0 3.25
284 25 0 2.75
353 30 0 2.5
39 28 0 4.0
129 19 0 2.5
241 1 0 3.0
346 60 0 3.0
177 6 0 3.25
207 22 0 2.5
90 9 0 3.25
161 26 0 3.25
131 11 0 3.5
153 13 0 3.75
322 24 0 2.0
166 15 0 4.0
179 25 0 2.0
207 26 0 2.75
148 4 0 2.0
217 20 0 3.5
292 10 0 3.75
6 10 0 2.25
110 25 0 2.5
240 19 0 3.5
157 10 0 3.25
89 4 0 3.5
149 33 0 2.75
105 10 0 3.5
151 30 0 3.0
330 1 0 2.0
112 17 0 2.0
340 26 0 3.5
184 4 0 2.0
340 22 0 3.5
211 1 0 4.0
350 20 0 2.75
66 12 0 4.0
114 14 0 2.75
133 30 0 3.5
151 17 0 3.25
200 7 0 3.25
177 30 0 2.75
281 8 0 3.25
135 16 0 3.0
79 14 0 3.0
137 15 0 3.25
57 9 0 2.25
168 23 0 3.25
182 0 0 3.25
357 26 0 3.5
181 19 0 2.5
222 10 0 3.5
344 24 0 2.25
37 11 0 2.75
259 15 0 3.25
88 8 0 2.25
49 18 0 3.25
287 12 0 2.75
205 21 0 2.5
79 4 0 2.5
302 15 0 2.25
345 6 0 2.75
192 19 0 2.0
356 23 0 2.25
287 30 0 2.25
140 11 0 2.0
0 28 0 2.0
329 13 0 2.75
110 18 0 2.75
217 24 0 4.0
24 5 0 3.75
108 28 0 2.0
119 21 0 4.0
307 9 0 3.0
43 17 0 2.0
30 11 0 2.0
208 2 0 2.75
255 25 0 2.0
271 19 0 3.5
164 14 0 2.0
243 23 0 3.25
88 21 0 2.5
176 24 0 3.0
31 23 0 3.25
268 25 0 3.75
312 2 0 2.0
22 25 0 3.5
173 3 0 4.0
359 1 0 4.0
226 19 0 3.75
267 1 0 3.25
288 20 0 2.0
323 27 0 2.75
89 7 0 3.25
99 16 0 2.25
169 2 0 2.25
286 18 0 2.0
207 23 0 2.25
351 12 0 2.0
17 15 0 2.75
282 22 0 2.25
23 15 0 3.25
188 2 0 4.0
190 24 0 2.5
359 19 0 3.25
251 23 0 4.0
153 18 0 2.75
93 10 0 3.5
102 23 0 3.25
5 3 0 3.0
277 29 0 2.75
143 26 0 3.75
114 16 0 2.75
42 25 0 2.75
278 27 0 3.0
183 6 0 3.5
203 25 0 2.25
119 13 0 2.5
291 27 0 2.75
87 9 0 2.75
109 25 0 2.5
283 13 0 2.5
73 17 0 3.0
316 29 0 2.25
182 25 0 2.25
175 3 0 2.5
219 17 0 3.25
275 24 0 3.25
25 0 0 2.25
161 18 0 2.75
295 18 0 2.5
132 19 0 3.25
291 23 0 2.75
298 8 0 2.0
97 23 0 3.0
118 9 0 3.0
189 10 0 3.0
316 20 0 4.0
32 29 0 2.5
1 23 0 2.5
153 25 0 3.25
300 0 0 2.25
283 23 0 2.0
332 20 0 3.0
224 16 0 2.5
323 15 0 2.75
283 21 0 4.0
120 25 0 2.25
122 25 0 4.0
176 26 0 2.25
261 30 0 2.75
54 6 0 2.75
197 22 0 3.75
315 2 0 2.75
14 19 0 2.5
105 5 0 4.0
79 26 0 2.75
8 5 0 2.75
161 7 0 2.25
165 25 0 3.25
135 18 0 3.5
111 15 0 3.25
5 7 0 2.5
98 27 0 2.5
38 26 0 3.75
228 15 0 2.25
235 4 0 2.75
90 13 0 3.75
120 30 0 2.75
262 24 0 4.0
304 14 0 3.0
249 2 0 3.5
345 19 0 3.25
314 6 0 4.0
205 10 0 3.75
265 10 0 2.5
202 21 0 2.0
333 1 0 3.75
15 30 0 3.5
211 26 0 2.75
295 30 0 2.75
186 7 0 4.0
180 22 0 2.0
127 50 0 3.0
193 12 0 3.5
6 3 0 3.5
142 14 0 2.0
51 7 0 2.5
113 9 0 3.5
3 2 0 3.25
255 4 0 3.75
45 19 0 3.25
122 15 0 3.75
120 12 0 2.75
63 5 0 3.0
101 4 0 4.0
69 22 0 2.5
345 29 0 3.75
335 22 0 4.0
306 4 0 3.5
65 67 0 4.0
251 12 0 2.75
338 12 0 3.0
129 11 0 3.5
100 19 0 2.5
254 8 0 2.5
281 9 0 2.75
323 6 0 4.0
311 24 0 2.0
209 28 0 3.75
84 12 0 2.0
187 20 0 2.75
259 14 0 2.75
8 2 0 3.25
234 7 0 3.25
178 2 0 2.5
206 5 0 2.5
171 10 0 3.25
288 12 0 4.0
288 26 0 4.0
92 21 0 3.0
354 18 0 2.75
283 19 0 3.0
154 6 0 3.75
74 27 0 2.0
82 11 0 2.25
173 23 0 3.75
259 10 0 2.25
49 10 0 3.5
14 15 0 2.5
243 10 0 3.0
30 10 0 3.25
120 26 0 3.5
53 22 0 4.0
296 22 0 3.75
1 2 0 2.25
120 20 0 2.5
107 6 0 3.5
342 10 0 3.0
327 14 0 2.0
232 25 0 2.75
311 23 0 3.0
293 17 0 2.5
351 8 0 2.0
43 23 0 4.0
285 9 0 2.5
283 25 0 2.5
16 1 0 2.5
222 3 0 3.0
110 10 0 2.0
168 12 0 3.0
205 54 0 3.75
247 13 0 3.5
254 20 0 3.75
196 46 0 2.0
105 2 0 2.25
305 0 0 3.25
340 5 0 2.25
59 1 0 3.25
250 14 0 3.25
214 4 0 4.0
49 15 0 2.75
205 29 0 2.75
42 20 0 3.5
320 1 0 3.5
292 20 0 2.25
277 7 0 2.25
206 11 0 2.25
209 9 0 2.0
297 26 0 2.0
248 18 0 3.5
27 11 0 3.25
198 8 0 2.75
256 7 0 3.25
305 24 0 2.0
292 80 0 2.75
116 25 0 2.75
32 8 0 3.75
257 30 0 3.25
214 17 0 2.25
303 27 0 2.0
234 2 0 2.75
294 25 0 2.75
65 27 0 2.5
346 6 0 2.75
259 13 0 3.5
315 4 0 2.25
59 22 0 4.0
224 26 0 3.5
213 5 0 3.5
300 19 0 3.75
0 2 0 3.75
122 22 0 2.25
171 18 0 2.0
253 27 0 3.25
136 15 0 2.25
284 27 0 4.0
252 20 0 2.75
101 22 0 3.0
45 46 0 3.5
169 4 0 2.5
68 22 0 3.25
247 29 0 3.0
336 55 0 3.75
105 5 0 2.5
165 21 0 3.0
218 5 0 4.0
312 30 0 2.0
136 15 0 2.5
209 4 0 2.5
236 40 0 4.0
0 24 0 2.5
15 12 0 2.5
194 12 0 2.0
71 2 0 2.5
114 15 0 2.75
269 9 0 2.5
219 21 0 2.0
153 20 0 2.5
110 10 0 2.25
167 20 0 3.5
334 9 0 3.75
81 1 0 2.0
292 28 0 2.75
27 26 0 2.0
46 29 0 4.0
231 22 0 2.75
128 14 0 2.5
241 18 0 3.75
197 13 0 2.75
41 0 0 2.25
272 23 0 2.0
327 30 0 3.75
39 22 0 2.0
350 2 0 2.0
18 14 0 4.0
312 59 0 3.25
35 2 0 3.75
157 29 0 3.75
280 9 0 2.25
123 24 0 3.75
33 20 0 3.0
274 5 0 3.75
212 22 0 3.25
213 13 0 3.75
236 56 0 2.5
162 27 0 2.5
53 23 0 2.0
356 6 0 3.5
62 4 0 3.75
48 25 0 3.25
119 29 0 3.25
98 12 0 4.0
341 16 0 3.0
9 18 0 3.0
225 6 0 2.25
289 27 0 3.0
315 25 0 2.25
321 28 0 3.0
351 14 0 2.0
359 28 0 3.25
355 15 0 3.0
28 28 0 3.75
69 24 0 2.75
237 40 0 2.0
111 6 0 2.5
126 31 0 3.5
69 11 0 3.5
244 19 0 2.0
320 12 0 4.0
97 10 0 2.75
25 27 0 3.75
301 22 0 3.0
178 19 0 3.75
197 10 0 3.5
207 18 0 3.75
77 29 0 2.75
120 7 0 3.5
53 0 0 2.75
335 5 0 2.25
47 21 0 2.5
32 7 0 2.0
186 9 0 4.0
250 1 0 3.5
307 30 0 4.0
280 26 0 3.75
341 1 0 3.75
52 26 0 2.75
33 19 0 3.5
277 6 0 3.5
175 26 0 2.25
74 3 0 3.0
36 29 0 4.0
4 19 0 2.75
180 27 0 3.75
350 1 0 3.5
351 20 0 2.5
147 20 0 4.0
13 33 0 2.5
165 22 0 2.75
357 13 0 3.0
189 26 0 2.25
210 18 0 2.25
175 13 0 3.5
234 14 0 3.75
9 17 0 2.75
315 25 0 2.5
24 21 0 2.75
87 21 0 3.25
26 20 0 4.0
211 10 0 3.5
339 2 0 2.25
333 9 0 4.0
196 6 0 2.25
124 19 0 2.75
145 24 0 3.25
0 1 0 2.75
223 29 0 2.25
345 20 0 3.0
249 18 0 2.5
235 10 0 3.0
222 3 0 2.25
115 1 0 4.0
150 18 0 2.75
269 17 0 2.75
343 27 0 3.0
42 12 0 2.25
238 9 0 3.0
272 12 0 3.75
60 6 0 3.0
217 25 0 2.5
106 16 0 3.5
65 26 0 4.0
24 21 0 2.5
274 15 0 4.0
310 27 0 3.25
251 2 0 4.0
355 27 0 2.5
199 16 0 3.5
260 6 0 2.0
289 6 0 2.0
41 19 0 2.75
151 10 0 2.0
334 11 0 2.25
356 21 0 3.0
118 8 0 3.0
146 11 0 2.0
78 6 0 3.0
242 29 0 3.75
18 22 0 3.0
79 5 0 3.0
227 25 0 2.75
65 3 0 3.25
72 10 0 2.75
128 9 0 3.0
312 19 0 3.75
7 22 0 3.5
272 7 0 2.0
118 11 0 3.25
117 17 0 4.0
156 12 0 2.25
232 20 0 2.0
250 7 0 2.5
91 10 0 3.5
85 21 0 3.25
359 17 0 3.0
6 12 0 3.5
24 9 0 2.75
193 8 0 3.25
38 21 0 3.25
250 21 0 2.0
287 28 0 2.0
35 28 0 2.5
219 15 0 2.75
132 8 0 3.5
41 15 0 2.25
233 5 0 3.25
285 20 0 4.0
60 19 0 2.25
97 28 0 3.25
308 9 0 2.5
343 11 0 3.5
318 21 0 2.75
200 21 0 3.75
330 6 0 2.75
59 7 0 4.0
335 44 0 2.0
335 8 0 3.25
154 4 0 2.75
289 28 0 3.0
93 23 0 3.5
157 18 0 3.5
123 12 0 2.75
305 9 0 3.25
78 33 0 2.5
145 4 0 2.75
18 16 0 4.0
306 15 0 3.0
277 14 0 3.5
314 7 0 2.75
16 3 0 2.5
121 22 0 3.0
110 9 0 3.5
123 24 0 2.25
86 18 0 3.75
283 20 0 3.75
324 26 0 2.5
175 7 0 3.75
238 5 0 2.5
351 15 0 2.0
265 26 0 3.0
116 14 0 3.5
314 9 0 3.25
273 26 0 2.0
2 25 0 4.0
198 30 0 3.5
280 28 0 3.25
250 4 0 4.0
233 13 0 2.0
104 2 0 4.0
24 5 0 2.5
104 25 0 2.75
199 29 0 3.0
67 15 0 2.75
95 20 0 4.0
26 6 0 3.25
151 7 0 2.75
148 12 0 2.0
33 10 0 2.75
200 11 0 2.75
79 59 0 3.0
33 4 0 3.0
26 9 0 2.75
310 15 0 3.75
104 23 0 2.75
76 30 0 3.5
298 5 0 3.5
330 29 0 3.0
353 46 0 4.0
310 17 0 2.5
96 19 0 4.0
91 26 0 2.25
313 10 0 2.0
307 7 0 3.0
148 4 0 3.75
102 24 0 4.0
359 0 0 2.5
219 13 0 2.5
221 24 0 2.0
12 10 0 2.75
16 15 0 3.25
95 21 0 3.5
8 29 0 3.25
118 22 0 3.0
172 17 0 3.75
165 20 0 2.0
29 0 0 2.75
347 25 0 3.25
243 28 0 3.25
301 6 0 2.5
24 28 0 2.75
304 29 0 3.5
214 22 0 4.0
328 22 0 4.0
36 10 0 2.25
184 18 0 2.25
99 28 0 3.5
122 6 0 3.25
216 24 0 3.25
138 13 0 3.5
269 21 0 3.5
357 4 0 2.0
189 54 0 3.0
237 12 0 2.25
213 21 0 3.0
305 18 0 3.0
229 26 0 2.75
220 28 0 2.25
308 14 0 2.5
322 3 0 3.0
316 23 0 3.0
291 25 0 2.25
17 16 0 2.5
145 28 0 2.5
46 3 0 4.0
322 26 0 3.5
48 22 0 2.0
215 0 0 3.0
220 0 0 2.25
285 1 0 2.75
330 0 0 2.75
122 61 0 3.5
64 20 0 3.75
354 20 0 4.0
125 23 0 2.5
23 56 0 2.25
251 8 0 2.75
236 25 0 2.25
144 26 0 3.75
315 30 0 2.75
13 20 0 2.0
95 21 0 3.0
78 5 0 2.0
200 5 0 3.25
110 24 0 3.75
1 3 0 3.75
179 18 0 2.5
103 30 0 3.25
213 6 0 3.5
103 26 0 3.5
189 13 0 2.0
199 2 0 3.5
61 14 0 2.25
0 27 0 2.0
328 0 0 2.25
149 9 0 3.0
181 15 0 4.0
228 25 0 2.25
55 16 0 2.5
340 27 0 2.5
85 12 0 3.5
293 25 0 3.25
330 25 0 3.5
63 7 0 3.5
111 13 0 3.5
59 10 0 3.5
288 26 0 3.75
320 13 0 2.5
143 15 0 3.5
130 54 0 3.5
283 10 0 3.75
37 26 0 3.75
34 40 0 4.0
349 12 0 3.5
204 16 0 2.5
209 9 0 2.75
39 8 0 2.0
52 48 0 4.0
107 13 0 3.25
24 38 0 3.5
29 21 0 4.0
76 14 0 3.25
9 4 0 2.0
72 22 0 3.5
280 23 0 3.0
64 79 0 2.5
345 21 0 2.0
183 15 0 4.0
121 0 0 3.5
178 22 0 3.75
223 15 0 3.0
309 8 0 3.25
27 9 0 2.25
59 20 0 3.25
311 12 0 2.25
160 5 0 3.5
317 26 0 2.25
22 27 0 3.75
230 9 0 3.75
190 6 0 3.75
98 22 0 3.75
84 13 0 2.75
134 2 0 4.0
17 6 0 3.0
93 19 0 3.0
235 24 0 2.5
43 27 0 2.5
106 18 0 3.5
236 40 0 3.0
92 16 0 3.75
59 23 0 2.75
209 7 0 3.0
148 0 0 2.0
256 13 0 2.5
335 27 0 3.75
148 8 0 2.25
169 26 0 3.25
262 37 0 3.0
192 24 0 3.75
157 2 0 3.0
229 7 0 3.75
305 27 0 3.0
55 1 0 3.0
25 21 0 2.25
15 19 0 2.25
125 26 0 4.0
54 8 0 2.5
357 6 0 2.5
305 19 0 2.5
353 6 0 2.0
209 8 0 2.25
101 8 0 2.75
122 2 0 3.25
158 11 0 3.0
280 7 0 2.5
279 23 0 2.0
177 27 0 2.25
193 28 0 3.25
217 19 0 3.75
58 25 0 3.75
156 20 0 3.5
212 20 0 2.25
224 1 0 2.0
91 1 0 4.0
276 24 0 4.0
17 22 0 3.0
114 9 0 2.0
84 14 0 2.25
213 13 0 3.0
234 19 0 3.5
252 4 0 3.5
142 39 0 4.0
81 1 0 3.5
70 18 0 2.75
163 18 0 2.75
350 16 0 3.75
239 23 0 2.75
149 18 0 2.0
109 28 0 3.0
350 5 0 3.25
187 16 0 2.25
357 16 0 3.5
180 12 0 3.0
344 22 0 2.5
333 24 0 2.25
326 24 0 2.5
137 22 0 2.5
55 17 0 2.75
183 10 0 3.75
307 19 0 3.25
235 19 0 3.5
251 17 0 2.0
0 21 0 2.0
39 30 0 4.0
123 6 0 2.25
100 9 0 3.0
151 12 0 3.25
168 15 0 2.75
177 20 0 3.0
54 9 0 2.0
162 30 0 2.0
209 3 0 2.5
325 24 0 2.25
215 27 0 2.0
25 58 0 2.75
358 27 0 3.0
156 1 0 3.0
205 38 0 3.75
40 24 0 2.5
320 18 0 2.5
158 17 0 3.75
211 28 0 2.75
276 16 0 3.0
208 15 0 3.0
129 28 0 3.75
312 12 0 2.0
226 14 0 2.5
128 17 0 4.0
347 18 0 3.0
146 12 0 2.5
88 6 0 3.5
217 12 0 3.5
203 23 0 3.25
11 26 0 3.25
333 1 0 2.25
1 29 0 3.0
228 19 0 2.5
113 20 0 3.25
287 9 0 2.5
123 7 0 2.0
259 6 0 2.0
156 8 0 4.0
328 9 0 2.25
122 10 0 3.25
162 20 0 3.5
245 14 0 3.5
152 24 0 2.75
47 23 0 2.25
212 22 0 2.75
327 13 0 3.5
321 3 0 3.5
285 29 0 2.25
127 10 0 4.0
298 10 0 3.75
321 19 0 2.0
203 0 0 3.25
168 0 0 2.0
142 19 0 2.75
232 0 0 3.25
0 3 0 2.0
270 2 0 4.0
356 27 0 3.0
194 17 0 2.0
240 25 0 3.0
281 7 0 3.5
43 30 0 4.0
184 21 0 2.0
229 21 0 2.25
256 10 0 3.0
120 20 0 4.0
299 9 0 4.0
155 22 0 3.75
340 2 0 3.25
313 18 0 2.25
275 15 0 2.75
234 21 0 4.0
232 10 0 2.0
272 28 0 2.25
194 20 0 3.25
165 3 0 2.75
43 15 0 3.5
91 15 0 2.75
271 12 0 3.5
246 11 0 4.0
217 24 0 3.25
143 27 0 2.25
231 2 0 2.75
240 2 0 2.25
17 9 0 3.75
324 16 0 2.0
318 15 0 2.75
308 25 0 3.5
326 18 0 3.25
230 18 0 3.75
4 6 0 2.0
45 7 0 2.25
303 14 0 2.0
37 11 0 3.25
323 13 0 2.75
216 24 0 2.0
25 14 0 2.25
349 17 0 3.75
339 6 0 3.25
81 20 0 3.25
354 30 0 3.75
333 8 0 3.75
190 17 0 3.25
111 4 0 3.75
51 21 0 2.5
16 3 0 2.0
177 7 0 3.25
90 0 0 2.0
122 21 0 3.75
4 9 0 3.75
73 29 0 3.0
46 17 0 3.5
202 48 0 4.0
11 26 0 4.0
245 0 0 3.75
173 22 0 3.0
305 18 0 2.25
319 22 0 2.75
38 1 0 2.75
120 13 0 2.5
216 15 0 2.0
262 40 0 3.75
311 26 0 3.25
37 11 0 3.5
49 14 0 2.25
246 1 0 3.75
204 14 0 2.5
58 2 0 2.0
4 6 0 2.5
87 5 0 3.75
88 39 0 2.25
51 27 0 2.75
124 4 0 2.5
84 24 0 3.5
202 15 0 3.0
187 22 0 3.5
171 0 0 2.25
214 14 0 3.0
347 6 0 2.75
326 23 0 2.0
106 3 0 3.25
72 26 0 3.0
319 24 0 2.75
182 15 0 2.5
160 30 0 3.25
36 2 0 3.5
92 4 0 3.0
145 27 0 2.0
140 11 0 3.25
290 20 0 2.75
306 25 0 2.0
267 29 0 4.0
162 28 0 2.25
233 4 0 3.0
148 13 0 3.75
226 27 0 2.75
338 28 0 2.5
310 27 0 2.0
34 20 0 3.0
105 25 0 4.0
108 9 0 3.25
59 25 0 2.25
305 7 0 3.75
9 3 0 3.0
115 20 0 2.75
146 8 0 2.5
123 78 0 3.75
293 6 0 2.25
213 18 0 4.0
221 11 0 3.25
120 25 0 4.0
84 18 0 3.75
190 14 0 2.75
172 24 0 2.5
291 6 0 2.0
206 7 0 2.5
38 60 0 2.25
143 13 0 2.25
173 12 0 2.75
71 9 0 4.0
141 24 0 2.5
108 0 0 2.0
199 18 0 3.75
63 59 0 4.0
83 6 0 3.5
159 9 0 2.25
28 23 0 2.25
313 7 0 4.0
303 27 0 3.0
26 5 0 2.5
11 22 0 2.75
357 10 0 2.25
253 10 0 2.25
219 3 0 3.75
283 19 0 2.75
199 26 0 3.75
198 4 0 3.25
242 20 0 2.0
162 20 0 2.0
116 8 0 2.75
128 17 0 3.5
160 5 0 3.0
89 7 0 3.0
304 14 0 2.75
17 58 0 3.0
321 29 0 2.75
183 11 0 2.75
256 21 0 2.75
103 25 0 3.0
231 5 0 3.0
331 4 0 2.5
146 10 0 2.75
103 16 0 3.75
259 24 0 4.0
201 40 0 2.25
324 12 0 4.0
251 1 0 2.75
197 6 0 2.75
339 3 0 4.0
126 16 0 4.0
0 16 0 2.75
176 3 0 2.25
46 15 0 3.5
314 12 0 2.75
94 24 0 4.0
22 28 0 3.25
283 19 0 2.0
82 12 0 3.5
127 28 0 2.75
158 25 0 2.25
32 10 0 2.75
92 19 0 3.25
4 27 0 2.25
284 9 0 4.0
227 18 0 3.25
266 6 0 2.25
143 68 0 3.5
344 17 0 2.25
32 21 0 3.5
16 10 0 2.25
92 1 0 2.5
183 27 0 4.0
46 17 0 4.0
290 23 0 2.25
301 7 0 2.75
330 56 0 2.25
100 58 0 2.0
113 7 0 3.25
247 12 0 3.0
265 23 0 3.75
49 17 0 4.0
321 11 0 3.25
60 1 0 4.0
35 19 0 3.5
279 7 0 2.75
58 8 0 3.25
107 23 0 2.75
272 27 0 2.5
302 29 0 3.25
90 24 0 2.5
143 33 0 3.25
201 5 0 3.25
204 25 0 3.0
239 26 0 2.25
300 39 0 3.5
242 51 0 3.25
27 18 0 3.5
187 22 0 2.5
229 25 0 2.25
47 4 0 3.75
139 9 0 3.25
199 14 0 3.0
129 17 0 3.25
227 10 0 3.5
316 6 0 3.0
314 14 0 3.5
93 19 0 3.25
46 27 0 2.75
199 27 0 3.25
82 25 0 3.75
78 5 0 3.0
348 24 0 3.25
309 49 0 2.5
73 27 0 3.0
324 24 0 2.5
165 27 0 3.0
138 7 0 2.75
52 23 0 2.5
21 25 0 2.25
334 22 0 3.5
3 15 0 2.0
44 23 0 2.0
207 18 0 3.5
20 0 0 2.25
138 15 0 3.25
254 6 0 3.25
52 4 0 3.5
122 26 0 3.25
164 0 0 2.5
145 25 0 2.75
316 26 0 2.25
157 2 0 2.5
215 26 0 2.75
265 12 0 2.75
170 7 0 4.0
56 10 0 3.0
196 10 0 2.5
125 1 0 2.5
185 15 0 2.25
116 11 0 3.75
36 57 0 3.0
308 15 0 2.75
106 20 0 2.0
198 1 0 2.5
173 16 0 2.25
36 79 0 2.0
262 1 0 2.0
269 3 0 3.25
61 24 0 2.0
223 28 0 3.25
27 18 0 2.0
49 30 0 3.5
303 23 0 2.75
277 27 0 2.75
111 4 0 4.0
179 22 0 4.0
234 29 0 2.5
297 14 0 3.5
114 0 0 3.25
348 14 0 2.75
159 47 0 2.25
243 16 0 4.0
342 18 0 3.5
242 28 0 2.0
257 1 0 3.75
355 13 0 3.25
246 29 0 3.75
224 12 0 2.0
130 23 0 2.5
243 19 0 3.25
33 21 0 4.0
230 4 0 3.25
42 60 0 3.5
42 8 0 2.5
69 15 0 2.0
86 10 0 2.5
104 6 0 4.0
260 25 0 2.5
177 16 0 3.25
265 20 0 3.5
85 14 0 3.25
145 22 0 3.25
64 10 0 2.75
331 11 0 3.0
352 10 0 4.0
312 12 0 3.25
170 16 0 2.25
303 25 0 2.25
287 11 0 2.5
260 0 0 2.25
112 17 0 2.75
56 30 0 2.0
126 25 0 2.5
305 2 0 3.25
251 25 0 2.0
12 4 0 4.0
24 11 0 2.75
132 30 0 2.5
204 0 0 3.25
147 15 0 2.0
54 30 0 2.25
190 27 0 4.0
276 18 0 3.0
290 19 0 2.25
306 27 0 2.0
76 1 0 3.0
331 29 0 2.25
152 23 0 3.5
322 23 0 3.0
79 64 0 2.5
108 6 0 2.75
311 23 0 2.0
315 21 0 2.25
51 24 0 2.75
33 25 0 3.25
115 11 0 4.0
10 24 0 3.5
95 12 0 4.0
41 8 0 3.5
271 11 0 2.0
295 22 0 2.5
312 23 0 2.75
295 14 0 2.0
320 28 0 3.25
75 29 0 2.75
253 24 0 3.5
1 14 0 3.25
177 9 0 2.5
19 9 0 2.5
358 11 0 2.5
359 16 0 3.0
10 6 0 3.25
273 30 0 2.25
245 4 0 4.0
61 30 0 2.0
145 21 0 4.0
102 8 0 2.0
320 3 0 2.75
41 41 0 3.75
157 13 0 3.0
6 25 0 3.75
143 25 0 3.5
65 22 0 2.75
311 16 0 2.25
227 13 0 3.75
309 10 0 2.75
227 0 0 3.0
321 77 0 3.75
56 3 0 2.75
270 21 0 4.0
122 69 0 2.5
39 12 0 4.0
90 21 0 3.0
202 27 0 2.5
59 18 0 2.75
300 4 0 3.5
207 23 0 3.5
37 30 0 4.0
208 21 0 2.25
70 29 0 2.25
189 58 0 2.25
148 25 0 4.0
297 17 0 3.5
228 12 0 2.25
294 20 0 3.25
139 1 0 2.75
128 23 0 4.0
150 24 0 2.5
112 3 0 3.0
82 26 0 4.0
14 19 0 2.25
244 6 0 3.25
178 11 0 3.75
216 59 0 3.0
171 22 0 3.25
213 3 0 2.0
313 0 0 4.0
199 16 0 2.75
264 21 0 2.25
183 13 0 3.75
164 25 0 3.75
319 7 0 3.5
20 26 0 2.75
274 57 0 2.5
185 25 0 2.75
288 30 0 4.0
328 0 0 2.5
182 3 0 3.75
323 10 0 2.5
151 2 0 3.0
282 27 0 2.0
251 5 0 2.0
260 6 0 2.75
214 0 0 2.5
224 10 0 3.25
203 2 0 2.5
28 10 0 2.75
106 19 0 4.0
358 29 0 3.0
44 2 0 2.75
228 23 0 2.25
46 29 0 2.0
252 16 0 3.5
154 14 0 3.5
11 2 0 3.5
188 10 0 2.25
240 12 0 2.5
234 11 0 2.75
249 24 0 4.0
18 27 0 4.0
41 18 0 3.75
183 30 0 2.75
351 6 0 2.5
198 15 0 3.25
114 30 0 3.75
235 8 0 3.5
148 8 0 3.25
37 13 0 3.75
83 27 0 2.75
177 22 0 3.0
172 23 0 2.0
298 3 0 2.75
299 27 0 4.0
161 22 0 4.0
341 20 0 3.25
330 5 0 2.0
178 26 0 3.75
196 23 0 2.75
67 22 0 2.5
68 24 0 2.25
81 22 0 4.0
52 0 0 3.5
244 23 0 2.75
148 23 0 3.75
150 42 0 2.5
191 10 0 3.25
285 16 0 2.5
262 15 0 2.5
287 15 0 2.75
36 24 0 4.0
143 27 0 4.0
330 6 0 2.25
324 5 0 2.75
262 8 0 3.75
311 0 0 2.75
30 9 0 3.25
44 29 0 2.25
290 28 0 3.0
2 24 0 4.0
50 1 0 2.75
317 2 0 3.0
172 24 0 3.5
55 15 0 3.0
292 52 0 3.0
338 23 0 2.25
113 0 0 2.75
266 23 0 2.5
120 19 0 4.0
121 10 0 2.0
141 29 0 2.0
75 6 0 2.75
335 9 0 3.5
310 9 0 4.0
328 13 0 3.5
306 20 0 3.25
206 13 0 4.0
301 39 0 3.0
325 21 0 3.75
1 15 0 3.25
47 11 0 4.0
187 14 0 2.25
17 14 0 3.0
281 27 0 2.0
324 10 0 4.0
70 3 0 3.75
205 10 0 2.5
43 25 0 2.75
81 7 0 3.75
337 25 0 2.5
216 8 0 3.5
146 28 0 3.0
337 27 0 3.75
161 19 0 3.5
12 9 0 4.0
22 3 0 3.5
80 19 0 3.75
56 51 0 2.0
195 18 0 3.75
308 11 0 3.0
154 27 0 2.75
166 32 0 3.0
67 17 0 2.0
130 9 0 3.25
150 26 0 3.75
243 19 0 2.25
178 24 0 2.75
256 8 0 3.75
133 3 0 3.25
50 11 0 3.5
279 30 0 2.25
291 6 0 2.25
238 13 0 3.25
235 13 0 2.75
106 20 0 4.0
269 17 0 3.75
113 57 0 2.5
0 4 0 3.75
120 18 0 3.5
313 8 0 3.0
99 11 0 3.75
125 18 0 3.75
311 8 0 3.25
168 24 0 2.0
47 5 0 3.0
21 17 0 4.0
322 9 0 3.25
180 27 0 2.25
1 15 0 2.25
359 26 0 3.25
104 14 0 2.75
140 28 0 3.0
52 7 0 3.75
44 8 0 3.25
41 17 0 2.75
8 24 0 2.25
272 27 0 2.75
28 11 0 3.0
208 28 0 2.0
282 8 0 3.25
146 2 0 3.5
57 3 0 3.75
354 15 0 3.5
301 2 0 2.75
195 22 0 2.25
341 24 0 2.75
104 28 0 2.25
349 7 0 2.75
8 19 0 2.75
342 23 0 2.0
262 6 0 3.5
4 5 0 3.5
214 25 0 2.0
181 16 0 2.75
42 24 0 3.25
165 0 0 4.0
36 29 0 3.75
217 27 0 3.25
210 12 0 4.0
149 20 0 2.5
130 11 0 3.25
329 13 0 2.25
175 2 0 2.5
244 20 0 2.0
95 28 0 2.5
240 3 0 2.75
301 24 0 3.25
28 24 0 3.0
140 23 0 2.25
347 11 0 3.75
166 14 0 2.5
110 0 0 4.0
238 53 0 4.0
263 28 0 3.25
112 6 0 2.0
346 12 0 2.25
35 13 0 3.25
135 13 0 2.75
144 10 0 3.75
293 13 0 4.0
34 8 0 3.25
207 10 0 3.75
181 2 0 3.5
47 23 0 2.5
184 17 0 3.5
243 22 0 2.5
322 24 0 2.75
277 25 0 3.0
3 25 0 2.75
257 12 0 3.75
118 7 0 4.0
53 21 0 3.75
158 1 0 2.5
199 13 0 3.5
173 11 0 2.75
269 3 0 3.0
225 13 0 2.5
122 19 0 3.25
317 16 0 3.0
31 28 0 2.0
134 14 0 3.75
294 4 0 3.75
67 8 0 3.0
79 19 0 2.25
85 20 0 3.25
219 12 0 2.5
306 31 0 3.0
249 25 0 2.5
197 3 0 3.75
130 17 0 2.5
130 5 0 3.75
121 18 0 3.0
252 4 0 2.0
222 11 0 2.75
236 16 0 3.0
201 4 0 3.0
344 15 0 2.0
350 5 0 4.0
0 17 0 2.75
83 7 0 3.0
17 16 0 2.25
33 4 0 2.5
269 12 0 4.0
328 28 0 3.75
0 18 0 3.25
83 2 0 3.25
173 8 0 3.25
44 13 0 2.75
155 20 0 3.25
294 28 0 2.0
280 25 0 2.75
352 2 0 4.0
131 17 0 2.5
131 7 0 2.25
141 8 0 2.0
230 31 0 3.0
320 16 0 2.5
86 22 0 2.5
309 22 0 2.75
274 26 0 2.0
290 18 0 3.25
43 10 0 3.75
196 6 0 2.5
22 2 0 2.0
277 48 0 3.75
46 2 0 2.0
114 30 0 2.75
4 3 0 3.0
272 18 0 2.25
225 4 0 3.0
315 4 0 4.0
84 4 0 3.25
176 7 0 4.0
229 17 0 3.25
134 1 0 3.25
172 7 0 3.5
170 29 0 2.0
114 29 0 4.0
260 28 0 2.25
258 11 0 3.75
180 24 0 2.75
141 14 0 2.0
229 16 0 3.0
177 20 0 2.75
135 10 0 4.0
344 23 0 2.5
310 13 0 2.5
2 19 0 3.25
35 21 0 2.75
48 25 0 2.75
63 17 0 2.25
232 15 0 2.5
250 14 0 4.0
51 25 0 3.25
109 28 0 2.0
359 45 0 3.5
6 26 0 2.25
70 29 0 2.5
278 8 0 3.75
86 4 0 3.0
260 10 0 3.0
340 27 0 3.25
356 6 0 2.0
294 27 0 3.75
217 24 0 3.5
72 5 0 3.5
84 9 0 3.75
73 13 0 2.5
284 26 0 3.5
334 23 0 3.5
143 29 0 3.25
204 17 0 3.5
174 0 0 2.75
11 5 0 2.0
175 24 0 3.75
3 21 0 2.5
345 27 0 2.5
112 19 0 3.25
285 26 0 2.5
139 16 0 2.0
147 22 0 3.0
353 29 0 3.5
308 21 0 4.0
164 16 0 3.5
172 33 0 3.0
332 27 0 3.25
198 7 0 3.75
298 12 0 2.5
221 8 0 2.0
277 63 0 3.0
257 27 0 4.0
278 24 0 2.0
24 21 0 3.5
172 11 0 2.0
95 15 0 2.0
116 12 0 4.0
138 20 0 3.25
272 9 0 2.75
63 25 0 3.0
256 1 0 2.0
144 17 0 2.5
103 25 0 2.5
118 25 0 3.75
58 20 0 2.75
69 18 0 3.5
34 12 0 4.0
20 13 0 3.5
99 18 0 3.75
6 25 0 2.25
112 0 0 3.5
266 11 0 3.25
127 6 0 2.75
95 6 0 2.75
71 2 0 2.75
172 35 0 3.75
79 20 0 2.5
325 13 0 3.25
175 1 0 3.25
129 26 0 2.5
16 11 0 2.75
89 20 0 2.0
17 12 0 3.75
348 24 0 3.75
180 4 0 3.5
337 25 0 3.5
274 20 0 3.25
1 2 0 2.5
96 25 0 3.5
217 57 0 3.25
244 27 0 3.5
278 5 0 3.25
300 18 0 2.25
317 28 0 2.75
137 30 0 3.75
245 24 0 3.5
130 15 0 2.0
311 16 0 4.0
258 13 0 2.0
194 16 0 2.25
26 2 0 2.0
103 15 0 3.0
136 6 0 2.75
80 30 0 2.0
9 14 0 4.0
220 33 0 3.25
66 18 0 2.25
177 7 0 3.0
356 6 0 2.25
286 27 0 2.75
66 28 0 2.5
293 12 0 3.5
337 16 0 2.25
87 14 0 2.75
306 5 0 3.25
129 7 0 2.25
223 21 0 2.25
20 29 0 2.5
260 13 0 2.0
59 12 0 3.25
117 19 0 3.75
176 2 0 3.25
132 16 0 3.25
265 14 0 4.0
206 4 0 2.75
264 19 0 3.75
15 29 0 2.25
352 20 0 3.75
261 25 0 2.5
349 4 0 2.5
211 16 0 2.5
273 19 0 2.25
289 8 0 2.75
52 26 0 3.5
328 18 0 3.5
92 26 0 2.75
49 23 0 2.5
335 12 0 2.0
101 12 0 2.75
345 19 0 2.5
232 30 0 2.25
129 58 0 3.75
263 6 0 4.0
210 0 0 3.5
321 15 0 3.25
195 25 0 2.5
105 17 0 2.5
357 1 0 2.75
182 9 0 3.0
87 15 0 3.25
257 14 0 3.0
14 10 0 2.25
332 28 0 3.25
188 10 0 3.0
354 27 0 4.0
197 1 0 2.5
105 24 0 3.75
301 19 0 3.75
359 2 0 2.0
173 17 0 4.0
113 11 0 4.0
35 7 0 3.5
293 13 0 2.0
80 20 0 3.0
250 12 0 2.75
158 18 0 2.25
214 9 0 2.5
152 11 0 2.0
107 11 0 3.5
101 18 0 3.25
345 0 0 3.0
352 5 0 3.75
211 2 0 3.75
155 4 0 2.0
311 1 0 3.5
317 6 0 2.75
68 11 0 3.0
217 19 0 3.5
340 18 0 4.0
120 14 0 3.0
59 4 0 2.5
117 18 0 2.0
320 18 0 3.5
210 9 0 3.0
327 9 0 2.5
189 3 0 3.0
203 20 0 3.5
242 18 0 2.0
214 29 0 2.5
291 3 0 3.0
310 10 0 3.0
338 25 0 2.75
98 25 0 2.0
24 3 0 2.0
49 25 0 2.25
327 5 0 3.25
87 24 0 2.0
263 9 0 3.25
103 22 0 2.25
357 7 0 3.5
278 26 0 3.25
166 10 0 3.75
313 40 0 3.25
204 9 0 3.75
178 19 0 2.75
147 15 0 3.5
264 8 0 2.25
165 20 0 2.5
14 9 0 3.25
29 20 0 3.75
217 24 0 3.0
197 10 0 2.25
234 28 0 3.25
170 30 0 2.5
88 28 0 2.25
182 28 0 3.75
336 16 0 2.75
260 22 0 2.0
21 15 0 2.75
51 14 0 2.75
280 37 0 3.25
197 17 0 3.0
156 6 0 3.75
16 26 0 2.25
274 20 0 2.25
135 4 0 3.75
255 8 0 3.5
198 9 0 3.5
159 10 0 2.0
317 40 0 3.25
100 11 0 2.5
23 14 0 3.5
12 15 0 3.5
219 26 0 3.5
56 6 0 3.0
222 14 0 2.75
276 19 0 3.5
164 9 0 4.0
311 0 0 2.5
82 24 0 2.5
330 46 0 2.25
128 20 0 2.0
119 11 0 2.25
52 23 0 3.75
66 21 0 2.0
98 22 0 3.5
196 20 0 3.5
98 10 0 3.25
170 26 0 3.0
47 15 0 2.75
70 8 0 2.0
306 29 0 3.25
49 19 0 2.75
178 2 0 3.5
158 15 0 2.5
167 30 0 3.75
284 6 0 2.25
103 17 0 2.5
246 19 0 2.5
252 14 0 3.5
331 1 0 2.25
81 12 0 2.75
240 18 0 2.25
134 10 0 2.5
207 8 0 2.25
254 16 0 3.25
15 24 0 4.0
297 2 0 3.25
110 14 0 4.0
25 2 0 3.0
63 2 0 2.75
190 6 0 2.5
181 28 0 2.75
283 7 0 3.25
96 7 0 3.75
132 15 0 3.75
0 5 0 2.25
179 17 0 2.75
353 75 0 3.5
189 3 0 3.25
286 2 0 2.5
71 25 0 2.75
290 19 0 3.0
258 12 0 3.5
199 28 0 3.0
279 26 0 2.75
216 5 0 4.0
236 13 0 3.25
129 10 0 2.75
294 5 0 3.75
186 25 0 3.5
223 7 0 3.5
150 6 0 2.5
109 10 0 2.25
249 24 0 3.0
66 2 0 3.75
101 23 0 2.0
261 6 0 4.0
43 17 0 3.25
45 29 0 4.0
289 3 0 2.25
313 17 0 2.75
341 16 0 2.5
352 28 0 3.0
65 30 0 3.0
335 17 0 3.75
253 16 0 3.25
269 2 0 2.25
141 5 0 3.25
215 18 0 2.5
138 15 0 2.0
62 10 0 4.0
226 3 0 3.0
122 11 0 4.0
162 8 0 2.0
193 15 0 4.0
356 6 0 2.5
96 3 0 3.5
276 29 0 2.0
77 6 0 2.25
6 28 0 2.5
71 7 0 2.5
130 31 0 2.5
4 28 0 4.0
48 4 0 2.0
203 22 0 3.75
325 33 0 3.5
282 2 0 3.0
19 13 0 2.0
207 22 0 3.25
353 25 0 3.5
33 6 0 2.0
85 18 0 3.5
86 19 0 3.75
298 30 0 2.5
143 16 0 4.0
218 18 0 2.0
346 22 0 3.25
199 19 0 2.5
20 12 0 3.25
210 22 0 3.75
37 11 0 3.0
267 22 0 2.5
142 24 0 2.5
102 13 0 4.0
122 19 0 4.0
0 29 0 3.0
114 26 0 2.75
307 30 0 2.75
95 20 0 2.0
185 29 0 2.25
45 49 0 2.75
185 1 0 3.0
75 26 0 3.75
41 26 0 2.5
240 11 0 4.0
213 54 0 3.5
180 4 0 2.0
147 24 0 3.75
351 7 0 2.25
289 23 0 4.0
269 26 0 2.0
328 5 0 3.25
34 26 0 3.0
43 18 0 2.75
237 19 0 3.5
155 22 0 2.75
165 10 0 3.0
51 16 0 3.75
224 8 0 2.0
101 28 0 4.0
102 4 0 3.75
77 8 0 3.5
184 13 0 2.25
12 12 0 2.25
95 11 0 2.25
237 25 0 3.5
197 28 0 3.75
255 5 0 3.75
194 22 0 3.25
211 5 0 2.5
43 3 0 3.25
27 22 0 2.25
278 24 0 3.75
62 15 0 2.5
306 14 0 3.25
68 29 0 3.25
19 21 0 4.0
230 22 0 4.0
50 0 0 2.5
247 12 0 2.0
88 10 0 3.0
39 24 0 3.0
116 29 0 3.0
224 11 0 2.0
101 22 0 2.75
19 11 0 3.25
255 28 0 4.0
288 0 0 2.0
153 7 0 2.25
77 24 0 3.25
232 23 0 2.0
308 12 0 4.0
147 6 0 3.75
56 2 0 4.0
79 0 0 3.75
325 28 0 2.5
158 17 0 4.0
246 23 0 3.25
57 24 0 4.0
343 0 0 3.0
242 21 0 2.25
279 18 0 2.5
272 17 0 3.25
171 1 0 2.0
152 24 0 2.25
311 32 0 3.5
169 28 0 3.75
234 13 0 3.5
224 13 0 4.0
78 17 0 4.0
258 23 0 2.75
82 13 0 2.0
237 28 0 3.25
236 30 0 2.75
44 9 0 4.0
169 23 0 3.0
217 0 0 3.25
28 0 0 3.5
336 8 0 3.25
207 24 0 4.0
234 26 0 3.5
46 58 0 3.0
329 14 0 2.75
324 34 0 3.25
174 25 0 3.25
284 5 0 2.5
321 6 0 3.75
271 26 0 3.25
168 8 0 3.25
100 3 0 2.75
121 13 0 2.75
257 4 0 2.0
29 26 0 3.75
273 25 0 2.0
300 11 0 2.5
47 4 0 2.0
185 7 0 3.75
4 16 0 3.25
300 21 0 3.25
110 3 0 3.5
280 29 0 3.5
37 8 0 2.25
327 51 0 2.0
17 5 0 2.25
156 11 0 4.0
96 11 0 2.5
22 23 0 3.25
350 10 0 3.0
163 6 0 2.5
67 24 0 2.0
104 11 0 3.0
233 25 0 2.0
337 6 0 3.5
279 25 0 2.25
234 8 0 2.75
161 1 0 3.75
28 5 0 3.5
252 27 0 2.75
48 21 0 3.75
202 10 0 2.75
255 7 0 2.75
40 5 0 3.5
25 22 0 3.25
115 23 0 2.5
301 13 0 3.5
94 0 0 3.25
341 4 0 2.5
284 26 0 3.75
224 25 0 3.5
217 9 0 2.0
90 12 0 3.0
325 28 0 3.25
109 20 0 3.5
335 4 0 2.75
345 12 0 3.25
220 38 0 4.0
173 16 0 2.5
201 17 0 2.75
226 7 0 3.0
191 20 0 2.75
212 7 0 3.0
190 25 0 3.25
355 26 0 4.0
339 23 0 3.25
340 19 0 3.25
94 7 0 3.0
7 23 0 2.0
188 27 0 3.5
334 1 0 2.75
175 17 0 2.75
7 3 0 2.75
73 11 0 3.75
316 30 0 3.25
175 22 0 2.75
205 0 0 3.75
2 48 0 2.5
196 28 0 2.0
27 4 0 4.0
295 17 0 2.0
140 54 0 4.0
133 15 0 3.25
319 16 0 3.0
351 10 0 3.0
159 14 0 2.75
340 9 0 2.0
129 0 0 3.0
331 9 0 3.25
258 14 0 4.0
220 30 0 2.0
205 6 0 2.0
50 27 0 2.0
144 2 0 4.0
38 4 0 3.75
340 17 0 2.25
123 1 0 3.0
165 27 0 2.5
311 22 0 3.5
52 4 0 2.75
335 7 0 2.5
344 13 0 2.0
129 8 0 3.75
145 12 0 2.75
32 24 0 3.5
342 19 0 4.0
174 29 0 3.75
96 29 0 2.25
61 10 0 2.0
192 11 0 3.0
163 11 0 2.5
142 15 0 2.0
212 4 0 2.75
110 28 0 2.25
273 6 0 4.0
101 13 0 3.25
96 5 0 3.75
10 17 0 2.75
259 0 0 4.0
139 17 0 4.0
152 4 0 3.75
195 21 0 3.0
81 18 0 3.75
19 25 0 3.25
200 17 0 3.0
113 20 0 2.0
19 17 0 2.0
252 1 0 3.25
74 13 0 4.0
321 25 0 3.5
143 11 0 3.75
318 21 0 3.0
79 21 0 2.75
311 11 0 3.75
310 7 0 2.25
11 23 0 3.25
180 29 0 3.0
85 23 0 2.25
61 2 0 2.75
10 3 0 3.5
187 17 0 2.75
205 16 0 2.5
135 0 0 3.5
89 14 0 2.0
79 12 0 4.0
46 14 0 4.0
145 21 0 2.25
167 38 0 3.5
252 22 0 2.5
203 21 0 3.75
60 8 0 4.0
36 5 0 2.0
107 4 0 3.0
174 18 0 2.75
266 29 0 3.0
44 14 0 4.0
290 0 0 3.0
16 41 0 2.5
230 1 0 4.0
319 30 0 2.25
204 22 0 3.25
318 24 0 3.75
112 22 0 2.5
324 29 0 2.25
32 77 0 2.75
227 2 0 3.5
311 28 0 3.75
293 0 0 2.75
56 19 0 2.0
24 24 0 3.0
266 1 0 2.0
243 26 0 2.0
18 1 0 4.0
172 30 0 3.5
232 3 0 3.75
134 37 0 3.75
254 16 0 2.0
108 1 0 3.75
352 16 0 2.75
179 28 0 3.0
316 24 0 2.5
179 23 0 2.25
300 17 0 2.75
92 16 0 2.25
169 7 0 4.0
34 30 0 3.5
69 16 0 2.0
224 5 0 3.0
161 20 0 2.25
194 20 0 3.75
279 28 0 3.75
41 20 0 2.0
226 26 0 4.0
221 10 0 2.75
9 6 0 2.25
168 0 0 3.75
168 21 0 3.0
313 5 0 2.25
28 23 0 3.5
271 26 0 2.0
135 21 0 4.0
332 50 0 2.5
36 7 0 3.75
90 29 0 3.5
290 19 0 3.75
124 3 0 2.5
72 3 0 2.5
27 6 0 3.75
146 29 0 4.0
112 0 0 3.0
294 10 0 3.75
58 2 0 2.5
253 14 0 3.25
114 28 0 2.0
174 13 0 4.0
205 7 0 3.75
267 5 0 3.25
119 21 0 2.0
271 25 0 3.25
166 29 0 2.25
180 1 0 3.0
322 24 0 3.25
231 29 0 3.25
344 27 0 2.5
327 17 0 3.5
51 9 0 3.25
206 6 0 2.5
179 10 0 4.0
276 16 0 3.5
220 14 0 3.75
131 23 0 2.75
212 0 0 4.0
87 4 0 3.25
254 19 0 3.75
281 27 0 2.75
261 24 0 3.5
147 26 0 2.0
79 15 0 2.25
28 49 0 2.75
242 18 0 3.75
248 30 0 2.5
104 9 0 3.5
231 12 0 3.0
302 30 0 3.5
278 17 0 3.75
229 15 0 3.75
350 5 0 2.5
206 9 0 2.75
189 5 0 2.0
170 17 0 3.5
59 1 0 2.75
172 15 0 2.75
324 16 0 3.25
187 5 0 3.5
40 15 0 2.25
121 1 0 3.5
313 4 0 3.0
12 24 0 2.0
50 10 0 2.25
87 4 0 3.0
251 20 0 2.75
282 18 0 4.0
60 0 0 3.75
299 11 0 2.0
98 12 0 3.5
290 6 0 3.75
229 30 0 2.25
85 7 0 2.5
246 11 0 3.75
211 14 0 4.0
330 2 0 2.0
353 17 0 3.75
245 26 0 3.5
124 25 0 4.0
267 12 0 3.0
82 0 0 2.5
278 7 0 2.0
27 80 0 3.5
195 6 0 2.0
56 21 0 2.5
107 22 0 3.75
168 3 0 2.5
261 9 0 3.75
280 5 0 4.0
53 29 0 2.25
272 21 0 2.75
28 11 0 2.0
39 15 0 3.0
340 12 0 3.25
346 16 0 2.0
275 3 0 2.25
185 24 0 4.0
75 0 0 2.5
225 13 0 2.25
129 16 0 3.75
103 30 0 3.0
170 0 0 4.0
54 36 0 2.75
308 19 0 2.25
104 27 0 2.0
340 38 0 2.5
43 14 0 3.0
344 6 0 4.0
109 19 0 3.75
132 18 0 2.5
27 19 0 2.25
74 15 0 2.5
175 20 0 3.25
10 6 0 2.5
259 22 0 4.0
259 30 0 3.25
143 23 0 3.5
50 9 0 3.75
333 25 0 2.75
97 29 0 3.5
310 28 0 4.0
110 12 0 3.5
56 15 0 3.5
275 9 0 2.0
136 16 0 2.75
355 11 0 3.75
84 4 0 3.75
105 12 0 2.25
132 11 0 2.75
121 7 0 3.25
290 0 0 4.0
231 13 0 3.5
123 16 0 2.25
41 18 0 2.75
234 1 0 2.25
275 16 0 3.5
334 24 0 3.75
233 48 0 4.0
36 18 0 3.5
65 17 0 3.5
186 16 0 2.75
191 10 0 2.75
147 25 0 4.0
305 10 0 3.5
123 5 0 3.75
342 24 0 3.5
7 0 0 2.75
321 14 0 2.5
25 27 0 3.0
331 20 0 2.5
141 18 0 3.75
229 3 0 3.0
111 16 0 2.25
49 23 0 3.5
308 21 0 3.25
50 11 0 3.0
90 29 0 3.0
30 25 0 2.25
162 4 0 2.75
208 56 0 3.0
291 26 0 3.75
358 66 0 4.0
205 20 0 3.5
124 14 0 2.5
164 7 0 4.0
252 8 0 2.0
199 4 0 2.25
12 0 0 4.0
65 2 0 3.5
116 9 0 3.75
146 59 0 4.0
153 27 0 2.75
122 46 0 2.5
304 11 0 3.75
239 21 0 2.25
96 28 0 4.0
107 24 0 3.0
89 26 0 2.25
117 10 0 3.0
304 24 0 3.75
292 4 0 2.5
236 1 0 2.75
297 11 0 2.25
160 29 0 2.0
178 12 0 3.25
189 18 0 3.75
215 15 0 2.25
246 18 0 4.0
349 20 0 2.0
263 14 0 3.75
89 22 0 4.0
91 22 0 2.25
315 10 0 3.0
219 18 0 2.0
135 11 0 2.5
179 23 0 4.0
180 0 0 2.0
75 23 0 2.75
19 18 0 4.0
88 0 0 2.75
342 27 0 2.5
18 21 0 3.25
139 9 0 4.0
5 17 0 3.5
161 19 0 3.75
282 16 0 3.5
335 23 0 3.5
110 2 0 4.0
52 25 0 3.0
163 7 0 2.25
335 0 0 2.75
189 29 0 3.25
341 20 0 2.75
220 21 0 2.75
116 4 0 2.25
58 10 0 3.25
70 17 0 3.75
21 49 0 3.75
93 6 0 4.0
197 23 0 2.0
75 20 0 2.5
316 1 0 3.5
23 26 0 3.25
341 4 0 3.5
135 12 0 2.5
196 12 0 2.25
340 9 0 3.75
100 8 0 4.0
9 29 0 3.25
271 14 0 3.0
142 3 0 2.0
286 27 0 4.0
263 20 0 3.25
313 11 0 2.25
55 17 0 2.0
261 10 0 2.25
266 28 0 2.75
314 28 0 2.25
43 25 0 2.0
215 27 0 4.0
238 20 0 3.5
316 23 0 3.75
187 7 0 3.5
72 17 0 2.0
14 0 0 2.25
328 29 0 2.25
307 12 0 2.25
42 21 0 2.5
53 7 0 3.0
260 25 0 3.75
231 14 0 3.0
104 5 0 3.0
341 10 0 2.25
78 22 0 3.75
357 22 0 4.0
242 21 0 3.25
309 27 0 2.0
228 19 0 3.75
96 5 0 2.0
282 7 0 2.25
236 49 0 2.75
166 20 0 2.25
210 5 0 2.5
105 17 0 2.75
146 26 0 2.5
88 29 0 3.0
43 19 0 3.25
225 2 0 3.0
276 16 0 3.75
149 22 0 3.75
142 25 0 3.5
93 12 0 3.0
141 18 0 3.25
59 30 0 2.0
155 49 0 3.0
40 10 0 3.75
131 23 0 2.5
46 16 0 3.75
282 26 0 3.75
196 7 0 2.5
229 22 0 3.75
266 29 0 2.25
226 11 0 2.75
115 14 0 4.0
227 15 0 2.5
283 0 0 2.25
358 6 0 3.25
99 15 0 3.75
63 9 0 2.75
239 30 0 3.25
222 18 0 2.0
36 4 0 3.0
336 4 0 2.75
336 12 0 2.0
188 0 0 3.25
28 28 0 2.75
235 18 0 3.5
251 27 0 2.0
135 52 0 4.0
341 29 0 3.5
183 28 0 2.0
178 23 0 2.5
183 10 0 2.75
13 15 0 3.0
44 10 0 2.0
161 14 0 3.5
276 4 0 3.75
85 20 0 3.75
88 6 0 2.75
252 9 0 3.25
280 6 0 2.0
94 8 0 2.5
138 29 0 3.5
234 0 0 4.0
113 24 0 2.75
99 20 0 3.0
359 3 0 3.0
359 1 0 3.0
131 18 0 4.0
80 10 0 3.75
142 6 0 3.5
277 13 0 4.0
136 4 0 3.75
66 11 0 2.25
123 10 0 2.0
59 9 0 3.75
33 20 0 2.75
256 44 0 3.5
257 20 0 3.75
185 21 0 2.75
241 21 0 2.0
64 5 0 3.0
294 8 0 3.5
253 24 0 2.0
160 8 0 2.0
84 29 0 3.5
82 5 0 2.75
284 6 0 2.5
348 22 0 3.5
200 27 0 2.75
255 20 0 4.0
260 14 0 2.25
359 14 0 4.0
178 10 0 2.5
330 13 0 3.0
288 29 0 4.0
21 11 0 2.0
109 12 0 4.0
212 26 0 3.75
307 21 0 2.0
157 7 0 3.25
150 9 0 3.5
23 12 0 2.25
47 65 0 4.0
214 3 0 4.0
201 12 0 3.25
9 21 0 4.0
153 20 0 2.0
95 8 0 2.25
202 8 0 3.5
246 7 0 2.5
40 8 0 3.0
219 10 0 2.0
17 19 0 3.75
313 29 0 2.0
47 24 0 2.0
28 12 0 3.75
103 27 0 2.25
237 4 0 2.25
70 12 0 3.5
267 10 0 3.5
162 23 0 2.75
240 5 0 2.25
9 18 0 3.75
252 4 0 2.75
348 25 0 3.75
228 16 0 3.25
353 22 0 2.75
290 5 0 3.75
76 20 0 2.5
253 26 0 3.0
251 7 0 3.25
225 17 0 4.0
230 1 0 2.0
36 50 0 4.0
258 21 0 3.0
249 1 0 3.75
152 10 0 3.0
114 25 0 2.75
357 25 0 4.0
304 16 0 2.25
102 3 0 4.0
9 21 0 2.75
214 28 0 2.75
15 0 0 3.75
109 12 0 2.75
191 7 0 3.5
47 2 0 2.75
308 14 0 2.75
92 20 0 3.0
149 37 0 2.75
214 24 0 4.0
159 12 0 2.5
254 14 0 3.5
57 28 0 2.25
338 0 0 2.0
97 9 0 2.0
110 7 0 2.5
193 18 0 4.0
160 11 0 2.25
16 17 0 3.25
321 5 0 3.0
147 18 0 2.25
69 30 0 2.25
93 16 0 2.0
169 12 0 2.25
117 15 0 3.75
179 2 0 3.0
255 0 0 3.75
228 9 0 3.0
77 8 0 2.0
298 28 0 3.75
79 11 0 2.0
100 11 0 2.25
280 24 0 3.75
130 19 0 3.0
83 17 0 3.5
276 27 0 2.5
53 25 0 2.75
283 5 0 3.5
326 22 0 2.75
118 14 0 2.0
6 26 0 3.25
299 24 0 2.5
150 5 0 3.5
214 12 0 2.25
288 4 0 3.25
103 11 0 3.0
236 25 0 3.75
155 15 0 3.5
224 17 0 3.25
132 19 0 2.5
131 28 0 4.0
198 29 0 2.0
69 25 0 2.75
321 24 0 2.5
264 9 0 2.0
292 3 0 4.0
134 1 0 3.5
182 30 0 2.25
279 27 0 2.25
357 1 0 2.5
204 46 0 2.25
154 28 0 4.0
239 25 0 2.0
15 18 0 2.0
196 30 0 3.75
270 13 0 2.0
242 14 0 3.0
53 14 0 3.75
206 4 0 2.5
342 18 0 3.0
289 23 0 2.5
90 22 0 2.5
173 25 0 3.75
334 25 0 3.0
59 17 0 3.5
77 14 0 3.0
239 11 0 2.5
189 19 0 4.0
257 17 0 2.75
68 11 0 2.0
5 30 0 2.0
23 28 0 2.25
228 21 0 3.75
221 27 0 4.0
295 17 0 2.5
158 10 0 3.25
146 6 0 2.75
172 6 0 2.25
160 17 0 2.0
241 13 0 3.0
286 1 0 3.0
184 9 0 3.75
304 28 0 3.25
242 11 0 2.75
188 12 0 3.25
31 20 0 2.75
34 2 0 2.0
274 24 0 3.25
138 18 0 4.0
307 30 0 3.25
73 28 0 2.0
16 23 0 2.75
324 9 0 3.25
189 29 0 2.75
186 4 0 3.75
181 11 0 4.0
149 4 0 3.25
91 23 0 4.0
98 13 0 2.25
131 38 0 2.0
155 10 0 2.25
81 30 0 3.5
126 19 0 3.0
204 5 0 2.0
25 0 0 2.0
241 11 0 3.75
239 11 0 3.5
259 1 0 2.25
114 30 0 3.25
174 0 0 2.5
97 20 0 2.0
325 0 0 4.0
189 9 0 3.0
348 10 0 3.25
351 11 0 3.25
287 26 0 2.0
242 30 0 2.0
0 9 0 2.5
205 19 0 2.5
34 27 0 2.75
301 25 0 4.0
348 16 0 2.0
64 2 0 3.0
128 1 0 2.25
156 15 0 4.0
206 17 0 4.0
271 12 0 3.0
151 22 0 3.75
22 6 0 2.5
205 17 0 2.75
50 52 0 2.5
40 30 0 3.25
299 1 0 3.25
249 9 0 3.0
26 13 0 3.0
300 20 0 3.5
82 28 0 2.0
104 30 0 2.5
240 51 0 2.0
111 0 0 2.5
222 6 0 3.0
31 1 0 3.0
233 22 0 3.5
345 15 0 2.25
193 0 0 3.5
211 7 0 3.5
18 3 0 2.25
90 25 0 3.25
204 3 0 3.25
172 4 0 2.0
230 25 0 3.5
354 12 0 3.5
332 15 0 2.5
301 0 0 2.25
151 25 0 4.0
284 12 0 3.75
98 45 0 3.25
68 29 0 4.0
128 7 0 2.0
57 5 0 3.5
351 4 0 2.25
140 15 0 2.75
245 26 0 2.25
350 29 0 3.5
235 13 0 3.25
85 25 0 2.5
237 16 0 4.0
25 15 0 3.0
347 64 0 2.0
115 17 0 3.0
348 10 0 3.5
124 17 0 3.5
0 30 0 4.0
58 4 0 2.0
166 0 0 4.0
177 9 0 2.75
160 13 0 3.75
97 20 0 2.5
7 5 0 3.25
117 6 0 2.75
257 10 0 4.0
159 22 0 3.5
14 25 0 3.25
78 13 0 2.0
195 8 0 4.0
20 9 0 3.5
78 28 0 2.75
63 26 0 3.5
268 22 0 2.25
74 5 0 3.75
255 8 0 3.75
134 13 0 2.75
138 6 0 2.0
252 17 0 2.25
57 16 0 3.75
137 4 0 3.5
155 18 0 2.5
152 4 0 2.75
201 15 0 4.0
319 17 0 2.5
161 12 0 2.5
104 17 0 3.5
100 12 0 3.25
276 13 0 3.0
102 19 0 2.5
96 29 0 2.75
136 0 0 2.0
299 26 0 2.75
171 5 0 3.0
134 7 0 2.25
211 2 0 2.25
167 26 0 2.5
179 2 0 2.25
276 24 0 2.0
322 29 0 3.5
132 25 0 3.25
252 17 0 3.75
4 10 0 2.75
155 8 0 4.0
68 5 0 2.0
329 9 0 3.0
272 4 0 2.0
76 3 0 2.5
235 16 0 2.0
246 11 0 2.5
130 25 0 4.0
186 21 0 3.75
158 4 0 4.0
7 26 0 3.0
284 6 0 4.0
215 24 0 3.75
327 28 0 3.75
13 1 0 3.75
331 1 0 3.5
280 5 0 2.0
127 9 0 2.5
2 9 0 2.25
161 3 0 2.0
306 7 0 2.25
90 17 0 3.0
15 9 0 3.5
334 24 0 3.5
316 5 0 3.75
90 23 0 3.25
346 13 0 4.0
324 29 0 3.25
331 16 0 2.75
295 4 0 2.5
59 6 0 2.25
130 15 0 2.25
216 14 0 3.0
283 52 0 2.5
245 4 0 2.0
227 6 0 2.75
64 9 0 2.75
122 0 0 2.75
321 3 0 3.0
82 3 0 3.25
234 2 0 3.75
138 7 0 2.0
332 0 0 2.25
21 17 0 3.25
164 18 0 3.5
172 1 0 4.0
166 23 0 3.0
114 25 0 4.0
31 10 0 4.0
81 8 0 2.0
323 8 0 2.0
233 5 0 2.0
318 17 0 4.0
106 24 0 3.25
359 17 0 2.5
12 29 0 2.5
150 6 0 2.25
72 6 0 3.75
47 11 0 3.25
168 19 0 2.25
245 2 0 3.75
260 4 0 3.0
201 16 0 3.75
187 12 0 3.25
337 14 0 2.25
321 15 0 2.0
233 25 0 3.25
297 28 0 2.0
217 58 0 2.75
256 19 0 4.0
256 16 0 3.75
354 55 0 2.5
163 20 0 4.0
347 17 0 2.25
301 3 0 2.25
118 23 0 3.5
49 47 0 2.25
218 8 0 3.5
92 22 0 3.25
312 28 0 2.75
123 6 0 3.75
223 30 0 3.5
195 25 0 2.0
32 4 0 3.0
34 1 0 4.0
272 3 0 3.5
149 6 0 2.5
359 4 0 3.25
205 26 0 3.25
151 17 0 3.5
158 27 0 2.75
248 26 0 3.0
44 23 0 4.0
272 26 0 2.25
139 8 0 2.25
61 6 0 2.75
15 15 0 2.25
235 46 0 4.0
328 2 0 2.75
166 2 0 2.25
57 16 0 4.0
75 13 0 2.25
184 15 0 2.75
242 29 0 3.0
39 27 0 3.75
55 16 0 2.75
42 16 0 3.5
258 30 0 2.25
171 28 0 3.25
208 25 0 2.25
200 20 0 4.0
16 9 0 3.75
91 13 0 4.0
134 7 0 2.75
42 14 0 3.5
293 9 0 4.0
164 16 0 2.0
116 30 0 2.0
30 26 0 3.25
246 14 0 2.5
4 15 0 4.0
43 15 0 3.25
272 9 0 3.75
214 15 0 3.75
315 16 0 2.25
237 1 0 3.5
61 25 0 2.75
150 25 0 3.75
197 47 0 3.75
192 30 0 2.25
272 0 0 3.0
171 9 0 3.25
106 27 0 2.75
345 19 0 4.0
238 12 0 3.0
180 3 0 2.5
195 22 0 3.75
266 15 0 3.5
74 7 0 3.0
274 14 0 2.25
229 30 0 3.25
304 15 0 4.0
47 26 0 2.25
247 34 0 2.5
200 1 0 2.0
298 19 0 2.0
315 26 0 3.0
112 27 0 3.0
236 26 0 3.0
205 4 0 3.0
46 20 0 3.5
11 6 0 3.0
54 28 0 4.0
70 9 0 2.0
258 8 0 3.25
79 17 0 3.25
75 7 0 2.25
351 14 0 4.0
176 19 0 3.25
203 14 0 3.75
195 21 0 2.25
65 7 0 3.75
333 7 0 3.25
187 27 0 2.75
157 16 0 3.75
194 1 0 3.25
170 30 0 3.25
216 3 0 2.25
330 7 0 2.5
249 22 0 3.75
200 10 0 3.5
38 10 0 3.0
216 29 0 2.5
108 15 0 3.0
222 9 0 2.25
267 11 0 3.0
215 31 0 4.0
253 1 0 3.25
331 3 0 3.5
0 14 0 3.5
242 9 0 3.5
321 47 0 2.75
256 3 0 3.5
143 13 0 2.5
305 13 0 3.25
85 3 0 3.0
157 52 0 3.25
272 21 0 2.0
115 27 0 2.5
320 20 0 3.0
147 21 0 3.75
12 16 0 4.0
37 12 0 2.75
66 16 0 3.0
30 31 0 3.5
102 30 0 4.0
179 22 0 3.5
127 16 0 2.75
173 27 0 2.0
178 19 0 4.0
214 3 0 2.5
223 45 0 3.5
224 1 0 2.25
223 55 0 4.0
352 5 0 3.0
194 10 0 3.5
144 24 0 2.0
299 3 0 2.25
118 13 0 4.0
84 14 0 2.0
169 19 0 2.25
282 21 0 3.5
105 18 0 2.25
184 5 0 4.0
331 8 0 4.0
30 0 0 2.25
213 30 0 2.5
133 1 0 2.75
345 30 0 2.5
211 3 0 2.25
69 2 0 2.75
238 3 0 3.25
128 1 0 3.0
321 20 0 4.0
86 16 0 3.0
326 26 0 2.0
3 29 0 3.0
128 38 0 2.5
241 2 0 2.75
109 29 0 2.0
77 9 0 4.0
77 29 0 2.5
8 15 0 3.75
175 9 0 4.0
43 4 0 3.0
218 22 0 2.0
93 18 0 3.0
228 9 0 2.25
250 39 0 2.25
150 41 0 2.75
45 3 0 3.5
127 4 0 2.75
332 13 0 2.0
256 12 0 3.25
189 23 0 3.0
255 8 0 3.25
95 21 0 2.5
10 28 0 2.75
217 12 0 4.0
330 9 0 3.5
2 0 0 3.75
265 2 0 3.25
343 16 0 2.25
15 22 0 3.0
261 20 0 2.0
28 6 0 2.5
317 3 0 3.25
148 21 0 3.0
125 16 0 3.0
184 9 0 3.5
113 26 0 2.75
119 11 0 3.0
281 8 0 3.5
18 21 0 2.25
165 4 0 3.0
291 28 0 3.5
190 20 0 3.25
20 10 0 3.0
60 29 0 3.25
117 20 0 2.75
267 4 0 3.0
164 36 0 3.0
323 0 0 2.0
149 3 0 2.0
355 1 0 4.0
160 16 0 3.25
149 8 0 3.75
58 26 0 3.25
235 2 0 4.0
2 24 0 3.75
43 8 0 2.25
12 3 0 3.75
331 18 0 4.0
48 3 0 3.5
296 69 0 2.25
284 13 0 2.25
204 2 0 3.75
289 21 0 3.75
43 29 0 2.0
234 11 0 4.0
342 58 0 3.75
277 65 0 3.5
240 21 0 2.5
197 18 0 2.5
258 30 0 3.5
205 7 0 2.5
250 11 0 2.5
18 13 0 2.0
182 19 0 3.75
134 19 0 2.25
306 5 0 2.75
299 13 0 2.25
132 19 0 2.0
20 5 0 3.25
275 1 0 4.0
127 13 0 3.75
12 14 0 3.5
73 29 0 3.5
355 23 0 2.0
307 10 0 4.0
291 12 0 3.75
67 20 0 3.75
20 29 0 2.0
122 23 0 3.0
192 16 0 2.0
302 18 0 2.0
32 29 0 3.75
169 22 0 2.25
305 3 0 4.0
76 3 0 2.25
176 26 0 3.25
253 13 0 2.5
47 24 0 3.75
15 6 0 3.75
244 6 0 2.25
187 13 0 3.25
203 71 0 3.75
20 18 0 2.5
296 4 0 2.25
178 23 0 2.0
309 20 0 2.5
86 29 0 2.75
252 30 0 3.25
191 30 0 3.0
40 23 0 3.75
199 18 0 3.25
26 8 0 2.0
248 20 0 3.25
184 4 0 3.5
276 1 0 4.0
231 10 0 3.75
96 6 0 2.75
277 10 0 4.0
109 28 0 2.25
85 25 0 4.0
214 5 0 2.25
138 22 0 3.0
162 53 0 4.0
121 13 0 3.25
335 10 0 2.0
73 6 0 3.0
313 11 0 3.75
86 3 0 3.5
263 23 0 3.25
238 1 0 2.75
280 16 0 3.0
274 4 0 3.0
73 23 0 3.75
309 20 0 3.0
116 28 0 2.0
159 13 0 3.75
175 18 0 4.0
355 4 0 4.0
245 2 0 2.5
86 21 0 2.75
67 23 0 2.25
166 25 0 2.0
121 3 0 2.5
125 21 0 3.0
200 24 0 3.25
181 22 0 2.75
143 2 0 2.0
137 20 0 2.5
312 16 0 2.5
328 9 0 2.0
83 17 0 2.5
196 7 0 3.25
353 24 0 3.75
44 24 0 3.5
308 28 0 2.25
310 6 0 3.5
337 14 0 3.75
153 29 0 3.75
302 6 0 3.0
294 7 0 3.75
54 24 0 2.0
215 8 0 3.5
75 50 0 4.0
110 8 0 2.25
302 7 0 3.5
168 17 0 3.25
176 20 0 2.75
286 1 0 3.75
56 14 0 4.0
297 3 0 3.25
358 61 0 3.75
286 17 0 3.75
6 23 0 2.75
259 5 0 2.5
170 11 0 2.25
304 1 0 4.0
214 14 0 2.5
181 5 0 2.25
179 30 0 4.0
227 8 0 2.75
22 22 0 2.5
203 13 0 3.25
16 17 0 3.5
172 21 0 2.5
101 25 0 3.0
184 2 0 2.75
190 17 0 2.75
118 0 0 3.75
50 29 0 3.0
131 16 0 2.25
308 24 0 2.5
6 29 0 2.25
155 22 0 3.25
247 9 0 4.0
332 23 0 2.5
281 12 0 4.0
290 26 0 3.0
312 20 0 3.0
185 15 0 3.25
241 16 0 3.0
98 28 0 2.25
3 29 0 3.75
75 18 0 2.0
81 27 0 4.0
40 0 0 2.0
129 1 0 4.0
225 26 0 3.5
288 1 0 3.0
291 6 0 4.0
238 21 0 4.0
163 5 0 3.5
60 15 0 3.0
113 12 0 3.0
275 30 0 2.75
180 29 0 2.5
16 17 0 2.0
302 5 0 3.0
8 2 0 3.75
78 22 0 4.0
170 11 0 3.75
242 9 0 3.25
285 14 0 3.5
2 27 0 2.75
346 70 0 2.75
325 4 0 3.75
181 16 0 2.25
290 2 0 3.5
122 23 0 3.25
103 24 0 3.5
248 18 0 2.75
132 17 0 4.0
277 17 0 2.5
193 14 0 2.25
298 22 0 3.0
185 2 0 3.75
1 23 0 3.25
270 4 0 2.75
140 42 0 2.0
78 22 0 2.75
24 27 0 2.0
295 59 0 2.25
144 25 0 2.75
136 13 0 4.0
228 30 0 4.0
239 15 0 4.0
246 3 0 2.5
76 18 0 2.5
81 44 0 3.0
290 11 0 3.25
333 4 0 3.75
47 51 0 2.25
343 29 0 2.75
342 23 0 3.75
100 1 0 2.5
161 2 0 4.0
298 28 0 4.0
17 21 0 2.25
130 26 0 3.0
73 7 0 3.75
4 9 0 2.75
244 14 0 4.0
184 21 0 4.0
133 26 0 2.0
69 0 0 2.5
139 11 0 4.0
160 24 0 3.5
258 27 0 2.0
106 3 0 2.0
298 12 0 3.25
88 27 0 3.0
238 7 0 2.0
307 17 0 2.75
222 30 0 3.5
245 23 0 3.5
205 29 0 2.25
210 3 0 2.75
331 5 0 2.5
222 4 0 4.0
199 3 0 3.75
307 19 0 2.75
271 15 0 2.5
43 11 0 3.5
206 18 0 2.75
65 29 0 3.25
48 7 0 3.75
258 30 0 2.75
331 3 0 2.5
123 10 0 2.75
222 52 0 3.75
352 30 0 2.0
352 11 0 3.5
194 17 0 2.25
24 0 0 3.75
191 21 0 3.0
58 29 0 3.75
52 16 0 2.5
237 12 0 3.0
187 7 0 2.75
72 20 0 2.0
53 27 0 4.0
200 24 0 3.0
269 1 0 2.75
355 26 0 3.0
126 8 0 2.25
285 21 0 2.5
17 20 0 2.5
102 3 0 3.25
115 3 0 2.75
285 28 0 2.75
287 13 0 4.0
43 17 0 3.5
229 0 0 2.0
73 1 0 3.5
311 19 0 2.25
314 16 0 3.5
119 9 0 3.0
107 10 0 2.25
116 0 0 4.0
327 27 0 3.0
217 9 0 3.0
15 21 0 3.0
166 5 0 3.75
227 1 0 3.5
268 19 0 3.0
190 2 0 4.0
37 17 0 4.0
159 0 0 3.0
258 0 0 2.5
42 14 0 4.0
176 2 0 3.75
23 16 0 2.0
23 72 0 2.5
136 22 0 2.75
215 13 0 3.75
232 9 0 2.75
126 17 0 2.75
327 22 0 3.0
218 4 0 3.25
83 21 0 2.75
128 58 0 2.75
253 1 0 2.75
8 6 0 2.25
163 19 0 2.5
183 9 0 3.25
7 77 0 3.75
335 24 0 4.0
355 14 0 4.0
284 12 0 2.0
131 15 0 3.25
149 2 0 3.75
333 16 0 2.0
228 14 0 3.25
243 3 0 3.75
148 25 0 3.75
141 26 0 4.0
42 5 0 2.25
1 21 0 2.25
225 75 0 3.75
51 0 0 4.0
129 29 0 2.0
6 11 0 2.75
183 12 0 2.25
7 6 0 2.0
275 27 0 2.0
112 0 0 3.75
54 22 0 2.75
116 11 0 3.25
358 8 0 2.75
344 9 0 3.0
180 4 0 3.25
5 19 0 2.25
30 19 0 3.25
153 18 0 3.0
245 13 0 3.5
203 30 0 2.0
173 6 0 2.25
328 7 0 2.75
301 2 0 3.75
170 10 0 3.0
157 27 0 3.5
358 1 0 2.0
122 8 0 2.25
324 17 0 2.75
99 2 0 2.25
91 17 0 3.0
19 15 0 3.5
75 11 0 2.0
101 4 0 2.75
260 6 0 4.0
302 58 0 4.0
139 26 0 2.0
135 5 0 4.0
299 12 0 2.0
176 5 0 4.0
277 9 0 2.5
44 17 0 3.25
346 4 0 3.25
201 14 0 3.5
106 11 0 2.5
63 0 0 2.75
33 16 0 2.5
31 25 0 2.25
294 35 0 3.25
120 9 0 3.5
187 26 0 2.25
327 27 0 3.5
104 13 0 2.75
219 19 0 2.5
359 20 0 3.75
266 10 0 4.0
183 2 0 2.25
88 18 0 3.5
306 7 0 3.25
153 20 0 2.75
141 15 0 3.75
46 7 0 4.0
111 11 0 3.5
2 29 0 3.0
112 25 0 3.75
33 22 0 4.0
101 29 0 2.0
240 19 0 3.75
98 22 0 2.5
19 8 0 2.0
120 12 0 2.25
319 0 0 3.25
195 9 0 4.0
221 20 0 3.25
354 5 0 2.75
243 21 0 2.25
239 49 0 2.75
322 30 0 2.25
174 5 0 3.0
236 20 0 4.0
141 74 0 2.25
146 22 0 2.25
316 19 0 2.75
40 26 0 2.75
168 14 0 3.0
88 16 0 4.0
126 11 0 3.5
239 2 0 4.0
211 20 0 3.0
215 20 0 2.25
232 19 0 3.0
138 27 0 3.25
61 3 0 3.25
259 14 0 2.5
3 2 0 3.75
23 12 0 4.0
267 17 0 3.25
359 27 0 2.25
283 23 0 2.75
175 16 0 2.0
172 2 0 2.0
146 8 0 2.25
218 67 0 3.5
47 24 0 3.0
10 16 0 3.0
170 16 0 3.0
39 37 0 3.25
303 21 0 2.5
110 9 0 3.25
30 4 0 3.5
88 20 0 2.25
11 25 0 3.25
213 25 0 3.0
122 23 0 3.75
325 22 0 3.75
178 24 0 2.5
175 28 0 3.0
96 19 0 2.75
92 9 0 2.5
321 5 0 2.75
