0 10 0 1.5
5 10 0 1.5
10 10 0 1.5
15 10 0 1.5
20 10 0 1.5
25 10 0 1.5
30 10 0 1.5
35 10 0 1.5
40 10 0 1.5
45 10 0 1.5
50 10 0 1.5
55 10 0 1.5
60 10 0 1.5
65 10 0 1.5
70 10 0 1.5
75 10 0 1.5
80 10 0 1.5
85 10 0 1.5
90 10 0 1.5
95 10 0 1.5
100 10 0 1.5
105 10 0 1.5
110 10 0 1.5
115 10 0 1.5
120 10 0 1.5
125 10 0 1.5
130 10 0 1.5
135 10 0 1.5
140 10 0 1.5
145 10 0 1.5
150 10 0 1.5
155 10 0 1.5
160 10 0 1.5
165 10 0 1.5
170 10 0 1.5
175 10 0 1.5
180 10 0 1.5
185 10 0 1.5
190 10 0 1.5
195 10 0 1.5
200 10 0 1.5
205 10 0 1.5
210 10 0 1.5
215 10 0 1.5
220 10 0 1.5
225 10 0 1.5
230 10 0 1.5
235 10 0 1.5
240 10 0 1.5
245 10 0 1.5
250 10 0 1.5
255 10 0 1.5
260 10 0 1.5
265 10 0 1.5
270 10 0 1.5
275 10 0 1.5
280 10 0 1.5
285 10 0 1.5
290 10 0 1.5
295 10 0 1.5
300 10 0 1.5
305 10 0 1.5
310 10 0 1.5
315 10 0 1.5
320 10 0 1.5
325 10 0 1.5
330 10 0 1.5
335 10 0 1.5
340 10 0 1.5
345 10 0 1.5
350 10 0 1.5
355 10 0 1.5
