7 1 0 2.5
61 18 0 2.5
242 15 0 4.0
337 25 0 2.0
115 7 0 1.25
53 4 0 3.0
291 16 0 3.75
176 18 0 2.0
215 24 0 3.75
80 3 0 1.75
217 26 0 1.25
109 9 0 3.5
180 17 0 1.25
203 75 0 1.25
82 16 0 2.25
301 8 0 3.0
238 13 0 3.25
257 13 0 2.75
245 27 0 1.5
79 30 0 2.5
33 23 0 2.5
292 2 0 1.25
42 4 0 3.5
350 21 0 4.0
276 1 0 2.75
134 33 0 1.0
311 65 0 2.75
77 30 0 3.0
12 9 0 2.0
342 20 0 3.75
75 64 0 2.75
69 26 0 2.25
288 10 0 3.0
220 23 0 2.75
350 38 0 2.25
110 24 0 2.0
277 23 0 3.5
240 28 0 2.75
249 57 0 1.75
146 15 0 2.25
275 22 0 3.25
34 26 0 2.75
192 5 0 1.5
338 28 0 3.75
158 56 0 2.75
231 16 0 2.0
254 8 0 2.25
64 10 0 2.5
200 13 0 2.5
276 23 0 2.75
181 21 0 2.25
168 13 0 2.75
256 7 0 4.0
128 76 0 1.5
325 6 0 4.0
259 40 0 1.25
85 26 0 2.25
17 10 0 2.75
193 17 0 1.0
118 25 0 2.0
32 14 0 2.0
11 27 0 3.5
304 21 0 3.5
284 12 0 3.5
179 18 0 3.0
140 23 0 3.5
37 16 0 1.25
105 1 0 1.0
65 8 0 1.25
18 73 0 2.25
60 79 0 1.0
205 2 0 3.5
205 20 0 1.5
37 0 0 3.5
12 0 0 2.25
48 12 0 3.75
202 2 0 1.5
153 27 0 2.5
154 10 0 1.25
149 25 0 1.5
231 4 0 2.75
70 37 0 3.5
352 24 0 2.5
350 30 0 1.75
354 3 0 1.25
207 3 0 1.25
192 30 0 1.0
132 27 0 1.75
60 19 0 2.25
59 25 0 4.0
188 77 0 1.25
56 30 0 1.25
327 11 0 1.5
36 46 0 4.0
81 20 0 3.0
62 23 0 3.5
95 46 0 1.5
269 24 0 3.5
125 19 0 3.0
290 27 0 2.25
119 2 0 4.0
279 13 0 1.5
35 8 0 2.75
15 28 0 2.0
249 46 0 1.75
69 57 0 2.75
67 12 0 3.5
163 0 0 2.5
178 7 0 3.75
344 13 0 1.5
353 12 0 3.75
354 18 0 2.25
349 1 0 3.0
312 11 0 4.0
272 11 0 2.5
148 7 0 1.75
124 27 0 1.75
5 2 0 3.5
312 2 0 2.25
155 13 0 3.75
283 23 0 1.75
246 13 0 3.75
129 2 0 2.5
183 33 0 3.25
192 25 0 2.75
176 26 0 3.5
327 14 0 2.25
26 0 0 3.0
141 1 0 1.0
223 24 0 2.0
57 33 0 2.0
277 9 0 3.0
244 4 0 2.5
302 58 0 1.75
28 44 0 3.25
122 35 0 2.75
55 17 0 3.25
123 9 0 3.0
143 25 0 3.5
329 21 0 2.75
261 23 0 1.0
25 7 0 1.75
213 59 0 1.0
313 18 0 4.0
180 17 0 3.5
177 24 0 2.25
199 14 0 4.0
76 36 0 1.25
321 27 0 1.25
345 67 0 1.75
38 32 0 2.5
336 10 0 2.5
4 24 0 3.0
208 42 0 2.5
310 12 0 1.5
285 6 0 3.75
87 19 0 2.25
160 6 0 2.75
10 6 0 3.5
69 4 0 3.5
279 0 0 4.0
308 0 0 3.25
274 17 0 4.0
203 32 0 3.5
239 54 0 3.25
306 29 0 2.5
21 26 0 2.25
282 21 0 3.25
179 11 0 1.0
149 7 0 3.75
282 4 0 3.0
155 25 0 2.5
47 5 0 3.75
298 8 0 1.5
241 21 0 2.25
229 0 0 4.0
254 11 0 3.0
147 3 0 2.0
21 19 0 1.25
113 4 0 2.75
116 24 0 1.25
50 13 0 2.75
163 80 0 3.0
53 34 0 1.5
100 2 0 2.75
66 4 0 1.25
203 21 0 1.75
237 8 0 3.75
282 19 0 2.75
54 13 0 2.5
358 15 0 3.25
186 2 0 1.0
133 3 0 4.0
10 15 0 3.5
131 5 0 3.25
254 16 0 1.75
335 16 0 3.75
86 16 0 3.5
252 12 0 2.0
75 26 0 1.5
82 13 0 3.75
98 14 0 1.25
7 11 0 1.5
300 11 0 3.75
100 30 0 3.5
33 61 0 2.0
90 24 0 4.0
140 8 0 3.5
321 61 0 3.75
161 4 0 3.25
85 4 0 2.75
150 9 0 1.75
299 9 0 2.0
57 75 0 3.25
290 19 0 1.5
271 5 0 3.75
245 12 0 3.25
45 23 0 3.75
342 18 0 3.75
30 17 0 2.25
64 10 0 2.25
163 21 0 1.75
234 3 0 3.5
296 15 0 1.25
260 1 0 2.0
168 30 0 2.5
28 29 0 3.0
135 15 0 1.75
42 10 0 2.25
69 26 0 1.25
233 11 0 2.25
193 30 0 4.0
24 25 0 1.75
195 70 0 3.5
144 24 0 1.5
81 5 0 3.25
132 7 0 3.25
2 39 0 3.75
167 1 0 2.25
214 30 0 1.0
25 6 0 3.25
97 26 0 1.75
105 25 0 2.0
286 6 0 1.75
238 25 0 2.0
52 5 0 1.5
281 12 0 2.25
320 17 0 2.25
243 24 0 2.75
48 10 0 3.0
328 24 0 2.25
110 70 0 1.25
135 21 0 4.0
70 13 0 2.75
126 2 0 4.0
129 9 0 3.25
289 8 0 3.75
137 27 0 1.25
170 6 0 3.25
179 11 0 2.5
96 8 0 4.0
12 18 0 3.0
165 2 0 4.0
295 26 0 4.0
355 20 0 3.0
223 18 0 2.0
57 17 0 1.0
257 57 0 2.25
284 25 0 4.0
131 37 0 2.5
157 24 0 1.5
111 22 0 2.5
57 10 0 3.25
354 30 0 4.0
249 5 0 3.0
45 0 0 1.25
38 22 0 3.75
36 7 0 3.0
39 10 0 1.75
222 1 0 3.0
52 5 0 2.25
106 10 0 1.5
192 19 0 3.75
122 5 0 4.0
1 1 0 2.75
85 7 0 3.0
327 4 0 4.0
7 8 0 1.25
245 2 0 2.25
274 8 0 3.75
245 15 0 4.0
313 19 0 1.25
263 29 0 3.5
178 20 0 1.0
53 13 0 4.0
300 1 0 3.0
52 28 0 3.5
250 12 0 3.25
328 13 0 3.0
240 12 0 4.0
72 27 0 1.0
344 14 0 3.75
64 37 0 1.0
108 30 0 3.75
335 11 0 1.75
68 24 0 1.75
257 18 0 3.25
228 17 0 1.0
186 18 0 4.0
41 18 0 1.25
208 16 0 3.75
259 26 0 3.0
95 12 0 3.25
166 6 0 3.75
75 2 0 1.25
282 26 0 1.0
290 6 0 3.75
15 4 0 4.0
3 20 0 1.25
205 30 0 1.5
20 19 0 2.0
4 28 0 3.75
61 14 0 1.5
311 3 0 1.75
340 20 0 3.0
35 27 0 1.0
16 22 0 2.5
272 10 0 4.0
61 28 0 2.25
268 28 0 2.5
26 27 0 1.75
203 6 0 1.0
20 4 0 3.25
227 16 0 4.0
262 29 0 1.25
177 23 0 3.25
84 15 0 3.5
86 14 0 1.25
332 24 0 1.25
107 9 0 3.5
106 22 0 4.0
153 8 0 1.5
0 27 0 3.0
197 0 0 1.0
195 1 0 4.0
88 20 0 3.0
337 11 0 2.5
204 17 0 1.5
186 1 0 4.0
267 5 0 1.75
251 22 0 1.0
94 10 0 3.75
195 1 0 1.0
65 11 0 2.75
76 27 0 1.0
62 22 0 2.0
52 19 0 2.75
145 2 0 3.75
183 17 0 2.75
150 0 0 2.0
276 20 0 1.5
201 2 0 1.0
297 13 0 1.25
5 24 0 2.25
89 5 0 1.25
101 2 0 3.25
219 3 0 1.75
62 1 0 2.25
245 18 0 1.75
331 24 0 3.75
212 25 0 3.5
169 43 0 2.25
278 20 0 1.0
10 27 0 2.0
127 50 0 2.25
217 0 0 1.25
84 1 0 2.5
180 21 0 1.5
183 8 0 3.0
235 22 0 4.0
311 4 0 2.5
223 29 0 1.75
156 3 0 1.75
86 23 0 2.25
306 12 0 4.0
95 6 0 1.0
206 5 0 3.5
56 75 0 1.25
256 25 0 2.75
114 13 0 1.75
296 7 0 1.25
337 8 0 2.25
271 17 0 3.5
163 57 0 3.0
159 11 0 3.5
288 12 0 2.25
62 17 0 2.5
68 19 0 2.0
15 18 0 2.0
275 24 0 2.5
219 6 0 1.25
211 28 0 3.75
100 28 0 1.75
325 26 0 1.25
220 24 0 3.75
315 47 0 3.0
305 28 0 2.25
178 16 0 3.5
38 13 0 2.5
316 4 0 1.75
251 21 0 2.75
37 15 0 3.5
237 5 0 4.0
62 25 0 3.5
49 18 0 3.25
155 51 0 1.75
168 10 0 1.25
113 22 0 3.5
202 14 0 3.5
56 22 0 1.75
242 59 0 3.25
86 14 0 1.75
332 61 0 2.75
149 2 0 1.75
219 54 0 1.5
307 20 0 3.25
209 5 0 1.75
198 4 0 1.75
197 27 0 1.25
207 28 0 1.25
70 18 0 2.0
241 2 0 1.5
42 14 0 2.75
223 24 0 1.5
120 25 0 1.0
92 26 0 1.5
63 14 0 2.25
57 16 0 3.25
28 8 0 2.75
191 21 0 1.0
304 28 0 1.25
217 21 0 2.75
327 1 0 3.25
145 19 0 3.25
224 26 0 1.25
317 15 0 3.75
68 21 0 3.25
191 21 0 1.5
103 7 0 2.25
271 14 0 1.0
275 19 0 2.5
336 20 0 2.25
271 6 0 1.5
10 47 0 2.75
110 16 0 4.0
190 25 0 3.75
82 21 0 1.25
199 35 0 3.5
195 13 0 2.5
271 23 0 3.25
279 13 0 2.5
135 42 0 4.0
161 17 0 1.5
291 10 0 4.0
332 3 0 2.25
170 11 0 3.75
210 26 0 1.25
273 25 0 1.75
168 2 0 2.25
14 3 0 1.5
174 14 0 4.0
61 25 0 2.75
264 27 0 3.5
308 28 0 3.5
121 57 0 2.0
250 27 0 3.75
41 17 0 1.25
50 25 0 3.25
128 44 0 3.25
348 15 0 3.0
347 26 0 1.25
343 16 0 1.0
11 29 0 2.75
74 13 0 1.5
80 55 0 4.0
271 20 0 3.25
9 55 0 2.75
203 24 0 3.25
203 19 0 1.25
105 3 0 2.5
333 27 0 4.0
330 19 0 2.75
102 17 0 1.25
227 23 0 1.75
245 9 0 1.75
339 19 0 2.5
37 76 0 3.75
283 8 0 1.0
189 15 0 3.75
139 28 0 3.75
35 1 0 3.0
0 20 0 1.25
196 16 0 1.0
196 5 0 4.0
219 38 0 3.75
15 40 0 2.25
208 34 0 1.25
269 3 0 1.25
349 11 0 1.5
29 12 0 1.75
311 11 0 3.5
12 21 0 2.0
272 11 0 3.25
293 8 0 2.25
80 0 0 3.0
100 14 0 4.0
233 0 0 4.0
242 10 0 3.75
158 15 0 3.0
70 27 0 2.0
349 16 0 3.0
190 6 0 2.25
223 27 0 1.0
284 29 0 2.5
22 41 0 3.25
177 13 0 1.5
82 29 0 1.5
258 30 0 2.25
137 3 0 1.25
210 45 0 2.5
0 22 0 4.0
109 28 0 3.5
178 34 0 1.25
264 29 0 2.75
138 21 0 1.5
298 18 0 2.5
87 20 0 1.75
155 16 0 1.75
255 8 0 3.5
292 25 0 1.5
325 4 0 3.0
328 68 0 2.75
52 1 0 1.5
190 13 0 3.0
205 2 0 3.0
242 14 0 3.0
350 6 0 3.25
161 15 0 2.75
149 9 0 2.25
1 80 0 3.75
43 10 0 1.25
127 13 0 3.5
102 11 0 2.75
75 18 0 1.75
340 22 0 4.0
234 48 0 3.25
86 3 0 3.25
65 2 0 3.75
237 25 0 2.25
350 27 0 1.0
233 1 0 3.25
204 14 0 1.5
181 80 0 3.25
202 2 0 3.5
303 29 0 2.5
235 23 0 3.75
227 7 0 3.5
141 2 0 3.0
314 38 0 3.0
270 18 0 2.75
103 7 0 3.25
83 76 0 1.5
35 19 0 1.25
329 20 0 2.0
32 20 0 1.0
263 2 0 2.5
334 7 0 3.0
125 8 0 1.0
105 5 0 4.0
306 29 0 2.75
84 19 0 2.75
297 22 0 2.25
101 16 0 1.0
285 4 0 1.25
180 19 0 2.25
194 17 0 3.5
169 11 0 2.25
166 9 0 2.75
296 26 0 4.0
24 11 0 1.5
162 1 0 2.75
293 17 0 2.25
282 12 0 1.75
350 36 0 4.0
35 19 0 3.0
76 20 0 1.75
150 31 0 2.75
337 13 0 3.5
120 7 0 2.0
266 29 0 1.75
311 14 0 2.75
298 15 0 3.25
35 17 0 1.75
52 25 0 2.25
284 11 0 3.25
338 4 0 1.0
283 17 0 2.25
263 27 0 2.25
89 15 0 1.0
183 5 0 3.0
239 23 0 2.25
332 19 0 3.0
235 19 0 2.75
349 27 0 4.0
164 12 0 2.5
113 3 0 2.75
337 54 0 1.25
333 29 0 3.0
43 26 0 2.75
342 16 0 3.75
155 17 0 1.0
73 16 0 2.75
303 19 0 3.75
349 25 0 3.75
99 21 0 3.25
181 19 0 3.75
198 12 0 3.25
32 2 0 2.75
348 25 0 1.5
76 22 0 2.0
345 47 0 1.25
199 23 0 3.0
277 8 0 3.5
62 24 0 2.0
347 4 0 3.25
21 5 0 1.5
190 42 0 3.0
82 26 0 3.25
68 25 0 2.5
253 8 0 3.5
204 24 0 2.75
7 28 0 2.5
342 18 0 2.5
80 26 0 2.5
344 51 0 3.75
282 11 0 2.0
72 29 0 2.5
99 2 0 1.0
66 12 0 2.25
196 17 0 1.75
245 7 0 1.5
358 22 0 3.5
321 30 0 1.25
20 14 0 2.0
244 5 0 2.5
349 18 0 1.75
259 14 0 2.0
95 14 0 1.5
84 22 0 1.25
61 9 0 2.5
55 29 0 1.25
67 15 0 3.5
88 12 0 1.5
331 6 0 3.0
45 11 0 2.0
298 13 0 1.75
139 13 0 1.25
329 5 0 3.0
231 12 0 2.5
124 19 0 3.25
1 1 0 2.25
205 16 0 3.5
209 10 0 1.25
92 25 0 1.75
340 23 0 2.5
330 3 0 4.0
227 38 0 3.5
106 29 0 1.5
354 14 0 4.0
218 30 0 1.75
19 11 0 2.75
108 14 0 1.25
170 24 0 1.0
342 5 0 2.5
302 14 0 3.0
100 18 0 2.0
118 0 0 1.75
310 0 0 1.5
182 7 0 3.75
121 49 0 1.75
243 23 0 1.5
338 44 0 4.0
123 17 0 2.5
265 24 0 1.0
283 3 0 2.25
76 16 0 4.0
58 15 0 1.25
327 24 0 1.75
346 14 0 1.25
28 9 0 2.5
297 0 0 2.75
328 14 0 2.25
193 24 0 2.75
350 1 0 3.0
200 19 0 3.5
30 22 0 2.75
135 12 0 3.75
33 2 0 4.0
156 25 0 1.25
179 1 0 2.75
78 28 0 2.0
295 47 0 3.5
223 11 0 1.5
314 11 0 1.75
216 28 0 3.25
111 15 0 2.75
322 2 0 3.25
122 19 0 2.25
127 14 0 2.0
169 13 0 3.75
143 27 0 2.5
72 30 0 2.25
326 28 0 3.0
230 22 0 4.0
289 69 0 1.75
0 7 0 1.75
191 78 0 1.0
26 5 0 2.25
47 0 0 1.0
96 4 0 1.5
281 8 0 1.75
169 25 0 2.0
36 15 0 3.5
331 44 0 3.75
70 19 0 1.25
289 7 0 2.25
123 16 0 3.25
176 20 0 2.0
282 1 0 3.5
171 5 0 1.5
123 73 0 3.5
135 21 0 2.5
220 31 0 1.0
279 6 0 1.75
139 22 0 4.0
317 27 0 2.5
168 24 0 2.75
262 1 0 3.5
5 2 0 1.0
260 8 0 2.25
63 48 0 1.25
261 4 0 1.5
212 14 0 3.0
201 12 0 3.5
135 25 0 4.0
169 29 0 2.5
8 21 0 3.75
250 0 0 2.5
271 26 0 1.25
331 8 0 3.0
77 15 0 3.5
31 25 0 1.5
160 27 0 2.75
24 23 0 3.75
228 34 0 1.75
172 49 0 2.5
5 39 0 4.0
330 3 0 2.25
33 37 0 1.25
293 25 0 3.0
113 74 0 3.75
30 5 0 3.5
88 0 0 4.0
100 6 0 3.0
272 15 0 1.0
107 7 0 1.5
170 10 0 4.0
308 15 0 3.0
150 14 0 3.75
181 21 0 2.75
334 27 0 1.25
287 26 0 3.5
211 3 0 4.0
250 9 0 3.75
209 3 0 2.25
87 30 0 3.5
111 23 0 1.25
29 16 0 4.0
24 7 0 4.0
227 29 0 1.5
135 28 0 2.0
240 10 0 3.25
244 26 0 3.0
17 17 0 3.0
23 3 0 3.5
323 18 0 3.75
208 22 0 4.0
298 29 0 1.5
274 27 0 2.75
35 9 0 1.0
217 26 0 1.75
212 30 0 1.25
256 12 0 4.0
267 12 0 1.5
317 14 0 1.25
251 11 0 1.25
242 25 0 2.25
32 6 0 1.25
139 21 0 1.0
243 7 0 1.25
166 3 0 3.5
13 10 0 3.25
333 14 0 1.5
79 2 0 2.5
6 6 0 3.25
116 11 0 3.5
12 12 0 1.75
218 19 0 3.25
53 13 0 1.0
280 14 0 2.5
80 2 0 3.5
135 2 0 3.75
1 20 0 2.25
333 12 0 1.25
167 26 0 1.0
336 22 0 1.0
322 17 0 1.25
215 9 0 2.0
176 7 0 1.5
187 14 0 3.0
322 10 0 3.25
359 12 0 3.75
271 18 0 1.0
31 29 0 3.25
66 11 0 2.25
11 57 0 3.0
353 23 0 2.25
205 13 0 2.75
181 4 0 3.75
97 9 0 3.75
294 46 0 3.0
78 1 0 3.5
179 4 0 1.0
23 28 0 3.0
258 17 0 2.5
161 23 0 2.0
222 1 0 3.5
17 18 0 3.75
138 26 0 4.0
249 20 0 2.75
18 6 0 1.0
248 23 0 4.0
347 51 0 1.0
233 25 0 2.0
160 10 0 2.5
60 24 0 3.75
329 21 0 3.25
150 8 0 1.0
325 20 0 3.5
278 58 0 2.25
178 9 0 2.5
224 15 0 3.25
338 23 0 2.0
193 23 0 3.75
261 24 0 1.0
305 13 0 2.75
218 1 0 4.0
234 5 0 2.25
203 20 0 3.25
210 53 0 2.5
172 19 0 3.0
333 4 0 1.25
235 52 0 1.25
243 8 0 1.0
317 1 0 1.75
272 24 0 1.25
286 12 0 4.0
66 7 0 3.25
102 1 0 2.5
253 75 0 2.5
29 11 0 1.25
159 0 0 2.5
59 24 0 2.0
299 77 0 1.0
37 9 0 2.75
265 50 0 1.25
33 5 0 4.0
358 17 0 2.5
70 17 0 1.0
264 12 0 1.25
245 16 0 2.25
289 13 0 1.5
161 21 0 1.75
207 13 0 1.25
243 23 0 4.0
285 0 0 4.0
96 12 0 2.5
267 3 0 3.25
267 25 0 1.75
290 14 0 4.0
182 9 0 1.5
99 25 0 3.0
215 15 0 1.0
64 3 0 1.0
223 28 0 2.5
99 20 0 3.5
139 8 0 3.25
184 6 0 3.0
132 4 0 2.75
173 22 0 4.0
258 12 0 3.25
241 15 0 2.75
154 27 0 1.5
121 4 0 4.0
341 11 0 1.0
177 21 0 4.0
149 14 0 2.0
255 18 0 2.5
109 10 0 1.75
328 2 0 3.0
315 23 0 1.75
46 5 0 4.0
307 29 0 1.5
251 2 0 3.75
305 14 0 1.0
254 25 0 2.25
258 27 0 2.25
344 23 0 1.0
310 12 0 4.0
30 16 0 2.0
284 4 0 3.0
304 15 0 2.0
54 28 0 4.0
24 3 0 2.5
297 11 0 2.0
135 58 0 2.25
187 8 0 1.5
263 27 0 1.0
308 11 0 2.5
358 17 0 2.0
300 26 0 1.5
314 18 0 1.25
247 26 0 3.75
240 15 0 1.25
88 11 0 3.5
107 4 0 1.75
119 16 0 1.5
293 12 0 1.0
331 4 0 2.0
98 30 0 3.5
238 15 0 1.25
16 4 0 3.25
262 56 0 3.0
349 13 0 1.75
93 11 0 3.0
71 21 0 4.0
240 3 0 2.0
3 25 0 3.5
320 15 0 1.75
254 28 0 2.25
85 27 0 2.75
266 17 0 2.5
256 19 0 3.5
149 26 0 1.0
101 15 0 2.5
134 38 0 1.5
282 23 0 4.0
166 1 0 1.5
271 17 0 3.75
119 26 0 3.0
1 1 0 2.5
71 6 0 1.0
73 5 0 2.25
135 12 0 1.25
35 27 0 1.5
145 4 0 1.25
76 62 0 3.25
276 4 0 2.0
224 15 0 1.0
266 14 0 1.0
159 23 0 2.25
77 10 0 3.25
336 28 0 1.0
56 20 0 1.75
314 20 0 1.0
29 22 0 2.75
83 25 0 2.75
269 6 0 3.25
143 14 0 1.0
224 10 0 2.5
239 11 0 1.5
132 10 0 1.25
288 26 0 3.0
241 27 0 3.0
329 6 0 3.25
267 14 0 2.25
326 30 0 3.25
181 34 0 2.75
81 7 0 1.0
266 29 0 1.25
61 6 0 3.25
231 19 0 1.0
354 0 0 1.75
72 15 0 2.0
34 11 0 1.25
299 26 0 1.5
30 19 0 1.25
17 43 0 1.25
177 30 0 1.75
105 24 0 2.5
25 15 0 3.0
358 0 0 1.0
232 27 0 3.25
29 14 0 3.5
67 1 0 1.25
71 53 0 4.0
43 7 0 1.5
75 23 0 3.0
176 22 0 3.5
100 12 0 3.0
320 17 0 1.25
40 42 0 2.0
245 5 0 4.0
290 22 0 2.0
69 5 0 2.25
303 30 0 1.0
301 7 0 1.75
23 27 0 3.5
97 5 0 1.25
347 19 0 3.25
133 62 0 1.5
204 24 0 3.25
137 25 0 2.25
89 16 0 2.5
120 25 0 2.25
106 2 0 1.5
8 18 0 1.25
235 10 0 2.5
129 8 0 3.25
192 4 0 3.0
182 15 0 3.25
237 9 0 3.25
77 6 0 2.75
10 11 0 1.25
288 15 0 3.75
295 4 0 3.75
65 4 0 1.5
108 47 0 2.5
189 70 0 3.25
134 23 0 2.75
72 22 0 1.75
191 46 0 3.5
339 0 0 3.75
237 3 0 2.25
339 29 0 3.25
109 7 0 3.25
58 13 0 3.5
115 7 0 3.75
250 29 0 3.0
225 60 0 1.5
4 21 0 1.75
224 5 0 2.25
306 5 0 1.0
107 20 0 3.0
340 18 0 2.25
171 18 0 1.25
54 15 0 3.5
150 20 0 2.75
16 27 0 1.5
237 9 0 2.5
280 15 0 4.0
27 27 0 2.0
113 2 0 2.75
119 12 0 1.25
142 13 0 3.25
37 9 0 2.25
79 29 0 3.75
237 24 0 1.75
131 24 0 2.75
274 12 0 2.0
134 40 0 1.75
239 18 0 3.5
176 2 0 1.75
204 13 0 3.5
107 30 0 3.0
94 10 0 2.25
116 5 0 2.25
68 15 0 1.0
87 26 0 1.5
184 57 0 2.25
165 5 0 2.0
144 17 0 2.0
113 8 0 1.5
80 9 0 2.0
340 14 0 3.75
317 6 0 1.5
294 18 0 3.25
293 11 0 3.25
165 9 0 1.5
28 14 0 2.25
79 27 0 1.75
313 10 0 3.25
325 7 0 1.75
263 26 0 3.75
294 12 0 3.75
58 27 0 3.75
223 4 0 1.0
286 28 0 1.75
359 8 0 2.75
3 22 0 4.0
177 14 0 2.25
328 0 0 1.25
224 1 0 1.25
192 7 0 1.75
356 1 0 4.0
94 3 0 3.0
304 1 0 3.5
293 30 0 1.5
320 7 0 2.5
73 30 0 3.25
216 20 0 1.75
359 0 0 1.25
120 22 0 2.0
249 5 0 2.5
63 4 0 3.5
123 8 0 4.0
248 14 0 1.5
191 27 0 3.25
230 26 0 1.5
152 40 0 4.0
130 43 0 3.5
210 5 0 2.25
83 10 0 2.0
68 32 0 4.0
279 5 0 3.0
274 0 0 3.25
74 1 0 2.5
343 23 0 2.0
292 25 0 1.75
51 12 0 2.25
41 6 0 1.5
270 14 0 1.0
296 27 0 1.75
108 7 0 3.75
356 27 0 1.5
322 28 0 1.25
258 19 0 2.25
194 25 0 2.5
293 28 0 2.25
83 28 0 1.75
233 20 0 4.0
34 44 0 4.0
10 6 0 3.25
134 15 0 2.5
212 19 0 3.25
40 24 0 2.25
52 24 0 1.25
110 22 0 1.5
250 7 0 1.75
204 4 0 1.5
218 7 0 3.5
80 12 0 2.0
181 2 0 2.75
269 24 0 3.25
94 26 0 1.0
223 13 0 2.75
310 13 0 1.25
310 15 0 3.75
184 3 0 3.0
301 2 0 2.25
63 70 0 2.5
259 29 0 3.25
58 6 0 4.0
317 14 0 1.75
17 0 0 2.25
34 42 0 3.5
38 4 0 2.0
298 17 0 1.75
307 11 0 2.75
278 24 0 1.75
48 21 0 1.25
319 12 0 2.25
30 25 0 3.0
83 2 0 2.25
22 4 0 4.0
170 17 0 3.25
41 23 0 2.5
119 28 0 1.25
71 44 0 3.75
226 18 0 3.75
114 14 0 3.25
305 3 0 1.75
100 30 0 3.25
304 5 0 1.0
327 0 0 2.0
331 21 0 2.75
176 14 0 1.5
62 6 0 2.25
170 22 0 1.25
53 21 0 3.75
333 0 0 1.0
81 16 0 1.25
21 10 0 3.5
312 28 0 2.75
65 10 0 1.0
62 29 0 2.5
98 8 0 2.75
257 1 0 3.75
85 15 0 1.75
257 7 0 2.5
243 27 0 2.0
276 16 0 1.75
83 14 0 2.5
214 7 0 2.5
243 12 0 2.5
243 53 0 1.0
242 5 0 3.0
140 27 0 4.0
165 15 0 2.5
291 26 0 3.75
155 39 0 1.0
11 16 0 2.25
74 12 0 2.25
61 41 0 2.25
156 18 0 2.5
186 28 0 2.25
73 37 0 1.0
119 5 0 1.5
174 1 0 2.0
229 21 0 1.75
190 21 0 2.25
249 11 0 2.25
215 7 0 2.0
47 13 0 1.25
207 8 0 3.25
349 16 0 1.5
241 6 0 1.75
24 2 0 2.25
334 29 0 1.75
81 0 0 1.75
192 8 0 2.75
22 1 0 2.75
215 25 0 2.5
82 30 0 1.0
54 62 0 1.0
22 14 0 2.75
175 12 0 1.75
69 4 0 3.75
291 6 0 2.25
239 27 0 3.25
358 7 0 2.5
95 7 0 1.0
112 25 0 1.5
160 12 0 1.25
195 17 0 3.0
229 5 0 1.75
326 20 0 3.0
48 61 0 2.5
289 51 0 1.75
255 15 0 3.0
88 26 0 1.25
358 26 0 1.5
24 17 0 1.25
230 4 0 2.0
214 15 0 3.0
191 30 0 3.25
103 30 0 3.25
339 14 0 2.5
289 1 0 2.25
1 20 0 1.0
247 2 0 1.0
307 17 0 3.25
348 70 0 1.0
249 12 0 2.5
300 27 0 3.0
153 21 0 3.75
90 12 0 3.25
5 5 0 1.0
15 13 0 3.25
207 9 0 3.5
166 21 0 1.25
130 14 0 2.0
80 26 0 1.25
200 24 0 2.5
42 8 0 3.25
112 22 0 3.25
75 24 0 1.25
258 3 0 2.0
286 6 0 3.25
76 12 0 2.75
148 20 0 2.75
67 16 0 1.0
135 29 0 2.5
259 7 0 4.0
40 27 0 2.5
302 24 0 1.5
217 29 0 1.25
153 27 0 2.75
41 22 0 2.0
234 23 0 2.75
257 64 0 1.5
305 7 0 3.0
82 25 0 3.0
115 12 0 2.0
298 39 0 1.25
223 16 0 3.75
184 27 0 1.75
74 4 0 1.25
90 22 0 3.75
312 24 0 1.25
25 23 0 1.0
123 25 0 1.25
359 28 0 3.0
337 0 0 3.25
174 11 0 1.0
40 20 0 3.75
251 19 0 3.25
28 13 0 1.25
84 30 0 3.25
225 22 0 3.25
335 1 0 2.25
179 4 0 3.0
136 6 0 2.25
54 29 0 3.5
56 1 0 1.25
107 8 0 2.75
211 21 0 3.0
264 14 0 3.75
127 29 0 3.75
143 9 0 1.0
228 16 0 1.0
49 41 0 1.25
290 20 0 2.75
83 18 0 3.75
67 5 0 2.0
338 27 0 1.0
290 20 0 3.75
220 13 0 2.0
198 51 0 3.75
51 15 0 3.75
20 13 0 2.0
231 21 0 2.5
50 1 0 2.0
123 19 0 3.25
349 27 0 1.25
344 1 0 2.25
226 3 0 3.25
59 3 0 2.25
282 9 0 2.25
342 14 0 1.0
327 9 0 3.0
236 18 0 1.0
159 9 0 3.5
188 21 0 2.0
117 14 0 1.0
343 10 0 3.25
78 9 0 3.75
233 4 0 2.75
268 20 0 2.0
248 22 0 4.0
297 0 0 2.5
307 26 0 2.5
74 21 0 1.75
99 0 0 1.75
214 30 0 2.5
155 0 0 2.5
170 47 0 2.0
80 10 0 1.5
144 11 0 4.0
143 3 0 1.0
113 44 0 3.5
75 10 0 2.75
318 22 0 1.0
157 3 0 1.25
107 6 0 1.75
25 56 0 2.0
152 3 0 3.5
125 22 0 3.5
78 0 0 1.25
336 3 0 3.5
237 26 0 1.75
44 8 0 2.75
143 13 0 3.75
250 2 0 1.25
111 0 0 1.75
172 6 0 3.75
37 36 0 1.5
36 8 0 1.0
18 15 0 3.5
74 7 0 2.25
337 75 0 1.5
176 19 0 1.25
290 1 0 4.0
254 21 0 4.0
246 7 0 3.5
53 76 0 4.0
59 9 0 3.5
274 24 0 3.5
26 22 0 4.0
156 29 0 1.5
268 0 0 4.0
356 22 0 1.25
46 27 0 2.0
320 11 0 2.25
229 30 0 3.5
297 9 0 2.25
307 7 0 3.25
135 8 0 1.75
90 14 0 1.5
295 3 0 2.25
296 16 0 2.75
205 17 0 1.5
138 55 0 3.75
343 44 0 1.25
159 13 0 1.25
267 24 0 4.0
223 13 0 2.0
122 23 0 1.5
334 19 0 2.75
262 21 0 3.75
141 26 0 1.5
271 5 0 4.0
342 6 0 2.0
109 12 0 3.25
92 15 0 2.75
332 6 0 1.75
74 7 0 1.75
186 51 0 1.25
244 12 0 1.25
240 24 0 3.0
314 12 0 2.75
82 6 0 1.25
245 8 0 2.5
86 18 0 2.0
34 3 0 2.0
14 25 0 2.0
12 6 0 2.5
105 26 0 3.75
239 24 0 1.25
302 10 0 2.5
30 7 0 2.0
267 46 0 3.5
229 10 0 2.75
330 23 0 1.75
55 16 0 2.75
182 16 0 3.25
189 15 0 2.25
107 55 0 1.75
71 30 0 2.25
312 5 0 1.25
296 1 0 1.0
219 27 0 3.0
75 22 0 3.25
96 10 0 2.75
86 64 0 1.0
6 63 0 3.25
249 16 0 3.75
150 10 0 3.5
271 38 0 4.0
67 26 0 2.0
0 25 0 1.25
177 8 0 3.75
158 2 0 2.25
260 5 0 1.5
241 23 0 3.75
298 11 0 1.25
138 27 0 2.75
225 16 0 1.75
245 2 0 1.75
320 28 0 2.5
177 23 0 3.0
207 16 0 1.0
288 18 0 3.75
235 5 0 1.25
255 2 0 2.25
260 27 0 3.25
328 20 0 1.0
83 5 0 3.5
246 17 0 3.75
73 29 0 2.25
312 27 0 4.0
310 24 0 3.75
147 14 0 2.75
3 11 0 3.0
264 1 0 3.75
335 26 0 2.25
26 12 0 3.0
283 18 0 1.5
160 25 0 1.5
57 6 0 4.0
312 11 0 1.75
126 1 0 2.0
208 13 0 3.25
223 26 0 3.0
23 12 0 2.5
158 13 0 2.0
214 8 0 1.75
29 6 0 3.25
34 2 0 4.0
218 1 0 3.75
242 22 0 1.0
152 12 0 2.25
61 30 0 2.5
79 28 0 3.25
357 15 0 1.25
173 10 0 2.5
13 17 0 2.0
349 14 0 1.75
131 22 0 4.0
27 15 0 3.25
48 9 0 3.25
65 12 0 3.25
41 19 0 2.5
93 16 0 3.5
224 28 0 4.0
54 24 0 1.5
53 13 0 3.75
256 23 0 3.25
340 11 0 1.5
143 0 0 2.0
212 5 0 3.75
168 18 0 1.0
306 30 0 2.0
65 8 0 2.5
194 5 0 3.5
23 21 0 2.75
56 26 0 1.25
189 0 0 2.5
307 1 0 1.5
217 14 0 3.0
258 17 0 3.25
316 24 0 1.75
70 63 0 3.75
38 57 0 3.5
272 4 0 2.75
64 10 0 1.0
108 25 0 2.25
134 18 0 1.25
186 18 0 1.75
221 23 0 2.75
333 20 0 2.75
67 33 0 2.0
182 6 0 1.25
333 8 0 2.0
205 3 0 1.75
151 60 0 1.75
159 17 0 3.5
121 29 0 1.5
52 6 0 2.75
102 28 0 2.25
327 4 0 2.5
359 27 0 3.75
154 21 0 1.5
302 12 0 3.75
261 2 0 2.25
161 20 0 2.5
197 1 0 2.0
327 7 0 3.5
289 23 0 3.75
73 17 0 3.75
253 14 0 2.25
53 3 0 1.5
337 21 0 2.25
220 13 0 1.5
23 0 0 1.0
112 75 0 1.0
157 14 0 1.5
349 0 0 3.5
211 21 0 1.0
118 6 0 1.0
252 25 0 2.75
39 26 0 1.75
17 23 0 1.5
146 77 0 3.75
275 11 0 2.5
180 9 0 2.5
314 8 0 2.25
11 21 0 2.0
86 48 0 3.75
111 11 0 3.0
231 10 0 2.5
157 11 0 3.0
99 7 0 4.0
42 62 0 4.0
49 1 0 3.75
167 15 0 2.25
102 11 0 2.0
195 5 0 2.25
313 27 0 2.25
342 16 0 2.75
96 49 0 3.5
261 29 0 1.25
24 25 0 2.75
28 13 0 4.0
63 27 0 2.0
119 10 0 3.75
99 26 0 2.0
225 18 0 1.0
247 6 0 3.25
79 23 0 3.0
219 29 0 3.25
318 0 0 1.0
353 14 0 3.0
141 29 0 3.5
72 27 0 2.5
221 75 0 3.0
232 3 0 1.0
213 24 0 1.25
344 5 0 4.0
95 7 0 3.75
305 20 0 2.75
358 42 0 1.75
237 17 0 2.75
194 27 0 4.0
3 3 0 2.75
240 16 0 2.0
98 20 0 2.25
313 2 0 1.5
150 17 0 2.25
312 5 0 2.0
131 5 0 3.5
200 6 0 3.0
98 23 0 2.5
353 18 0 2.75
35 8 0 3.0
185 17 0 3.5
143 40 0 2.0
326 23 0 2.0
58 4 0 3.5
110 13 0 2.75
330 20 0 1.5
17 7 0 3.75
293 32 0 2.75
39 53 0 2.25
188 22 0 3.25
96 8 0 1.0
150 26 0 2.25
283 15 0 1.5
251 10 0 3.5
17 8 0 1.5
101 16 0 3.5
120 19 0 3.5
113 15 0 1.5
209 11 0 2.75
358 2 0 3.0
191 11 0 2.25
203 11 0 3.25
260 4 0 1.25
232 39 0 3.75
130 26 0 3.75
232 26 0 3.75
248 0 0 2.0
300 25 0 3.5
287 6 0 2.0
82 62 0 2.25
185 17 0 2.75
35 14 0 2.5
13 7 0 1.25
287 6 0 2.25
248 11 0 3.25
91 29 0 1.25
233 23 0 3.75
167 18 0 1.0
40 13 0 3.5
110 5 0 1.5
278 26 0 1.25
260 25 0 3.5
200 13 0 3.0
311 29 0 3.5
353 18 0 1.25
346 7 0 3.25
295 26 0 1.75
310 8 0 2.0
255 5 0 2.5
255 0 0 1.75
315 1 0 1.75
155 67 0 1.75
104 21 0 1.5
18 53 0 1.75
224 24 0 2.0
203 23 0 3.5
171 6 0 2.5
200 4 0 1.75
275 3 0 3.25
134 19 0 4.0
291 24 0 3.75
44 13 0 3.0
189 28 0 2.5
324 75 0 3.25
168 13 0 2.5
158 26 0 2.25
100 24 0 2.25
142 17 0 3.25
162 9 0 1.75
261 7 0 2.25
302 27 0 3.0
239 0 0 2.25
132 0 0 1.5
182 29 0 3.5
133 2 0 3.5
28 0 0 1.0
124 16 0 2.5
75 3 0 1.5
172 26 0 1.25
217 25 0 2.25
12 1 0 3.25
74 3 0 1.25
86 27 0 4.0
102 7 0 3.5
181 45 0 1.25
345 1 0 1.0
218 22 0 2.25
104 18 0 3.75
233 7 0 3.0
196 2 0 3.5
314 16 0 2.0
354 25 0 2.0
211 2 0 1.25
241 18 0 2.0
323 18 0 1.0
80 13 0 3.5
154 30 0 1.5
148 19 0 2.5
226 19 0 2.5
84 15 0 1.75
191 9 0 4.0
200 5 0 1.75
127 4 0 2.5
173 9 0 2.0
337 17 0 2.0
99 14 0 3.0
126 5 0 1.0
109 13 0 4.0
120 1 0 2.25
183 27 0 2.75
336 2 0 4.0
260 27 0 1.75
47 15 0 1.25
291 33 0 2.75
191 14 0 2.75
114 24 0 2.0
152 28 0 2.25
240 61 0 2.0
328 35 0 4.0
297 15 0 1.0
233 26 0 3.5
167 15 0 4.0
302 29 0 2.75
34 46 0 2.5
270 24 0 1.25
228 3 0 4.0
193 46 0 3.75
195 7 0 1.75
261 13 0 1.75
151 30 0 2.25
166 4 0 3.5
139 17 0 1.75
221 46 0 3.75
314 35 0 3.5
102 22 0 1.0
6 54 0 1.25
29 4 0 3.0
278 44 0 3.75
15 8 0 1.25
242 13 0 3.0
191 18 0 3.25
294 47 0 3.25
234 4 0 2.75
4 0 0 2.0
11 28 0 1.5
200 35 0 1.0
97 29 0 3.25
250 30 0 1.5
189 11 0 1.25
34 23 0 1.75
138 21 0 2.25
298 5 0 2.75
233 16 0 3.25
221 7 0 2.5
287 26 0 4.0
105 6 0 2.0
88 17 0 3.5
106 28 0 2.75
277 17 0 2.75
294 9 0 1.75
190 46 0 2.0
319 24 0 1.5
164 18 0 1.25
206 0 0 3.75
257 14 0 2.5
346 30 0 1.75
359 13 0 2.75
113 15 0 2.75
1 17 0 3.75
28 4 0 1.5
46 3 0 2.25
78 20 0 1.75
120 19 0 3.25
116 11 0 2.0
190 25 0 3.0
195 7 0 1.0
77 1 0 1.25
192 0 0 3.0
80 9 0 3.5
231 25 0 2.75
256 16 0 2.25
348 17 0 1.5
6 68 0 3.5
274 12 0 3.5
344 16 0 2.75
221 27 0 1.0
249 14 0 2.5
117 12 0 3.5
200 1 0 2.75
43 21 0 1.25
198 33 0 1.0
350 55 0 2.25
161 28 0 1.25
79 5 0 2.5
66 12 0 1.75
332 6 0 3.0
168 39 0 2.5
309 28 0 1.75
98 58 0 4.0
195 5 0 3.25
358 33 0 3.5
140 10 0 1.5
292 29 0 2.0
283 16 0 2.25
106 8 0 3.5
51 4 0 2.5
335 28 0 1.25
157 30 0 1.5
111 8 0 2.0
122 12 0 3.75
219 13 0 3.75
307 6 0 3.5
158 1 0 3.5
357 20 0 3.0
291 15 0 1.0
85 13 0 3.25
226 4 0 2.0
215 22 0 3.5
124 12 0 1.0
144 17 0 1.5
115 26 0 4.0
98 25 0 2.0
213 18 0 3.0
237 21 0 1.5
89 29 0 4.0
47 4 0 1.25
10 21 0 2.75
350 27 0 3.75
320 3 0 3.75
154 0 0 3.25
117 28 0 4.0
306 6 0 2.25
153 12 0 2.25
16 20 0 1.75
75 7 0 1.0
99 24 0 2.25
139 27 0 1.5
50 15 0 3.5
10 12 0 1.25
186 14 0 2.75
220 12 0 1.5
215 20 0 3.25
128 19 0 1.25
350 7 0 2.0
267 15 0 1.75
265 18 0 2.25
141 27 0 2.5
103 21 0 2.5
209 37 0 1.75
290 9 0 1.75
131 26 0 4.0
25 2 0 3.75
280 20 0 4.0
237 27 0 1.5
278 31 0 3.0
166 17 0 3.25
44 7 0 1.5
341 13 0 2.5
19 30 0 3.0
296 37 0 3.75
187 2 0 4.0
127 18 0 4.0
341 13 0 3.5
290 9 0 2.25
17 58 0 2.0
130 10 0 2.5
48 23 0 3.75
89 8 0 1.0
148 25 0 1.75
347 16 0 2.75
120 24 0 3.75
0 27 0 3.75
77 57 0 3.0
240 2 0 2.5
5 24 0 2.5
357 14 0 2.5
333 5 0 2.5
233 28 0 3.0
171 30 0 3.5
248 16 0 1.5
273 0 0 1.25
244 16 0 2.75
127 9 0 2.0
316 34 0 3.5
9 18 0 1.75
317 12 0 3.0
354 64 0 3.75
147 20 0 2.5
264 17 0 3.75
315 51 0 1.75
277 51 0 3.5
150 4 0 3.75
36 57 0 1.25
86 17 0 1.0
354 20 0 3.0
299 4 0 1.5
8 16 0 1.75
327 28 0 2.5
169 24 0 3.75
95 0 0 1.5
168 18 0 1.5
130 26 0 1.5
19 58 0 3.25
132 23 0 3.5
233 26 0 1.75
67 19 0 2.0
190 22 0 3.25
174 30 0 2.25
318 12 0 1.5
75 6 0 1.75
258 14 0 2.25
298 41 0 3.0
35 22 0 2.5
58 2 0 3.0
3 14 0 3.0
296 17 0 3.75
105 9 0 2.0
300 29 0 3.5
117 1 0 1.0
92 15 0 1.25
62 18 0 3.0
81 29 0 1.5
174 20 0 3.5
227 21 0 2.25
229 24 0 3.75
342 10 0 1.0
128 28 0 3.0
34 27 0 2.75
169 24 0 1.25
182 28 0 3.25
119 4 0 1.5
91 9 0 3.75
332 14 0 2.25
141 19 0 1.75
31 12 0 2.75
272 19 0 1.0
194 14 0 3.25
91 13 0 3.75
270 29 0 1.75
305 47 0 3.75
132 10 0 2.25
101 26 0 1.75
46 56 0 3.0
308 12 0 4.0
63 23 0 1.75
215 23 0 1.75
306 19 0 3.25
315 21 0 1.0
223 25 0 2.0
343 18 0 3.5
15 18 0 3.75
222 16 0 1.75
3 5 0 1.75
269 21 0 2.25
296 3 0 2.5
312 30 0 2.75
202 49 0 1.5
316 27 0 1.75
299 10 0 1.25
351 17 0 3.0
179 21 0 2.75
131 57 0 1.5
32 7 0 2.0
120 14 0 2.25
211 2 0 4.0
305 14 0 3.5
244 32 0 1.0
202 25 0 1.0
12 26 0 3.75
275 15 0 1.5
240 28 0 3.25
253 26 0 2.5
132 20 0 2.5
224 1 0 3.25
306 7 0 1.5
303 23 0 1.25
351 20 0 2.5
117 21 0 1.25
83 48 0 2.0
103 15 0 3.25
64 26 0 3.5
109 9 0 2.25
148 35 0 3.5
162 7 0 2.75
152 13 0 1.5
22 5 0 2.5
162 1 0 1.5
318 5 0 3.0
39 14 0 3.5
227 25 0 2.5
156 14 0 3.5
148 17 0 1.25
85 12 0 3.75
262 14 0 2.25
82 9 0 1.75
180 21 0 1.75
153 68 0 2.25
319 70 0 3.75
24 1 0 4.0
113 10 0 3.25
337 19 0 2.0
161 5 0 1.75
274 8 0 1.75
283 7 0 4.0
56 2 0 3.5
146 23 0 1.5
279 15 0 1.75
321 13 0 3.0
36 19 0 2.5
27 0 0 1.5
2 2 0 1.5
121 5 0 3.5
249 24 0 3.25
169 15 0 1.5
13 18 0 3.75
127 1 0 3.25
296 8 0 2.75
247 10 0 3.25
294 63 0 3.0
53 70 0 2.5
186 26 0 1.0
272 22 0 3.25
171 4 0 1.25
111 20 0 2.5
152 29 0 1.0
111 10 0 3.25
312 22 0 3.0
270 25 0 1.5
34 54 0 3.0
207 30 0 1.75
260 29 0 1.75
73 14 0 3.0
197 0 0 3.25
186 22 0 1.75
84 4 0 1.75
112 35 0 4.0
69 1 0 2.75
184 20 0 2.0
143 8 0 3.5
216 43 0 1.75
213 22 0 3.5
101 16 0 2.0
245 31 0 1.25
36 30 0 2.5
195 3 0 1.0
301 19 0 3.5
230 24 0 3.0
147 15 0 3.75
24 41 0 1.75
234 29 0 1.0
123 59 0 3.5
335 13 0 3.75
358 12 0 1.5
277 8 0 2.75
66 2 0 1.0
249 15 0 2.25
359 17 0 1.25
182 15 0 2.0
191 17 0 4.0
55 14 0 3.25
320 31 0 3.25
211 28 0 3.5
343 35 0 3.25
263 20 0 2.5
203 15 0 2.0
119 14 0 3.5
87 6 0 4.0
234 6 0 3.75
78 5 0 1.0
352 2 0 3.25
99 40 0 1.25
191 25 0 2.5
239 20 0 2.75
206 20 0 1.25
106 8 0 3.0
210 37 0 3.5
234 41 0 3.5
293 15 0 1.5
347 13 0 2.0
201 17 0 3.0
229 12 0 3.75
54 12 0 1.75
123 23 0 3.25
215 27 0 1.5
32 60 0 2.25
120 20 0 2.5
352 6 0 2.75
25 5 0 3.75
152 30 0 1.0
174 30 0 1.75
235 26 0 1.25
163 17 0 2.25
118 30 0 2.75
223 20 0 1.75
54 45 0 2.5
323 1 0 2.5
295 22 0 3.25
28 16 0 4.0
142 22 0 1.5
88 24 0 2.25
48 23 0 4.0
270 31 0 3.25
342 16 0 1.5
35 21 0 1.75
252 7 0 3.0
4 6 0 2.75
346 18 0 2.5
157 39 0 3.25
86 18 0 2.25
288 10 0 3.75
62 15 0 1.0
331 59 0 2.25
248 1 0 2.25
214 22 0 3.25
333 30 0 3.25
249 27 0 3.25
338 5 0 3.0
177 6 0 1.0
127 10 0 1.5
116 50 0 2.75
310 1 0 1.75
152 3 0 2.25
190 18 0 2.25
106 4 0 1.25
49 21 0 1.0
3 54 0 2.0
160 15 0 3.0
154 15 0 2.5
212 7 0 3.0
309 18 0 4.0
2 59 0 2.75
1 11 0 2.25
298 30 0 1.25
186 4 0 3.5
131 24 0 1.0
49 16 0 3.25
295 25 0 2.0
251 23 0 3.25
235 13 0 3.0
164 24 0 3.75
268 29 0 2.75
35 19 0 2.75
250 20 0 3.5
71 30 0 1.25
43 9 0 3.75
149 12 0 2.75
99 15 0 2.0
229 0 0 1.0
259 16 0 3.5
343 1 0 1.75
290 70 0 1.25
29 22 0 3.25
264 1 0 1.0
329 11 0 2.5
35 29 0 4.0
122 17 0 4.0
266 3 0 3.25
332 0 0 1.75
232 11 0 3.0
113 8 0 4.0
245 17 0 2.0
272 2 0 2.25
76 21 0 2.25
220 1 0 1.75
330 15 0 2.75
26 41 0 1.75
16 48 0 1.75
324 9 0 3.25
356 12 0 1.75
331 14 0 4.0
111 23 0 1.75
241 31 0 1.0
146 12 0 1.5
21 60 0 3.25
291 15 0 3.0
236 22 0 3.25
283 0 0 1.25
20 17 0 3.5
238 27 0 1.5
165 23 0 2.25
354 2 0 2.75
247 0 0 1.0
342 25 0 2.75
106 8 0 3.25
323 7 0 1.5
216 38 0 2.0
318 7 0 2.25
0 20 0 3.75
197 17 0 1.75
280 13 0 2.5
231 51 0 3.5
101 23 0 3.5
268 12 0 2.25
230 14 0 1.75
112 14 0 4.0
337 13 0 3.75
353 5 0 2.25
63 21 0 2.75
113 15 0 3.75
307 30 0 1.5
61 27 0 2.75
195 8 0 3.5
137 21 0 2.75
166 3 0 2.5
26 10 0 2.0
79 7 0 2.25
129 12 0 1.5
252 20 0 2.75
299 26 0 2.25
146 1 0 1.0
282 29 0 1.25
51 23 0 3.75
40 1 0 1.25
220 20 0 3.5
10 29 0 3.0
260 22 0 3.75
110 21 0 1.75
253 27 0 2.75
287 11 0 3.0
6 10 0 4.0
123 28 0 2.5
176 9 0 2.25
270 25 0 2.5
154 49 0 2.0
260 6 0 1.5
77 9 0 3.75
60 12 0 3.25
294 74 0 2.75
222 46 0 1.75
153 3 0 1.75
189 4 0 1.0
126 7 0 2.0
340 3 0 2.5
241 31 0 3.25
99 46 0 4.0
287 22 0 1.75
46 25 0 1.75
154 8 0 1.0
330 42 0 2.75
97 80 0 1.75
341 5 0 3.75
244 34 0 3.5
220 20 0 2.25
183 11 0 3.75
248 21 0 2.0
185 62 0 3.0
134 52 0 3.25
59 23 0 3.5
298 12 0 2.25
142 14 0 3.75
326 20 0 2.5
316 15 0 1.75
322 10 0 1.0
219 3 0 2.25
223 28 0 2.0
263 10 0 2.25
48 4 0 3.0
73 1 0 4.0
251 28 0 1.0
115 6 0 3.5
174 16 0 3.75
112 56 0 1.5
177 8 0 2.25
17 10 0 1.25
345 29 0 4.0
255 18 0 3.0
230 24 0 1.25
276 20 0 1.25
171 0 0 2.0
330 4 0 3.25
154 29 0 1.5
339 30 0 1.25
186 21 0 4.0
220 4 0 2.75
247 38 0 3.5
93 9 0 3.25
188 26 0 3.0
248 17 0 1.5
298 14 0 2.5
287 12 0 2.75
221 26 0 2.5
273 0 0 1.5
355 17 0 1.75
166 3 0 3.25
147 5 0 3.5
72 1 0 3.5
11 14 0 2.75
338 7 0 2.5
267 26 0 1.25
132 32 0 3.75
174 27 0 1.0
273 16 0 1.25
183 23 0 3.0
96 6 0 2.5
167 22 0 3.25
299 75 0 2.25
287 23 0 4.0
251 22 0 4.0
55 58 0 3.5
353 12 0 1.75
272 4 0 2.0
302 22 0 2.75
121 58 0 3.0
104 0 0 1.5
86 26 0 4.0
318 11 0 1.5
64 11 0 3.25
237 8 0 3.0
229 28 0 2.5
284 9 0 3.0
268 21 0 3.75
303 45 0 3.75
102 5 0 3.0
185 4 0 3.75
21 12 0 3.25
25 16 0 2.0
70 33 0 3.0
60 40 0 2.25
331 9 0 2.0
269 26 0 3.75
359 21 0 3.0
153 10 0 2.0
160 29 0 3.25
12 17 0 2.75
17 23 0 1.25
129 9 0 2.5
301 12 0 2.5
214 21 0 3.75
214 25 0 2.25
155 26 0 1.75
109 5 0 2.25
168 2 0 2.5
32 28 0 1.0
330 58 0 4.0
150 28 0 3.0
64 14 0 1.25
316 26 0 1.0
119 4 0 2.25
291 28 0 2.25
60 8 0 2.0
359 26 0 3.75
251 1 0 1.75
281 2 0 1.5
297 20 0 2.0
339 6 0 1.5
347 29 0 2.25
243 29 0 1.75
252 2 0 1.5
338 58 0 2.25
62 11 0 2.0
15 26 0 3.25
43 21 0 1.0
79 6 0 2.75
250 20 0 3.75
178 12 0 2.5
344 7 0 1.25
110 66 0 2.0
53 13 0 3.5
58 6 0 3.0
186 6 0 1.0
167 25 0 1.0
104 16 0 3.75
304 21 0 3.75
156 30 0 3.5
135 36 0 4.0
115 17 0 3.75
354 7 0 1.0
258 20 0 1.5
351 12 0 4.0
109 26 0 2.0
216 53 0 2.5
339 22 0 1.25
252 24 0 2.75
127 30 0 1.0
234 36 0 1.25
224 45 0 1.0
89 27 0 3.75
178 20 0 2.0
56 13 0 3.0
214 65 0 2.75
169 7 0 3.5
115 27 0 1.5
95 66 0 2.5
252 6 0 2.75
34 30 0 3.0
162 27 0 3.0
280 2 0 1.5
277 0 0 1.25
94 30 0 1.25
306 3 0 3.75
144 1 0 1.5
38 30 0 4.0
95 18 0 2.5
6 28 0 1.25
281 0 0 3.5
39 10 0 3.5
119 9 0 2.25
236 55 0 1.0
228 17 0 2.75
132 17 0 2.5
251 16 0 2.75
242 31 0 3.25
299 6 0 2.5
318 9 0 1.25
20 56 0 1.75
235 7 0 4.0
327 19 0 1.0
86 28 0 2.0
20 53 0 2.75
12 6 0 2.25
136 25 0 2.0
22 26 0 3.5
44 26 0 3.0
54 20 0 2.5
113 15 0 4.0
338 4 0 3.25
303 3 0 3.5
74 22 0 3.0
261 10 0 3.75
221 19 0 2.25
313 25 0 1.25
352 12 0 2.25
268 0 0 1.0
253 21 0 1.25
53 9 0 3.0
116 18 0 2.5
57 9 0 2.5
20 7 0 1.25
4 21 0 4.0
196 0 0 2.75
106 5 0 1.75
255 3 0 2.0
193 17 0 3.0
92 22 0 2.0
176 0 0 3.0
312 16 0 1.0
256 67 0 2.25
250 23 0 1.0
358 6 0 2.0
229 2 0 3.0
276 11 0 1.75
336 3 0 4.0
355 20 0 3.5
203 20 0 3.75
140 16 0 3.25
234 12 0 3.25
225 0 0 2.25
184 2 0 1.0
333 26 0 1.5
277 2 0 3.0
78 5 0 3.0
181 25 0 3.25
62 14 0 2.75
159 26 0 1.0
66 0 0 3.75
341 50 0 4.0
306 20 0 1.75
28 26 0 3.75
68 36 0 3.25
292 50 0 1.25
148 68 0 3.75
271 24 0 3.75
234 2 0 2.75
324 19 0 3.25
294 5 0 1.75
85 3 0 3.0
228 23 0 3.75
164 23 0 4.0
3 6 0 2.0
329 22 0 2.25
252 11 0 2.5
243 15 0 2.0
233 5 0 2.5
47 9 0 4.0
234 29 0 4.0
274 14 0 2.25
328 11 0 1.0
313 5 0 1.25
280 2 0 3.75
135 26 0 3.25
52 8 0 3.5
198 18 0 3.25
169 0 0 2.0
133 16 0 1.5
198 25 0 2.25
239 2 0 3.75
146 16 0 3.75
3 5 0 4.0
159 8 0 3.5
225 9 0 4.0
142 27 0 2.0
169 6 0 1.75
141 15 0 3.75
354 29 0 3.75
83 26 0 4.0
237 8 0 2.0
125 7 0 2.75
117 15 0 1.75
112 5 0 2.5
44 10 0 3.5
233 27 0 2.0
257 44 0 3.0
134 3 0 2.0
51 15 0 1.0
75 10 0 3.75
50 26 0 3.5
231 1 0 1.5
37 13 0 2.75
54 21 0 1.5
327 28 0 3.0
106 15 0 2.25
57 65 0 4.0
224 20 0 3.25
268 16 0 3.75
4 2 0 1.5
261 21 0 3.75
120 39 0 1.0
223 5 0 3.5
138 21 0 1.25
74 10 0 3.25
141 7 0 2.75
283 17 0 1.5
276 15 0 2.5
327 5 0 2.25
97 15 0 1.75
106 4 0 3.0
182 7 0 1.25
283 69 0 4.0
3 51 0 1.5
330 26 0 2.75
191 46 0 1.0
156 17 0 1.5
275 13 0 2.5
40 26 0 1.5
42 0 0 3.0
16 3 0 2.25
343 7 0 1.0
84 3 0 1.75
301 26 0 3.75
324 9 0 1.25
29 18 0 4.0
37 19 0 2.75
204 3 0 2.25
197 1 0 1.0
281 16 0 1.5
73 24 0 1.25
54 16 0 3.5
290 25 0 3.5
66 25 0 2.75
76 10 0 1.25
337 20 0 2.0
126 47 0 2.0
164 30 0 2.75
145 31 0 3.5
179 11 0 2.25
216 7 0 1.0
147 2 0 2.75
25 31 0 3.75
290 28 0 2.75
16 10 0 3.0
39 5 0 1.25
45 4 0 2.25
139 7 0 2.75
32 30 0 1.0
189 2 0 3.5
337 19 0 1.5
351 12 0 2.75
33 18 0 1.0
71 20 0 3.5
145 24 0 4.0
283 24 0 2.5
230 38 0 3.75
64 24 0 2.5
46 13 0 3.5
96 25 0 4.0
29 3 0 2.25
120 21 0 3.25
178 22 0 4.0
215 15 0 2.25
95 5 0 1.25
304 4 0 3.5
37 9 0 3.75
93 22 0 2.5
340 31 0 1.75
236 23 0 2.25
263 6 0 1.5
83 12 0 1.0
250 20 0 1.0
120 23 0 3.0
85 28 0 1.25
36 18 0 3.25
267 21 0 2.75
128 29 0 2.75
223 15 0 1.0
217 8 0 1.25
9 13 0 2.0
335 19 0 3.75
143 6 0 3.5
85 57 0 2.25
134 22 0 2.0
144 4 0 1.75
200 40 0 3.25
11 11 0 2.75
308 7 0 3.0
114 7 0 1.25
84 3 0 2.5
352 30 0 1.0
186 26 0 3.25
185 24 0 2.5
153 12 0 3.0
245 12 0 3.5
214 20 0 4.0
37 8 0 3.0
222 25 0 3.5
1 19 0 2.25
214 30 0 4.0
132 35 0 1.5
137 15 0 1.5
273 0 0 2.0
30 1 0 2.0
258 69 0 3.75
166 29 0 1.5
104 22 0 3.5
265 22 0 1.25
285 6 0 2.0
219 8 0 1.75
210 10 0 2.75
16 10 0 2.75
334 22 0 3.75
2 27 0 2.0
164 15 0 2.0
148 9 0 2.25
317 22 0 3.25
210 5 0 3.5
195 18 0 3.5
314 27 0 2.75
298 26 0 1.0
332 7 0 1.0
233 24 0 1.0
122 13 0 1.5
176 9 0 2.5
334 9 0 3.25
109 23 0 2.0
291 24 0 3.0
27 30 0 4.0
325 18 0 3.0
73 0 0 2.0
299 29 0 1.25
261 5 0 2.0
205 7 0 3.0
280 26 0 2.0
65 14 0 2.0
316 12 0 3.0
143 15 0 3.5
288 28 0 1.0
232 20 0 1.0
56 6 0 2.25
351 11 0 3.5
21 24 0 2.75
224 10 0 2.75
224 0 0 2.75
98 16 0 3.5
331 9 0 3.75
242 21 0 3.25
262 15 0 2.0
129 43 0 2.0
42 25 0 3.25
113 8 0 2.25
246 20 0 2.5
308 10 0 3.25
300 5 0 1.25
123 7 0 3.5
45 22 0 3.0
231 6 0 1.0
146 17 0 4.0
111 34 0 2.25
218 23 0 1.0
123 60 0 2.25
120 29 0 1.0
107 15 0 3.0
156 9 0 4.0
187 16 0 1.0
134 8 0 1.0
117 14 0 3.75
345 58 0 1.75
66 9 0 1.25
107 22 0 1.0
185 23 0 1.5
112 13 0 4.0
15 27 0 3.25
232 24 0 1.5
194 56 0 2.25
43 21 0 2.25
146 8 0 1.75
222 10 0 2.5
333 24 0 1.0
231 2 0 1.5
189 19 0 3.25
213 15 0 3.5
44 8 0 2.0
27 53 0 1.25
52 18 0 1.25
274 43 0 2.25
316 30 0 2.25
216 42 0 2.0
170 14 0 2.25
235 11 0 2.75
278 7 0 3.75
317 50 0 3.75
29 6 0 3.5
269 10 0 1.0
121 78 0 1.25
53 25 0 1.0
82 21 0 2.5
294 16 0 3.75
292 6 0 3.25
188 6 0 3.75
324 16 0 2.5
351 30 0 2.0
322 20 0 3.0
16 14 0 3.75
257 43 0 2.75
176 3 0 1.25
195 2 0 3.75
65 10 0 3.0
80 27 0 2.5
210 25 0 3.75
202 30 0 4.0
32 20 0 3.0
92 15 0 3.75
82 17 0 1.5
70 13 0 3.75
114 20 0 3.75
162 7 0 3.5
282 2 0 3.75
300 22 0 3.75
214 7 0 4.0
49 19 0 1.0
275 40 0 1.75
246 23 0 2.5
37 25 0 3.0
327 16 0 3.5
295 75 0 3.0
218 26 0 3.0
153 30 0 3.25
46 22 0 3.25
261 14 0 4.0
241 21 0 2.75
122 31 0 3.25
83 29 0 2.5
113 10 0 3.5
84 15 0 3.75
73 47 0 2.75
187 21 0 2.25
81 2 0 3.0
187 5 0 1.5
5 5 0 1.5
239 40 0 1.25
179 10 0 2.0
332 14 0 3.5
246 28 0 4.0
194 44 0 3.25
76 4 0 1.5
2 20 0 4.0
284 7 0 1.75
319 15 0 1.5
120 27 0 3.75
123 20 0 2.75
19 8 0 2.25
40 67 0 3.0
177 2 0 1.25
348 15 0 2.5
303 27 0 2.75
125 1 0 1.75
23 63 0 1.5
263 8 0 1.75
125 22 0 1.5
327 51 0 3.5
216 1 0 1.25
228 1 0 2.0
230 16 0 3.0
256 2 0 1.75
229 3 0 2.25
300 5 0 2.25
17 28 0 1.25
253 27 0 1.0
41 15 0 1.25
196 14 0 2.0
270 26 0 3.0
132 52 0 2.25
178 13 0 3.25
266 21 0 3.5
290 1 0 2.5
264 6 0 3.0
14 19 0 3.25
193 4 0 2.0
255 30 0 1.0
275 6 0 3.0
309 25 0 3.5
311 14 0 3.25
114 0 0 3.5
342 26 0 1.75
220 1 0 2.5
5 26 0 1.25
92 20 0 1.75
99 7 0 1.5
140 11 0 3.5
259 27 0 2.25
296 52 0 3.5
277 26 0 2.75
36 19 0 2.25
241 40 0 3.0
224 2 0 1.75
140 27 0 2.25
315 6 0 3.75
324 31 0 1.25
256 9 0 1.5
351 32 0 3.25
155 5 0 3.25
55 20 0 2.75
263 19 0 3.75
276 22 0 2.0
346 5 0 2.5
251 19 0 3.5
215 18 0 2.75
173 10 0 2.0
23 62 0 2.0
103 7 0 1.25
319 29 0 1.75
186 50 0 4.0
78 29 0 2.25
151 27 0 3.5
330 12 0 1.0
91 20 0 3.5
195 42 0 1.0
323 0 0 2.75
60 44 0 4.0
309 25 0 2.5
98 22 0 2.25
155 25 0 2.25
109 15 0 3.0
184 27 0 3.0
92 10 0 2.0
333 7 0 2.0
321 78 0 1.75
18 26 0 1.75
73 29 0 2.0
289 0 0 3.5
190 28 0 1.0
77 16 0 3.5
108 28 0 1.5
200 26 0 2.0
32 28 0 1.5
61 9 0 2.75
185 1 0 1.75
340 17 0 3.25
57 3 0 4.0
316 2 0 1.25
195 24 0 3.75
183 40 0 3.5
61 10 0 1.75
258 17 0 1.5
321 13 0 3.75
305 8 0 4.0
92 24 0 1.75
252 22 0 4.0
155 1 0 3.25
284 10 0 3.0
24 29 0 1.25
54 26 0 4.0
36 9 0 1.0
175 27 0 3.25
242 26 0 3.75
290 1 0 1.25
13 2 0 1.5
160 8 0 1.5
288 25 0 1.25
152 7 0 3.75
115 29 0 1.0
305 20 0 3.5
268 24 0 3.0
77 24 0 2.0
150 19 0 3.0
359 22 0 1.5
107 10 0 2.5
97 11 0 4.0
11 14 0 4.0
223 53 0 3.5
289 9 0 2.75
176 9 0 1.25
309 46 0 2.0
179 24 0 2.75
271 7 0 3.5
11 3 0 3.0
179 24 0 2.25
182 30 0 2.0
217 8 0 2.25
231 9 0 2.5
111 0 0 2.0
279 2 0 2.5
7 33 0 3.0
350 12 0 4.0
126 13 0 1.75
335 57 0 1.25
283 8 0 1.75
167 15 0 3.5
352 4 0 1.5
161 3 0 2.25
51 6 0 3.0
211 6 0 2.0
82 15 0 2.25
27 22 0 1.5
145 2 0 2.75
89 23 0 3.25
201 29 0 3.25
27 23 0 1.25
277 5 0 3.75
227 9 0 1.5
183 18 0 2.5
144 20 0 3.0
235 12 0 3.75
298 21 0 3.25
146 9 0 3.0
353 0 0 2.0
41 8 0 1.75
152 28 0 1.25
28 16 0 3.0
319 1 0 2.5
299 67 0 2.75
318 13 0 3.25
224 15 0 1.5
241 10 0 1.0
141 3 0 3.25
116 22 0 4.0
248 18 0 1.75
353 18 0 3.25
61 19 0 2.25
256 13 0 3.0
166 17 0 3.5
278 4 0 3.0
245 14 0 1.25
250 17 0 2.75
12 33 0 3.5
192 27 0 4.0
52 4 0 1.75
70 18 0 1.75
316 3 0 2.25
337 3 0 2.0
103 18 0 1.5
353 23 0 2.0
352 23 0 2.25
352 22 0 3.5
111 29 0 2.25
5 28 0 3.25
226 24 0 1.25
93 28 0 4.0
178 12 0 3.25
308 13 0 1.5
323 27 0 3.0
295 26 0 2.25
65 7 0 1.0
29 20 0 1.25
147 50 0 1.75
11 27 0 3.25
1 28 0 3.75
2 28 0 1.75
265 24 0 2.75
352 7 0 1.25
131 8 0 3.0
84 28 0 3.75
262 30 0 1.75
326 21 0 1.5
186 10 0 2.25
197 6 0 2.0
180 15 0 1.25
279 26 0 2.5
169 7 0 2.5
114 22 0 3.75
70 15 0 3.25
340 23 0 1.25
272 23 0 2.25
246 74 0 3.25
1 24 0 3.5
277 5 0 3.0
104 49 0 3.25
56 14 0 3.0
98 8 0 3.75
254 17 0 4.0
149 9 0 3.25
107 4 0 1.5
248 45 0 2.5
327 7 0 1.75
115 22 0 2.75
211 24 0 1.0
101 18 0 1.5
127 3 0 3.0
13 48 0 3.0
179 18 0 3.5
245 39 0 3.5
16 7 0 2.5
63 9 0 3.25
292 18 0 2.0
353 23 0 4.0
72 1 0 2.0
168 27 0 3.5
306 26 0 1.25
142 7 0 2.0
98 31 0 1.0
160 7 0 3.5
7 28 0 3.25
290 30 0 1.0
297 6 0 3.5
133 49 0 2.75
307 52 0 2.5
41 4 0 1.0
168 17 0 1.25
103 16 0 2.75
118 16 0 1.25
89 4 0 4.0
111 6 0 1.0
246 27 0 3.25
116 6 0 3.0
209 57 0 3.75
129 5 0 2.0
167 17 0 2.5
301 1 0 4.0
104 14 0 2.25
69 10 0 2.75
181 19 0 1.75
97 58 0 3.0
99 30 0 2.0
94 29 0 2.0
347 22 0 2.75
106 25 0 2.75
121 10 0 1.25
155 12 0 1.75
42 21 0 2.5
174 19 0 3.75
64 18 0 1.75
10 6 0 1.75
53 21 0 1.0
139 16 0 4.0
324 7 0 2.0
249 26 0 3.75
174 8 0 3.25
107 7 0 4.0
345 30 0 2.0
352 29 0 2.0
248 18 0 2.75
182 1 0 1.25
307 29 0 3.5
221 29 0 2.0
69 9 0 1.25
127 3 0 1.5
227 3 0 2.0
16 17 0 2.0
111 9 0 2.5
89 8 0 1.25
308 2 0 3.5
34 25 0 3.5
152 7 0 1.25
270 4 0 3.5
248 26 0 1.0
267 11 0 3.0
275 2 0 1.5
331 56 0 2.75
251 14 0 1.75
176 49 0 3.0
108 34 0 3.5
104 32 0 4.0
348 41 0 1.25
251 10 0 1.5
255 17 0 2.25
243 12 0 1.25
161 58 0 2.75
7 21 0 2.5
246 28 0 2.5
347 27 0 4.0
75 21 0 3.0
238 1 0 4.0
17 12 0 1.0
281 21 0 3.75
102 0 0 2.25
203 8 0 2.75
84 26 0 1.0
254 78 0 2.5
72 16 0 2.5
311 24 0 1.0
269 0 0 1.25
173 13 0 2.75
316 13 0 1.25
52 26 0 4.0
135 19 0 1.5
287 0 0 4.0
326 28 0 2.25
277 23 0 2.0
50 36 0 2.25
146 8 0 1.25
154 7 0 3.75
153 18 0 2.5
43 11 0 3.0
329 12 0 1.75
324 18 0 2.75
179 26 0 3.5
167 20 0 3.5
95 7 0 2.5
178 1 0 3.25
115 10 0 2.75
220 29 0 3.75
345 10 0 1.5
272 21 0 4.0
39 22 0 2.75
207 21 0 3.75
164 14 0 3.0
107 16 0 1.0
84 25 0 1.75
258 0 0 3.0
315 23 0 3.5
197 28 0 2.25
278 31 0 3.75
244 18 0 2.25
290 13 0 3.5
313 13 0 1.25
282 18 0 1.5
339 8 0 1.0
316 47 0 1.0
200 23 0 1.25
253 6 0 3.25
52 15 0 2.25
277 28 0 3.75
145 28 0 2.75
103 29 0 1.0
323 29 0 1.75
342 19 0 1.5
89 3 0 3.5
186 27 0 2.0
273 7 0 3.0
171 25 0 2.25
4 26 0 1.5
346 30 0 2.5
309 25 0 1.0
303 27 0 4.0
103 0 0 1.5
78 21 0 1.5
254 10 0 1.25
309 20 0 3.0
313 30 0 1.0
147 24 0 4.0
110 9 0 1.75
120 13 0 2.25
122 30 0 2.25
238 16 0 3.0
14 18 0 3.75
96 16 0 2.75
160 11 0 1.25
140 8 0 2.5
195 0 0 3.25
196 30 0 2.75
270 25 0 4.0
98 71 0 3.75
120 1 0 3.75
111 24 0 1.75
169 20 0 1.0
316 23 0 4.0
29 18 0 1.25
69 0 0 2.25
258 5 0 3.5
59 3 0 3.25
57 21 0 1.75
262 39 0 3.25
331 59 0 3.0
147 10 0 4.0
59 48 0 3.5
71 8 0 3.25
146 11 0 1.25
37 18 0 4.0
326 19 0 2.5
175 7 0 2.0
20 21 0 2.25
9 28 0 2.5
96 26 0 3.75
245 11 0 2.5
126 12 0 1.0
357 15 0 2.0
324 9 0 2.5
153 8 0 2.25
37 7 0 4.0
44 19 0 1.75
51 37 0 3.75
61 12 0 2.25
243 77 0 2.25
78 15 0 4.0
286 74 0 1.5
2 5 0 1.0
77 22 0 4.0
268 24 0 1.25
44 13 0 1.0
134 22 0 3.0
231 8 0 1.25
340 3 0 3.5
12 1 0 2.5
279 20 0 3.25
307 22 0 1.25
223 0 0 1.0
233 6 0 2.75
25 21 0 3.25
86 10 0 2.75
309 35 0 3.0
322 29 0 3.75
150 11 0 1.25
215 34 0 3.25
220 21 0 1.75
219 22 0 4.0
106 11 0 2.75
259 13 0 4.0
282 2 0 2.75
0 12 0 3.75
311 6 0 3.5
146 2 0 2.75
304 17 0 3.25
88 12 0 1.25
235 10 0 3.75
325 24 0 3.5
163 3 0 3.5
344 20 0 2.0
128 29 0 2.0
340 20 0 2.25
204 38 0 2.0
297 29 0 2.0
50 35 0 3.25
141 27 0 3.5
183 10 0 4.0
133 15 0 1.0
244 41 0 2.25
40 29 0 2.25
115 3 0 1.75
108 8 0 3.75
274 6 0 3.5
145 21 0 1.5
327 16 0 1.25
147 2 0 1.0
180 12 0 3.0
135 19 0 2.25
17 14 0 4.0
12 23 0 3.25
127 24 0 2.0
202 0 0 3.75
95 14 0 2.5
159 7 0 2.25
338 9 0 1.0
112 23 0 2.0
145 9 0 3.0
174 4 0 1.5
292 24 0 2.0
249 20 0 3.75
9 26 0 1.0
181 11 0 1.75
336 16 0 2.75
314 26 0 3.5
2 6 0 1.25
75 21 0 2.5
224 13 0 1.25
267 41 0 1.25
323 13 0 2.75
9 13 0 3.5
233 20 0 2.0
300 5 0 4.0
165 13 0 3.5
295 52 0 2.5
260 6 0 3.75
333 62 0 3.75
289 16 0 1.0
161 24 0 3.5
195 27 0 1.25
343 30 0 2.0
300 13 0 2.0
120 78 0 4.0
156 45 0 2.25
202 2 0 4.0
230 14 0 3.25
207 26 0 2.25
79 29 0 2.0
271 45 0 2.5
65 20 0 2.0
26 28 0 3.5
149 30 0 1.25
96 9 0 1.0
24 20 0 2.25
151 19 0 2.5
286 12 0 3.75
201 43 0 3.25
167 6 0 1.0
38 4 0 2.25
244 2 0 3.75
118 6 0 1.5
296 17 0 1.75
89 28 0 3.25
256 22 0 2.25
293 4 0 3.75
266 21 0 2.0
222 21 0 3.25
34 10 0 3.25
126 20 0 3.75
111 17 0 3.75
220 14 0 1.75
328 18 0 4.0
328 39 0 2.25
71 6 0 3.25
236 3 0 2.25
179 17 0 1.25
279 6 0 2.0
129 30 0 2.5
163 11 0 1.25
273 10 0 1.25
197 28 0 2.75
108 9 0 1.0
66 27 0 2.25
315 11 0 2.25
189 54 0 2.75
175 27 0 2.75
288 1 0 4.0
195 5 0 2.75
326 8 0 3.75
327 11 0 3.5
163 29 0 3.75
279 18 0 4.0
4 14 0 2.25
280 34 0 2.75
311 22 0 2.0
187 59 0 2.5
211 30 0 2.25
124 13 0 3.75
145 30 0 1.5
297 30 0 2.75
139 8 0 1.75
202 13 0 3.5
180 13 0 1.25
8 16 0 3.5
153 14 0 2.0
36 49 0 1.0
327 17 0 3.75
99 25 0 2.0
87 16 0 1.75
33 9 0 2.0
54 18 0 2.0
320 12 0 3.0
60 2 0 2.5
136 29 0 3.0
80 1 0 1.75
246 14 0 2.75
42 12 0 1.25
315 24 0 3.25
232 25 0 2.0
277 14 0 3.25
234 29 0 3.5
46 8 0 1.0
15 3 0 1.5
223 7 0 3.25
278 4 0 1.25
10 17 0 4.0
4 28 0 2.5
27 1 0 3.0
200 22 0 1.75
213 19 0 1.0
288 21 0 1.5
104 14 0 2.5
93 4 0 1.0
175 20 0 1.0
161 23 0 1.75
242 32 0 2.0
105 25 0 3.75
161 1 0 2.25
39 4 0 3.5
347 4 0 1.5
117 19 0 3.25
217 14 0 3.25
186 7 0 3.75
322 51 0 4.0
104 14 0 3.0
90 36 0 2.25
339 14 0 2.0
321 25 0 3.75
26 8 0 4.0
48 58 0 2.5
235 76 0 1.5
15 0 0 4.0
225 22 0 1.75
111 25 0 1.5
257 12 0 2.25
40 13 0 1.5
281 22 0 1.75
59 3 0 2.0
223 25 0 1.5
243 26 0 2.0
147 3 0 4.0
283 54 0 3.25
190 10 0 3.25
83 17 0 1.0
207 15 0 2.75
10 10 0 1.75
46 69 0 1.5
311 29 0 3.25
36 4 0 3.0
289 23 0 1.75
136 17 0 1.0
65 12 0 1.75
308 7 0 2.5
126 8 0 3.25
90 29 0 1.75
15 27 0 3.0
78 25 0 1.5
73 10 0 3.25
297 15 0 1.5
330 22 0 2.25
31 22 0 2.25
165 17 0 4.0
53 12 0 1.75
54 26 0 3.25
121 13 0 3.5
239 21 0 2.5
300 47 0 3.5
312 12 0 3.5
116 7 0 2.5
169 10 0 1.5
91 16 0 2.5
251 28 0 4.0
276 28 0 3.0
349 14 0 3.25
274 77 0 1.5
170 5 0 1.75
0 4 0 3.5
314 23 0 3.5
83 12 0 1.75
204 14 0 2.75
163 5 0 1.5
350 3 0 2.75
294 2 0 1.5
35 5 0 1.0
163 42 0 1.75
68 30 0 2.0
280 7 0 2.25
344 11 0 4.0
165 30 0 1.75
129 4 0 3.75
311 69 0 1.25
136 19 0 3.5
169 15 0 4.0
160 3 0 1.75
206 0 0 2.0
190 15 0 2.5
143 38 0 1.5
86 1 0 2.75
357 27 0 1.75
201 28 0 1.25
149 12 0 3.25
11 28 0 3.5
139 31 0 3.25
202 9 0 3.75
305 47 0 1.0
257 16 0 2.25
289 8 0 1.5
156 13 0 2.25
131 6 0 1.25
324 31 0 2.25
323 75 0 3.5
301 28 0 2.25
92 12 0 3.0
336 8 0 1.5
332 16 0 2.25
304 27 0 2.5
24 5 0 1.5
101 15 0 4.0
4 16 0 2.0
148 14 0 1.25
20 20 0 1.5
93 30 0 1.25
294 19 0 2.75
293 27 0 3.0
7 22 0 1.75
65 16 0 1.75
232 1 0 3.25
109 2 0 3.75
129 4 0 2.5
67 7 0 3.5
279 8 0 3.75
285 20 0 4.0
155 22 0 1.75
124 21 0 1.75
339 19 0 1.25
205 10 0 1.25
331 0 0 1.5
48 10 0 1.0
265 14 0 4.0
230 23 0 2.0
269 22 0 3.5
246 38 0 1.0
71 27 0 1.25
111 17 0 3.25
298 15 0 3.5
289 30 0 1.5
106 23 0 2.0
26 66 0 4.0
0 16 0 2.5
305 14 0 3.25
173 3 0 2.5
317 14 0 4.0
125 34 0 1.5
121 13 0 1.5
331 5 0 3.25
108 21 0 3.5
167 43 0 3.75
29 28 0 3.0
325 20 0 2.25
227 66 0 1.75
255 19 0 3.75
45 27 0 2.25
94 6 0 2.25
167 8 0 2.75
160 12 0 3.0
48 10 0 2.5
115 34 0 1.75
47 8 0 1.25
308 20 0 3.75
229 16 0 1.25
232 0 0 3.25
294 26 0 3.0
146 16 0 4.0
77 1 0 4.0
319 25 0 2.0
186 4 0 1.75
122 12 0 2.25
35 6 0 3.5
69 18 0 3.25
273 3 0 1.75
184 8 0 4.0
308 16 0 2.0
216 76 0 2.0
94 10 0 1.0
148 1 0 2.5
290 13 0 1.75
306 24 0 2.25
88 7 0 1.25
351 22 0 2.0
102 29 0 3.0
179 9 0 1.25
318 19 0 2.75
168 12 0 2.75
246 1 0 1.75
212 25 0 1.25
181 7 0 1.75
45 20 0 4.0
121 1 0 3.5
182 27 0 1.75
107 3 0 4.0
7 15 0 2.25
223 19 0 1.75
25 21 0 2.75
11 18 0 1.25
197 2 0 1.25
287 13 0 2.5
359 61 0 2.0
78 11 0 1.25
145 13 0 2.25
31 7 0 2.0
265 8 0 3.5
171 24 0 1.25
198 27 0 1.5
289 14 0 2.25
71 0 0 2.75
55 4 0 1.75
316 13 0 2.75
279 24 0 3.25
91 41 0 4.0
190 20 0 1.5
279 22 0 2.75
31 28 0 3.5
147 25 0 3.25
90 20 0 3.75
103 29 0 1.25
231 17 0 3.0
75 28 0 2.0
209 28 0 3.5
178 4 0 3.5
281 20 0 3.0
153 29 0 2.25
89 40 0 2.25
132 0 0 1.25
67 20 0 1.5
72 3 0 2.5
172 25 0 2.75
99 18 0 1.25
335 5 0 1.0
114 61 0 1.75
4 12 0 2.0
130 20 0 3.5
256 2 0 2.25
7 4 0 1.25
89 22 0 4.0
189 25 0 2.0
17 4 0 1.0
135 1 0 2.75
81 56 0 3.75
307 17 0 2.0
48 7 0 3.0
251 51 0 3.5
151 13 0 1.5
94 18 0 1.25
332 8 0 3.0
167 0 0 4.0
239 14 0 3.5
5 9 0 1.25
270 34 0 4.0
252 1 0 1.0
170 3 0 3.75
88 0 0 2.0
255 9 0 3.0
61 8 0 3.75
163 0 0 3.5
257 5 0 2.25
19 68 0 2.0
55 24 0 3.0
271 22 0 2.5
286 3 0 2.25
290 11 0 2.25
235 39 0 1.0
127 19 0 2.75
132 26 0 1.75
48 17 0 1.0
77 7 0 2.75
122 26 0 3.5
22 12 0 1.0
260 5 0 1.75
76 3 0 1.5
89 8 0 4.0
97 10 0 1.25
356 9 0 1.5
170 21 0 1.75
49 8 0 3.0
241 1 0 3.25
203 21 0 1.0
1 17 0 1.0
5 13 0 4.0
353 26 0 3.0
243 16 0 2.25
174 4 0 3.5
198 21 0 1.75
198 1 0 1.75
158 21 0 4.0
297 14 0 1.25
58 15 0 1.5
216 4 0 1.25
289 4 0 1.25
282 6 0 3.0
33 16 0 2.5
343 29 0 2.0
239 22 0 1.25
151 16 0 1.0
174 9 0 3.75
39 29 0 1.5
24 46 0 3.75
193 25 0 3.75
346 19 0 3.25
42 20 0 2.25
306 16 0 2.25
237 4 0 1.5
126 11 0 3.0
88 1 0 2.75
177 20 0 3.0
150 0 0 4.0
297 16 0 1.5
148 10 0 3.5
80 19 0 3.5
328 29 0 2.75
191 60 0 3.25
347 11 0 2.75
200 28 0 1.25
313 20 0 2.25
171 1 0 3.5
34 77 0 1.75
122 4 0 1.25
53 1 0 2.75
359 33 0 2.5
214 4 0 3.5
1 13 0 1.75
184 30 0 2.0
347 24 0 3.5
333 39 0 2.25
163 30 0 3.0
300 24 0 2.0
194 26 0 2.5
318 20 0 2.5
103 22 0 1.75
169 4 0 2.5
236 29 0 1.5
345 49 0 4.0
216 8 0 1.75
144 26 0 2.75
143 22 0 3.25
147 34 0 3.5
53 28 0 2.75
94 26 0 2.75
165 18 0 4.0
79 12 0 2.5
213 20 0 1.25
15 7 0 2.0
68 2 0 1.25
3 3 0 3.5
130 32 0 1.75
215 21 0 1.5
261 3 0 2.75
324 19 0 2.25
5 20 0 3.0
343 51 0 3.75
330 29 0 3.0
145 28 0 1.75
104 11 0 3.75
343 9 0 2.25
102 2 0 3.5
152 15 0 3.75
270 15 0 3.0
212 25 0 1.75
269 5 0 1.0
59 16 0 1.75
222 29 0 2.75
41 2 0 2.0
89 28 0 2.0
229 12 0 4.0
111 40 0 3.0
346 30 0 3.75
259 9 0 2.25
54 15 0 1.75
256 4 0 3.75
332 30 0 2.0
113 16 0 1.75
131 17 0 1.75
270 23 0 2.0
3 6 0 3.5
318 14 0 1.75
240 0 0 4.0
43 0 0 2.0
226 8 0 2.5
255 11 0 3.75
168 16 0 3.0
308 25 0 3.75
224 2 0 3.75
247 29 0 1.25
223 6 0 3.0
2 10 0 3.0
319 1 0 4.0
241 22 0 2.5
116 16 0 2.25
175 20 0 1.5
259 3 0 3.25
58 2 0 1.75
180 30 0 1.25
170 27 0 3.75
191 12 0 1.0
310 26 0 1.25
326 17 0 1.75
179 9 0 3.75
345 10 0 4.0
356 4 0 1.0
58 3 0 2.75
134 17 0 4.0
87 13 0 2.25
128 24 0 4.0
74 53 0 3.25
318 4 0 1.5
92 16 0 1.0
94 18 0 3.75
241 13 0 1.25
152 15 0 2.0
60 20 0 3.75
144 18 0 2.5
210 1 0 1.25
341 12 0 3.0
29 0 0 4.0
129 22 0 4.0
40 12 0 1.75
339 25 0 2.5
138 16 0 3.0
263 16 0 2.75
228 12 0 3.5
232 6 0 1.25
291 26 0 4.0
347 4 0 3.5
145 17 0 2.75
226 10 0 1.25
291 36 0 4.0
38 16 0 2.25
41 6 0 2.75
174 17 0 3.0
352 28 0 1.75
18 20 0 1.25
162 28 0 3.75
242 2 0 2.0
101 28 0 3.5
351 18 0 3.5
271 18 0 2.75
41 28 0 2.0
209 37 0 3.75
219 25 0 3.25
165 23 0 3.0
295 13 0 1.0
56 25 0 4.0
74 6 0 3.0
316 15 0 1.0
116 40 0 2.75
181 14 0 1.75
144 54 0 3.75
24 19 0 1.75
253 25 0 1.75
221 3 0 2.25
358 21 0 3.25
11 17 0 4.0
220 18 0 3.5
263 25 0 2.5
345 18 0 3.0
59 21 0 2.25
1 13 0 2.0
225 14 0 3.5
161 26 0 3.5
96 44 0 3.25
178 30 0 1.75
350 9 0 1.5
192 28 0 4.0
229 14 0 4.0
321 17 0 3.0
164 20 0 2.25
108 14 0 2.0
237 0 0 1.25
120 17 0 3.75
312 6 0 2.75
339 23 0 3.25
270 29 0 2.25
134 7 0 3.25
214 23 0 3.0
255 20 0 3.5
162 5 0 2.25
193 26 0 1.0
294 11 0 3.25
239 26 0 2.75
110 9 0 1.0
282 0 0 1.25
317 11 0 3.0
158 30 0 2.25
156 60 0 3.75
253 57 0 3.25
118 3 0 1.0
185 33 0 2.25
77 27 0 1.75
9 2 0 2.25
304 30 0 1.25
141 25 0 2.5
337 21 0 3.5
151 27 0 2.0
140 3 0 3.0
53 3 0 3.25
102 4 0 2.0
125 3 0 2.25
323 6 0 2.5
25 20 0 1.0
240 22 0 2.5
259 6 0 1.0
335 12 0 2.75
48 19 0 2.0
16 52 0 2.75
247 26 0 1.0
196 9 0 1.5
344 0 0 1.5
224 21 0 3.25
240 13 0 2.5
221 0 0 2.0
32 23 0 3.25
77 23 0 3.0
288 3 0 1.25
189 22 0 3.5
325 26 0 3.5
243 17 0 3.5
159 1 0 3.25
196 38 0 3.5
169 60 0 2.75
253 10 0 2.25
58 28 0 2.75
325 18 0 1.5
118 22 0 4.0
206 26 0 1.5
254 7 0 2.5
51 5 0 1.25
326 22 0 1.5
46 1 0 4.0
168 24 0 2.0
40 10 0 1.25
124 17 0 2.5
77 5 0 1.5
19 50 0 3.75
319 11 0 3.5
169 15 0 3.25
199 6 0 3.25
224 29 0 2.25
255 28 0 2.0
40 6 0 4.0
193 7 0 1.25
108 13 0 1.25
272 18 0 4.0
341 8 0 2.5
353 0 0 1.75
328 25 0 2.75
286 28 0 1.0
28 8 0 1.25
226 17 0 2.5
32 23 0 2.25
129 6 0 1.75
138 58 0 2.25
306 13 0 3.0
339 13 0 4.0
353 1 0 4.0
187 6 0 4.0
136 17 0 4.0
239 8 0 3.75
241 10 0 3.75
201 22 0 3.0
95 28 0 3.75
270 12 0 3.5
235 9 0 1.5
99 18 0 4.0
337 6 0 1.0
231 14 0 1.25
223 46 0 2.25
293 8 0 3.5
314 21 0 2.75
253 20 0 3.5
128 14 0 3.0
