240 17 0 3.75
184 11 0 1.75
166 11 0 2.5
262 2 0 3.25
98 13 0 3.25
95 20 0 3.0
155 29 0 1.75
246 27 0 2.5
162 -9 0 2.25
157 19 0 3.0
349 10 0 2.0
54 71 0 3.0
268 24 0 2.0
235 22 0 3.5
318 1 0 2.0
287 18 0 3.0
343 19 0 3.5
319 -19 0 4.0
68 2 0 2.25
237 2 0 1.75
234 18 0 2.25
354 6 0 1.75
52 28 0 2.5
347 22 0 3.75
125 18 0 3.0
332 0 0 4.0
339 20 0 3.0
280 6 0 3.25
258 15 0 3.0
345 17 0 1.75
95 2 0 2.25
163 8 0 4.0
162 26 0 1.5
82 22 0 1.75
136 11 0 1.75
153 26 0 3.75
199 24 0 1.75
156 10 0 4.0
241 26 0 2.0
200 2 0 3.5
61 25 0 2.25
31 14 0 3.0
240 -50 0 2.75
280 29 0 1.75
116 3 0 3.5
123 22 0 1.5
157 7 0 2.25
270 15 0 4.0
265 28 0 2.25
121 1 0 1.75
287 28 0 3.75
154 10 0 1.75
341 11 0 3.75
204 16 0 2.0
250 -13 0 3.5
209 9 0 3.5
101 -15 0 1.75
176 19 0 3.0
211 26 0 2.0
46 6 0 2.75
30 8 0 2.0
295 3 0 4.0
342 24 0 1.5
85 53 0 2.75
60 -32 0 3.25
287 -21 0 2.5
55 5 0 1.5
258 30 0 4.0
164 4 0 2.0
67 26 0 3.0
21 0 0 3.0
134 17 0 2.25
337 10 0 2.25
239 8 0 2.5
19 20 0 3.5
348 -19 0 4.0
182 3 0 2.25
82 15 0 3.25
63 -11 0 2.5
253 2 0 3.25
78 26 0 2.75
227 20 0 2.25
255 19 0 3.5
201 6 0 3.5
287 13 0 2.0
266 7 0 2.5
158 29 0 1.75
338 23 0 3.5
299 29 0 1.75
128 13 0 1.75
165 12 0 3.5
22 59 0 2.75
307 24 0 2.25
119 22 0 1.5
126 -14 0 2.75
54 19 0 2.5
160 21 0 1.75
254 3 0 2.5
273 21 0 2.0
303 -10 0 3.25
139 9 0 3.75
15 10 0 3.25
101 3 0 2.0
313 2 0 2.5
287 18 0 1.75
95 29 0 2.5
117 24 0 3.5
168 16 0 2.75
46 11 0 3.5
336 6 0 3.75
101 16 0 2.75
354 27 0 3.5
27 16 0 1.5
170 3 0 1.75
243 0 0 2.0
252 27 0 1.75
210 26 0 2.5
325 15 0 3.75
187 6 0 3.25
78 10 0 3.5
291 15 0 2.25
172 19 0 2.25
307 27 0 2.25
179 2 0 4.0
272 5 0 3.0
53 7 0 3.0
252 42 0 1.5
331 9 0 2.25
155 12 0 2.75
63 28 0 2.75
142 0 0 3.5
288 2 0 1.5
196 15 0 3.25
7 13 0 3.75
337 22 0 3.25
194 -11 0 2.25
164 26 0 3.25
106 0 0 2.75
256 16 0 2.75
128 60 0 2.25
351 35 0 3.25
325 5 0 3.75
170 -28 0 2.0
147 6 0 3.75
209 5 0 2.75
179 57 0 1.5
208 22 0 3.0
67 2 0 2.75
57 15 0 3.25
255 20 0 3.0
335 14 0 2.5
35 0 0 3.5
270 26 0 2.5
349 26 0 2.0
282 7 0 3.5
103 10 0 1.5
344 6 0 4.0
295 3 0 2.75
127 1 0 3.0
125 -24 0 2.75
159 17 0 3.5
139 -12 0 2.75
182 6 0 1.5
2 25 0 3.75
8 18 0 4.0
229 26 0 2.25
167 30 0 2.0
320 6 0 3.75
172 10 0 1.75
257 18 0 3.25
83 15 0 3.5
349 10 0 2.5
66 7 0 2.0
218 28 0 2.75
114 52 0 1.75
208 11 0 3.5
83 3 0 1.75
303 1 0 3.25
260 15 0 3.0
98 8 0 3.75
222 0 0 2.0
49 15 0 3.0
345 17 0 4.0
351 21 0 3.75
240 21 0 2.75
265 30 0 2.25
210 10 0 1.5
260 13 0 2.5
273 28 0 1.5
64 12 0 3.5
55 21 0 1.5
232 0 0 4.0
204 16 0 2.75
119 10 0 4.0
132 27 0 3.5
285 16 0 2.5
26 19 0 2.5
330 22 0 1.5
13 27 0 1.5
3 25 0 1.75
77 18 0 2.5
3 -17 0 1.5
248 30 0 2.25
183 5 0 1.75
231 29 0 3.5
300 6 0 3.0
218 20 0 4.0
349 3 0 2.0
122 43 0 3.5
232 -8 0 2.25
184 17 0 3.25
234 7 0 1.5
43 0 0 3.5
90 51 0 3.0
39 7 0 3.0
334 6 0 3.75
138 12 0 3.75
296 -28 0 2.0
9 18 0 3.25
6 -31 0 4.0
191 8 0 1.75
260 22 0 4.0
183 22 0 2.75
3 10 0 3.75
233 28 0 3.75
33 26 0 3.0
85 18 0 3.75
301 24 0 3.5
237 28 0 2.0
194 -21 0 2.5
249 -18 0 3.75
138 22 0 3.5
297 58 0 4.0
8 25 0 2.75
214 28 0 1.75
229 25 0 2.5
306 13 0 4.0
140 0 0 3.25
291 18 0 4.0
20 6 0 4.0
268 65 0 4.0
107 2 0 2.0
21 19 0 2.25
300 26 0 2.75
262 29 0 1.75
58 30 0 4.0
29 19 0 1.75
103 7 0 2.5
322 5 0 2.25
356 24 0 3.25
24 15 0 2.25
177 15 0 1.5
98 27 0 2.75
171 3 0 3.25
309 23 0 2.0
11 16 0 3.0
242 24 0 2.5
70 10 0 2.0
356 18 0 2.75
334 -19 0 2.5
332 30 0 2.75
287 16 0 3.75
196 8 0 4.0
202 26 0 1.5
213 2 0 4.0
173 18 0 4.0
163 19 0 3.5
291 2 0 3.75
198 14 0 1.5
211 23 0 3.25
359 26 0 3.0
307 3 0 3.0
270 66 0 2.0
126 27 0 2.0
84 69 0 4.0
165 34 0 3.75
223 8 0 1.5
123 2 0 3.0
246 12 0 1.75
177 -13 0 3.25
309 15 0 2.75
14 45 0 3.75
258 2 0 4.0
355 28 0 2.25
2 -2 0 3.25
210 17 0 1.5
251 -20 0 1.75
64 -22 0 2.25
194 7 0 2.5
180 1 0 4.0
147 2 0 3.75
26 6 0 4.0
2 6 0 2.25
115 31 0 3.5
296 8 0 3.0
111 4 0 1.75
288 35 0 3.0
196 15 0 1.75
103 9 0 3.75
97 18 0 1.75
311 22 0 4.0
155 6 0 2.25
184 8 0 3.25
19 -9 0 1.75
108 17 0 3.5
258 27 0 4.0
292 13 0 4.0
100 -20 0 3.25
36 0 0 3.25
84 25 0 3.25
352 11 0 2.0
271 -7 0 3.25
229 23 0 2.25
162 2 0 3.5
103 25 0 1.75
288 28 0 3.0
249 52 0 4.0
153 5 0 2.75
104 -45 0 1.75
43 0 0 4.0
166 5 0 3.25
125 -21 0 2.0
14 -19 0 3.0
30 14 0 3.75
222 5 0 2.0
191 24 0 2.0
82 19 0 2.0
66 29 0 2.75
119 10 0 2.0
290 15 0 2.5
120 4 0 3.25
256 8 0 1.75
68 15 0 3.0
264 30 0 3.25
352 8 0 3.25
264 19 0 1.5
199 12 0 1.5
327 3 0 1.75
278 23 0 3.0
131 23 0 3.75
186 22 0 1.75
113 32 0 3.0
357 0 0 1.75
177 6 0 2.0
93 26 0 3.25
345 22 0 2.25
348 -1 0 3.5
61 2 0 4.0
61 26 0 3.0
118 12 0 2.5
67 29 0 3.75
200 12 0 2.75
178 23 0 2.75
126 13 0 1.5
185 10 0 1.5
277 2 0 4.0
47 13 0 2.25
52 20 0 1.5
91 22 0 2.5
249 5 0 3.75
205 20 0 2.75
69 27 0 3.25
285 28 0 3.5
11 9 0 1.5
199 55 0 3.0
295 -6 0 2.25
258 2 0 1.75
121 25 0 3.0
300 3 0 2.5
349 45 0 1.5
45 -11 0 2.5
75 15 0 4.0
264 18 0 4.0
249 16 0 1.75
327 24 0 2.25
359 9 0 2.5
335 25 0 3.25
44 4 0 2.0
202 72 0 3.0
190 29 0 3.75
39 6 0 2.5
352 25 0 3.5
311 26 0 4.0
149 11 0 4.0
13 27 0 3.5
349 17 0 1.75
274 0 0 3.5
290 6 0 1.75
201 1 0 3.75
328 8 0 3.25
311 30 0 1.5
240 20 0 1.5
226 1 0 4.0
344 11 0 2.5
346 19 0 4.0
71 9 0 3.25
154 9 0 2.0
232 20 0 2.25
196 18 0 4.0
303 29 0 1.75
270 12 0 3.0
23 -22 0 3.75
140 30 0 4.0
85 25 0 3.0
287 0 0 1.75
310 8 0 2.25
332 6 0 3.0
107 1 0 3.25
333 8 0 3.75
62 10 0 3.0
98 3 0 2.5
138 11 0 2.75
110 14 0 2.75
208 17 0 2.25
168 8 0 3.5
182 7 0 3.75
318 20 0 3.75
69 25 0 2.5
315 27 0 3.0
109 27 0 1.75
259 11 0 3.0
49 25 0 3.0
304 44 0 3.0
306 4 0 2.25
235 8 0 2.0
263 11 0 3.0
178 3 0 3.0
59 12 0 3.25
73 26 0 3.75
121 -27 0 3.25
190 2 0 3.25
64 17 0 2.75
318 72 0 1.5
40 15 0 3.75
159 25 0 4.0
59 18 0 2.0
133 14 0 2.25
1 18 0 2.75
198 3 0 2.25
302 25 0 2.25
24 22 0 2.5
325 21 0 4.0
12 18 0 4.0
242 20 0 1.5
42 3 0 2.25
141 23 0 2.0
297 22 0 1.75
183 -9 0 1.5
325 26 0 4.0
162 8 0 2.25
150 2 0 3.25
316 9 0 1.5
241 11 0 1.5
94 -14 0 3.5
198 0 0 3.5
216 15 0 2.0
84 12 0 2.75
343 20 0 2.25
173 21 0 3.0
178 8 0 2.75
94 33 0 3.75
358 19 0 1.75
264 10 0 2.25
0 7 0 1.5
24 23 0 2.5
156 18 0 2.5
109 25 0 3.5
143 15 0 1.75
243 29 0 2.75
8 20 0 2.0
140 26 0 3.0
332 27 0 2.25
353 4 0 1.5
285 22 0 3.75
2 5 0 3.5
11 12 0 3.0
178 8 0 3.25
10 8 0 3.5
144 29 0 2.5
65 23 0 2.5
135 1 0 2.75
331 -20 0 2.5
251 23 0 3.75
12 29 0 1.5
352 53 0 3.5
10 30 0 2.75
196 20 0 3.5
329 11 0 2.5
259 20 0 1.5
221 9 0 2.75
170 42 0 1.75
160 12 0 2.5
151 50 0 1.5
40 10 0 3.25
132 22 0 4.0
169 59 0 3.0
193 59 0 3.75
21 14 0 1.5
226 30 0 3.75
35 3 0 3.0
245 24 0 3.0
314 -49 0 3.5
88 16 0 3.75
256 29 0 3.25
182 8 0 3.75
131 27 0 2.0
344 26 0 1.5
273 9 0 2.25
80 23 0 2.75
309 9 0 3.0
351 25 0 2.75
231 9 0 2.25
204 6 0 1.75
267 2 0 1.5
114 28 0 2.75
98 12 0 2.25
141 13 0 2.75
308 24 0 2.25
250 14 0 2.5
230 25 0 3.25
248 20 0 2.5
321 4 0 3.5
207 3 0 3.25
305 -28 0 2.5
119 -21 0 3.25
284 7 0 3.0
84 9 0 1.75
59 54 0 2.75
321 7 0 2.25
357 14 0 3.25
96 24 0 3.0
74 24 0 2.75
1 14 0 3.75
63 22 0 3.5
260 23 0 3.0
19 10 0 3.0
70 24 0 3.5
151 -2 0 3.5
32 18 0 3.25
208 27 0 1.75
261 30 0 2.25
336 11 0 4.0
356 28 0 1.5
152 27 0 3.5
125 8 0 2.5
274 30 0 4.0
109 9 0 3.25
303 54 0 3.5
36 17 0 2.5
160 35 0 1.5
57 7 0 2.0
74 8 0 3.75
359 22 0 3.75
125 15 0 1.5
94 22 0 2.75
323 10 0 2.25
343 4 0 3.25
34 24 0 2.5
57 8 0 4.0
63 4 0 2.5
31 2 0 2.0
189 11 0 2.25
81 18 0 3.5
60 3 0 3.0
300 24 0 3.5
207 27 0 2.25
25 -18 0 3.5
348 27 0 2.75
348 20 0 3.75
107 -18 0 2.5
175 13 0 2.25
25 26 0 2.75
77 12 0 2.75
217 -27 0 1.75
236 29 0 3.75
59 2 0 3.75
112 -41 0 3.25
62 22 0 1.5
149 -30 0 3.25
49 5 0 2.0
84 21 0 2.25
202 21 0 3.0
242 2 0 3.0
143 21 0 1.75
11 27 0 1.5
220 15 0 3.75
62 28 0 1.5
41 23 0 3.75
110 11 0 4.0
190 21 0 3.5
277 4 0 4.0
94 26 0 1.75
223 29 0 3.75
305 7 0 2.25
150 64 0 3.75
22 4 0 2.0
299 30 0 3.0
138 24 0 1.5
337 25 0 3.25
276 11 0 2.5
318 18 0 2.75
140 -30 0 3.75
162 18 0 3.0
328 10 0 3.0
52 28 0 3.5
128 13 0 1.5
75 28 0 1.75
285 -29 0 3.75
150 5 0 2.25
289 4 0 2.25
30 30 0 2.25
50 7 0 2.0
1 6 0 2.5
115 17 0 3.75
189 19 0 2.75
299 24 0 1.5
358 26 0 2.0
66 18 0 4.0
226 44 0 2.5
149 9 0 3.0
232 13 0 2.75
217 22 0 3.75
0 21 0 4.0
205 20 0 2.25
345 -21 0 1.75
161 12 0 1.75
111 20 0 1.75
119 13 0 2.75
71 14 0 1.75
266 8 0 3.0
14 48 0 1.75
269 -29 0 2.25
143 12 0 1.5
171 21 0 2.25
51 8 0 3.75
104 21 0 3.0
266 11 0 3.5
232 6 0 4.0
299 15 0 2.0
220 29 0 3.75
308 23 0 4.0
145 28 0 1.5
294 6 0 3.5
23 30 0 2.5
131 -13 0 2.75
343 -19 0 2.0
231 8 0 2.0
151 11 0 2.5
264 23 0 1.5
271 29 0 1.75
232 -46 0 2.5
190 13 0 4.0
128 4 0 3.75
342 3 0 3.5
41 25 0 1.5
163 4 0 2.75
201 19 0 2.75
178 4 0 3.0
302 20 0 4.0
345 30 0 1.5
11 26 0 2.25
248 5 0 2.25
199 4 0 2.25
307 10 0 2.0
69 1 0 2.25
75 3 0 4.0
217 -24 0 1.75
92 -28 0 2.25
304 3 0 2.75
67 30 0 3.0
147 19 0 3.5
298 24 0 1.5
164 -10 0 2.5
114 28 0 3.0
70 0 0 2.0
141 22 0 1.5
150 -20 0 3.0
261 14 0 4.0
171 15 0 2.0
36 20 0 3.5
195 12 0 3.75
119 47 0 3.0
7 12 0 4.0
60 7 0 2.25
331 7 0 3.0
305 12 0 1.75
18 10 0 3.25
105 31 0 2.75
56 14 0 4.0
31 22 0 2.25
155 4 0 2.0
78 22 0 4.0
285 24 0 1.5
204 26 0 1.5
38 0 0 2.25
269 3 0 1.5
94 11 0 3.25
352 13 0 2.5
144 -25 0 3.5
244 16 0 1.5
113 22 0 2.5
295 10 0 1.75
191 28 0 3.5
337 20 0 3.5
173 20 0 3.75
78 15 0 4.0
11 0 0 3.0
267 0 0 2.75
168 21 0 1.5
349 15 0 2.75
205 5 0 2.0
46 8 0 2.25
96 6 0 3.5
254 21 0 1.5
6 23 0 2.25
50 2 0 1.5
268 22 0 2.5
14 20 0 1.75
329 21 0 3.25
147 -13 0 2.5
100 77 0 3.25
337 19 0 2.5
182 0 0 3.0
33 19 0 3.0
269 29 0 3.75
34 2 0 1.75
277 18 0 2.75
51 5 0 2.25
343 17 0 2.5
343 16 0 3.5
121 30 0 3.75
299 18 0 4.0
91 4 0 2.25
15 29 0 2.25
258 30 0 3.5
64 44 0 3.75
235 4 0 2.25
71 0 0 3.75
237 27 0 1.5
252 20 0 3.25
19 0 0 4.0
229 14 0 2.75
278 15 0 3.0
167 -7 0 1.5
350 5 0 3.75
193 14 0 2.25
254 29 0 2.5
343 -9 0 1.75
281 7 0 1.5
196 -4 0 3.25
37 17 0 2.5
65 22 0 2.25
225 0 0 2.5
286 16 0 1.5
224 21 0 1.75
177 72 0 3.25
320 19 0 2.5
270 5 0 2.75
106 24 0 3.25
27 4 0 3.25
120 19 0 4.0
157 -3 0 2.25
166 6 0 3.75
173 19 0 3.0
74 10 0 2.75
167 11 0 3.75
204 21 0 3.25
357 18 0 3.25
342 -11 0 3.5
194 21 0 4.0
147 28 0 2.5
224 12 0 2.75
209 0 0 3.25
23 58 0 2.75
144 27 0 1.75
152 27 0 2.5
74 30 0 3.0
337 23 0 2.0
56 29 0 3.25
277 14 0 1.75
142 20 0 3.5
70 27 0 3.0
131 17 0 2.25
185 27 0 1.75
285 0 0 3.0
310 0 0 1.5
73 29 0 1.75
111 0 0 1.5
297 13 0 3.5
87 -22 0 2.5
67 6 0 2.75
216 5 0 2.75
226 20 0 1.5
204 14 0 3.5
305 14 0 1.75
22 29 0 2.25
359 22 0 3.0
49 14 0 3.75
356 28 0 3.0
324 -28 0 2.5
250 -2 0 3.75
24 27 0 2.5
5 -30 0 3.0
10 1 0 2.25
347 -3 0 3.5
269 -11 0 2.5
27 10 0 2.0
282 21 0 2.75
134 11 0 1.5
284 20 0 3.75
226 22 0 1.5
314 18 0 1.75
298 5 0 3.25
280 18 0 3.25
70 28 0 2.75
185 10 0 1.75
196 80 0 3.75
43 19 0 1.75
335 23 0 1.5
164 13 0 3.75
232 14 0 4.0
333 19 0 2.0
316 5 0 3.25
244 0 0 2.75
312 7 0 2.0
118 -8 0 4.0
282 27 0 2.75
236 16 0 3.75
129 -24 0 2.0
196 19 0 2.75
240 18 0 4.0
202 14 0 3.0
125 18 0 2.5
203 0 0 2.5
65 22 0 1.75
101 29 0 1.5
333 30 0 2.5
11 11 0 3.75
85 25 0 4.0
190 4 0 2.25
297 7 0 2.5
97 11 0 3.0
282 21 0 4.0
97 -8 0 2.75
7 49 0 2.5
307 6 0 1.5
32 16 0 2.0
206 25 0 1.75
239 13 0 3.0
266 25 0 2.5
238 3 0 2.0
148 -20 0 3.0
114 12 0 1.75
121 26 0 3.0
353 20 0 3.5
11 -27 0 2.75
32 28 0 3.75
275 1 0 2.75
257 30 0 4.0
228 14 0 3.0
55 1 0 2.0
359 14 0 4.0
319 15 0 3.75
93 -30 0 4.0
149 -10 0 2.5
260 9 0 4.0
178 18 0 3.5
61 11 0 3.75
23 9 0 2.5
25 16 0 3.0
206 2 0 3.0
164 26 0 2.0
1 20 0 2.25
303 17 0 1.75
276 4 0 1.5
65 29 0 3.5
254 11 0 3.0
233 24 0 3.5
67 26 0 1.5
332 28 0 1.5
273 9 0 3.25
105 16 0 1.75
32 21 0 4.0
252 23 0 3.5
271 32 0 4.0
71 6 0 2.0
147 22 0 1.5
31 23 0 1.75
73 14 0 3.25
250 10 0 3.0
186 16 0 4.0
234 0 0 2.25
85 27 0 3.0
349 8 0 1.5
87 1 0 4.0
251 21 0 1.75
192 -15 0 3.5
72 5 0 2.75
112 7 0 3.25
350 4 0 3.5
29 -23 0 3.0
250 6 0 2.25
93 -26 0 2.75
177 -39 0 2.0
38 10 0 3.0
70 11 0 3.0
78 -45 0 2.25
138 6 0 3.5
337 17 0 1.75
286 -42 0 2.75
117 19 0 3.0
60 26 0 2.5
91 29 0 4.0
89 25 0 4.0
215 3 0 4.0
176 4 0 3.5
309 3 0 2.25
274 19 0 2.0
220 0 0 3.75
276 43 0 4.0
180 23 0 2.5
359 5 0 2.5
299 30 0 3.25
191 6 0 1.75
123 24 0 3.75
146 -6 0 2.5
285 8 0 2.0
87 27 0 1.5
141 22 0 3.0
146 16 0 2.25
45 22 0 3.0
220 6 0 2.5
51 10 0 1.75
316 11 0 2.0
200 5 0 3.5
332 30 0 3.75
227 1 0 1.5
317 19 0 2.5
74 8 0 4.0
92 17 0 3.75
358 14 0 2.25
182 8 0 2.0
158 -25 0 2.0
70 11 0 1.75
269 18 0 3.25
57 12 0 3.0
301 13 0 2.75
353 1 0 3.5
335 19 0 1.75
270 19 0 4.0
4 12 0 2.0
269 22 0 3.5
209 -14 0 3.25
296 18 0 3.5
28 17 0 2.5
60 4 0 3.5
53 10 0 3.5
176 -9 0 2.5
359 14 0 2.25
19 24 0 4.0
299 9 0 1.75
279 25 0 2.25
84 1 0 2.0
349 29 0 3.5
293 13 0 2.0
183 17 0 2.5
127 -24 0 4.0
219 28 0 2.0
22 15 0 3.75
138 8 0 2.0
83 20 0 2.75
158 27 0 2.5
17 3 0 3.25
158 -3 0 2.25
64 19 0 3.25
0 24 0 3.75
346 29 0 4.0
40 0 0 3.5
318 9 0 2.0
246 28 0 1.75
146 -9 0 3.25
164 -17 0 1.75
44 7 0 2.25
174 14 0 2.25
90 58 0 2.5
33 51 0 2.25
21 -18 0 2.75
214 28 0 1.5
308 10 0 4.0
103 19 0 3.25
278 20 0 2.25
149 11 0 3.25
71 24 0 3.75
14 28 0 1.5
1 25 0 4.0
217 16 0 4.0
165 9 0 2.25
259 24 0 3.75
303 13 0 3.25
245 14 0 2.5
320 2 0 2.25
143 12 0 3.5
195 -43 0 4.0
153 40 0 4.0
139 -33 0 3.75
277 5 0 2.0
285 28 0 3.25
77 0 0 3.5
176 13 0 3.0
48 23 0 1.5
108 28 0 2.5
256 -4 0 2.75
145 30 0 1.75
12 -3 0 3.25
205 15 0 1.5
228 29 0 2.5
168 2 0 2.25
314 1 0 3.75
39 20 0 2.5
316 23 0 2.25
8 17 0 1.75
319 3 0 4.0
41 33 0 2.25
115 9 0 2.5
70 22 0 3.75
56 11 0 2.0
146 16 0 4.0
233 35 0 3.0
64 -28 0 2.0
68 -49 0 2.25
269 27 0 4.0
264 5 0 1.75
254 15 0 2.5
358 6 0 2.25
203 28 0 2.0
128 -4 0 2.75
74 0 0 2.5
281 3 0 2.0
54 7 0 3.75
135 10 0 4.0
336 7 0 1.75
12 3 0 3.5
82 15 0 1.75
353 18 0 3.5
314 11 0 3.75
80 19 0 3.5
40 22 0 3.5
194 6 0 3.25
10 12 0 2.5
192 4 0 2.75
242 30 0 2.25
223 9 0 3.25
14 13 0 2.25
132 79 0 3.25
112 2 0 2.75
109 21 0 1.5
290 18 0 4.0
243 27 0 4.0
16 -23 0 2.0
12 2 0 3.5
122 8 0 2.25
258 8 0 2.5
264 21 0 1.75
332 70 0 2.5
205 15 0 4.0
207 80 0 3.75
181 19 0 2.25
130 5 0 1.75
191 2 0 3.25
302 9 0 2.5
23 45 0 1.5
337 11 0 3.0
290 24 0 3.5
245 13 0 2.75
245 17 0 2.5
140 29 0 2.5
166 20 0 1.75
238 13 0 4.0
56 41 0 2.75
4 19 0 4.0
34 1 0 2.25
107 26 0 2.25
99 55 0 2.5
257 15 0 2.25
20 8 0 2.5
254 14 0 1.5
69 28 0 2.5
89 4 0 1.5
282 10 0 3.25
289 23 0 3.25
199 11 0 2.0
352 20 0 3.0
342 18 0 2.5
174 22 0 2.75
324 50 0 3.25
114 23 0 3.75
95 24 0 2.75
258 1 0 2.5
168 23 0 4.0
27 20 0 1.5
233 26 0 3.25
112 14 0 3.0
260 16 0 2.5
177 24 0 3.0
248 -13 0 2.0
44 7 0 2.0
280 16 0 2.5
333 25 0 4.0
46 13 0 2.25
315 4 0 1.75
232 17 0 3.5
222 61 0 4.0
231 67 0 2.25
24 13 0 3.75
18 5 0 2.25
330 19 0 3.75
208 0 0 2.75
195 -47 0 2.5
306 0 0 3.5
319 14 0 3.0
298 -7 0 2.75
50 11 0 2.0
338 6 0 3.75
75 10 0 4.0
128 28 0 2.25
236 8 0 4.0
292 30 0 3.0
305 25 0 1.75
138 7 0 2.25
181 31 0 2.5
354 16 0 2.0
228 28 0 3.5
133 26 0 1.75
211 28 0 3.75
130 2 0 2.75
46 27 0 3.75
75 0 0 3.25
318 -15 0 4.0
49 29 0 3.5
124 6 0 2.0
9 7 0 2.5
132 56 0 3.25
272 24 0 4.0
2 7 0 3.5
182 20 0 3.25
339 16 0 1.5
222 13 0 3.25
225 0 0 1.5
18 16 0 3.5
103 9 0 3.5
63 2 0 3.0
205 25 0 3.0
182 19 0 2.75
22 30 0 3.5
181 -10 0 1.75
221 22 0 2.25
170 1 0 2.75
45 6 0 3.5
184 15 0 2.25
86 4 0 2.25
57 25 0 2.0
172 14 0 2.5
275 13 0 3.5
230 21 0 2.5
209 29 0 2.75
272 24 0 2.75
38 4 0 3.75
59 29 0 1.5
25 22 0 3.75
37 29 0 3.0
310 6 0 3.75
163 14 0 1.5
217 58 0 3.5
162 12 0 3.25
30 -8 0 2.25
351 25 0 3.25
51 11 0 3.25
187 10 0 1.5
278 20 0 1.75
257 10 0 3.75
258 2 0 2.75
6 23 0 1.5
244 28 0 2.25
236 16 0 1.75
249 0 0 2.5
142 15 0 3.5
352 14 0 2.0
305 23 0 2.5
282 5 0 2.75
255 14 0 2.25
257 -29 0 3.0
275 7 0 1.5
29 10 0 2.25
270 26 0 1.75
302 11 0 4.0
215 13 0 3.75
313 20 0 1.75
121 30 0 1.5
218 20 0 2.5
322 29 0 3.75
262 27 0 3.0
220 29 0 3.0
123 7 0 2.75
249 20 0 2.25
94 13 0 1.75
0 9 0 3.5
165 25 0 3.25
284 8 0 3.75
66 -27 0 3.25
91 -2 0 2.0
169 28 0 3.75
348 2 0 3.5
321 19 0 2.75
183 -29 0 3.25
30 9 0 2.5
341 24 0 2.0
152 27 0 3.0
111 22 0 3.25
278 -3 0 3.5
240 17 0 1.75
55 19 0 3.5
89 1 0 1.5
65 7 0 3.0
183 -12 0 2.75
213 19 0 4.0
307 14 0 1.75
249 23 0 1.5
319 0 0 3.5
48 2 0 1.5
325 5 0 3.25
330 22 0 2.25
95 30 0 2.75
342 8 0 2.5
88 14 0 1.75
275 22 0 2.0
179 1 0 1.75
292 22 0 2.0
268 0 0 4.0
304 6 0 4.0
72 23 0 3.0
255 15 0 3.0
111 6 0 3.25
76 3 0 3.0
187 -1 0 2.0
140 20 0 3.75
122 3 0 3.75
328 20 0 3.5
201 11 0 4.0
100 5 0 1.75
332 15 0 2.0
218 6 0 1.75
10 7 0 2.5
43 19 0 2.75
154 -13 0 2.25
169 22 0 2.25
45 29 0 2.5
58 8 0 2.5
268 18 0 2.75
221 8 0 3.25
226 26 0 2.5
206 13 0 1.5
207 8 0 2.0
158 7 0 3.0
86 16 0 3.75
134 -8 0 3.25
274 23 0 3.75
255 11 0 4.0
358 31 0 1.5
348 17 0 2.25
14 12 0 3.75
158 -6 0 4.0
148 12 0 3.75
304 6 0 3.25
345 7 0 2.5
201 4 0 2.75
263 18 0 1.75
333 1 0 3.25
344 27 0 1.5
95 19 0 1.75
133 10 0 4.0
347 20 0 4.0
196 56 0 2.75
264 -7 0 2.75
11 28 0 3.0
41 19 0 3.75
314 8 0 3.5
243 4 0 3.75
212 0 0 3.0
127 7 0 2.5
130 3 0 2.25
211 6 0 3.25
273 28 0 2.25
274 26 0 1.75
295 25 0 1.75
292 17 0 3.0
163 29 0 2.0
58 4 0 3.5
130 18 0 2.5
64 23 0 2.75
63 -7 0 2.25
115 51 0 2.5
316 10 0 3.5
126 1 0 2.25
359 10 0 2.0
273 18 0 2.75
64 19 0 4.0
357 14 0 2.5
241 2 0 2.0
128 16 0 1.5
213 -3 0 4.0
62 6 0 4.0
321 8 0 3.75
133 6 0 3.75
106 24 0 3.0
340 21 0 3.5
287 21 0 3.0
27 4 0 2.75
40 2 0 3.5
250 30 0 3.25
217 25 0 2.0
16 21 0 4.0
1 -20 0 3.75
166 28 0 3.25
232 2 0 2.5
150 30 0 1.75
63 27 0 2.0
89 23 0 3.5
277 28 0 3.0
210 12 0 2.25
232 24 0 1.75
122 -43 0 2.75
76 28 0 3.5
57 19 0 1.5
316 26 0 1.75
104 11 0 3.0
204 23 0 2.25
44 1 0 3.0
151 19 0 3.5
236 -13 0 2.0
294 5 0 2.75
336 3 0 3.5
118 13 0 2.75
71 7 0 3.5
73 9 0 1.5
34 26 0 2.25
106 0 0 2.0
235 -45 0 4.0
125 4 0 2.5
272 4 0 2.0
8 8 0 2.25
22 -18 0 2.75
56 11 0 3.5
227 16 0 3.5
209 21 0 3.75
217 6 0 1.5
86 7 0 3.5
335 25 0 2.25
17 12 0 2.75
235 13 0 3.5
332 8 0 4.0
325 27 0 1.75
118 2 0 2.5
319 38 0 1.5
140 8 0 4.0
202 0 0 3.25
38 10 0 1.75
48 -29 0 2.0
274 14 0 3.0
194 22 0 2.5
48 3 0 1.5
210 17 0 3.75
198 13 0 3.5
81 9 0 2.0
355 11 0 3.0
202 28 0 1.75
291 6 0 3.75
113 27 0 3.0
215 30 0 1.75
110 5 0 1.5
23 5 0 1.75
11 13 0 3.25
77 -13 0 2.25
160 46 0 3.0
19 15 0 1.5
341 4 0 3.5
55 -26 0 3.25
232 7 0 2.5
338 19 0 2.75
166 26 0 3.25
154 10 0 3.5
142 18 0 1.5
3 11 0 4.0
220 9 0 3.25
145 -8 0 2.5
277 10 0 2.5
323 -22 0 3.25
95 12 0 3.5
27 24 0 2.0
190 7 0 1.75
171 28 0 1.75
227 28 0 3.25
311 14 0 3.75
115 8 0 1.5
277 19 0 1.5
174 25 0 3.0
15 -5 0 3.5
16 0 0 3.5
68 30 0 2.5
112 6 0 3.75
313 1 0 3.0
26 30 0 2.0
234 30 0 2.25
271 49 0 2.0
87 11 0 3.0
313 16 0 3.75
23 24 0 3.0
142 27 0 1.75
289 14 0 1.75
2 21 0 3.25
301 19 0 3.0
233 11 0 2.25
70 17 0 3.75
169 10 0 3.0
352 15 0 1.5
64 28 0 1.75
180 21 0 2.75
353 42 0 3.25
35 6 0 3.25
271 3 0 1.5
301 -36 0 3.75
76 17 0 4.0
237 14 0 2.0
94 -13 0 1.75
155 57 0 3.5
202 4 0 3.25
0 6 0 3.0
57 -22 0 2.0
169 2 0 2.25
119 53 0 2.5
143 18 0 3.0
151 26 0 1.5
255 27 0 4.0
158 23 0 2.5
318 24 0 2.75
243 13 0 1.75
178 11 0 4.0
27 -16 0 1.5
318 11 0 3.25
353 21 0 2.25
215 9 0 1.5
10 20 0 2.75
65 21 0 2.25
271 9 0 2.0
41 19 0 2.5
282 6 0 1.75
259 18 0 1.75
182 25 0 2.75
30 -23 0 1.5
348 1 0 2.75
197 14 0 1.5
108 7 0 3.0
196 -12 0 3.75
243 26 0 4.0
143 -8 0 3.0
284 5 0 3.25
80 6 0 3.25
163 17 0 3.5
300 3 0 2.25
340 -27 0 3.75
67 10 0 3.0
146 17 0 1.5
168 28 0 2.25
305 3 0 3.0
177 -2 0 3.0
351 8 0 3.0
213 19 0 2.25
185 29 0 3.0
141 21 0 1.75
163 3 0 3.25
23 24 0 1.5
223 16 0 1.75
123 48 0 3.25
31 13 0 2.25
143 30 0 2.5
323 26 0 1.75
106 -15 0 4.0
94 1 0 3.75
274 40 0 4.0
58 16 0 2.5
285 14 0 3.5
97 5 0 4.0
301 0 0 2.5
338 -15 0 1.75
179 17 0 3.0
347 0 0 2.0
84 70 0 3.5
95 25 0 2.5
267 9 0 3.0
320 59 0 3.75
186 17 0 3.0
134 12 0 2.25
66 27 0 3.75
102 19 0 2.75
253 54 0 3.5
154 -4 0 2.75
61 13 0 2.5
67 13 0 3.75
244 13 0 2.0
192 25 0 4.0
319 38 0 3.5
355 22 0 2.75
118 18 0 3.0
79 -19 0 1.75
205 26 0 4.0
0 17 0 3.0
320 26 0 2.5
64 5 0 4.0
57 26 0 1.75
144 -30 0 2.5
26 5 0 2.75
281 20 0 1.5
230 0 0 2.25
183 26 0 3.0
62 20 0 1.5
206 7 0 4.0
158 4 0 2.0
302 27 0 1.75
85 24 0 3.25
112 25 0 1.75
188 25 0 1.75
229 10 0 3.5
110 26 0 3.5
29 26 0 3.25
120 6 0 3.75
69 14 0 2.0
114 4 0 2.75
139 4 0 3.0
44 11 0 3.5
301 20 0 3.0
229 -1 0 3.75
336 -24 0 2.25
190 24 0 2.25
222 22 0 3.25
174 10 0 4.0
120 26 0 3.75
190 1 0 3.0
237 11 0 3.5
218 32 0 2.75
184 29 0 2.0
253 29 0 3.5
15 26 0 3.25
327 4 0 3.0
259 20 0 2.5
191 -2 0 2.75
157 6 0 3.5
325 1 0 3.0
141 22 0 2.25
99 10 0 4.0
165 10 0 2.25
329 20 0 3.5
32 30 0 3.5
159 9 0 3.75
165 24 0 3.25
209 9 0 2.75
258 2 0 3.25
84 29 0 1.75
115 7 0 1.5
303 17 0 3.75
65 17 0 3.5
156 13 0 3.25
110 21 0 2.5
189 -9 0 4.0
277 21 0 3.0
222 4 0 1.5
294 15 0 1.75
101 28 0 3.75
211 0 0 1.5
203 12 0 3.25
125 2 0 3.75
202 0 0 2.75
193 -18 0 2.25
146 9 0 2.0
306 28 0 2.0
78 29 0 2.75
170 5 0 1.75
25 16 0 1.5
95 -20 0 1.5
159 29 0 2.75
82 1 0 1.5
73 21 0 2.0
220 27 0 2.5
249 27 0 3.25
334 1 0 1.75
221 28 0 3.0
251 19 0 1.5
129 12 0 2.5
19 13 0 3.25
92 13 0 3.5
279 0 0 2.5
166 18 0 2.5
223 0 0 3.25
170 18 0 1.5
21 22 0 3.0
63 13 0 4.0
47 22 0 3.0
263 22 0 2.5
11 17 0 1.75
307 9 0 4.0
67 1 0 3.25
275 -5 0 3.75
196 23 0 4.0
26 19 0 3.5
185 23 0 4.0
285 4 0 1.75
150 30 0 3.75
340 30 0 2.75
275 61 0 4.0
355 6 0 4.0
316 25 0 3.5
334 27 0 1.5
83 28 0 2.75
96 25 0 2.25
160 3 0 2.5
30 7 0 3.75
279 20 0 2.75
172 16 0 3.25
88 25 0 1.75
251 20 0 1.5
127 21 0 1.5
231 21 0 1.5
43 30 0 2.75
44 -37 0 2.75
92 30 0 1.5
95 3 0 3.25
43 0 0 3.25
0 29 0 4.0
17 10 0 1.75
90 11 0 1.5
216 -21 0 4.0
285 23 0 2.75
298 -3 0 3.25
222 10 0 3.25
242 24 0 3.0
310 21 0 3.25
213 19 0 3.25
185 9 0 2.75
165 28 0 2.25
242 17 0 2.75
110 9 0 1.75
260 57 0 2.25
171 17 0 1.5
313 20 0 3.75
30 29 0 1.75
183 6 0 2.5
201 27 0 2.5
174 14 0 4.0
123 -42 0 2.75
16 12 0 3.0
272 25 0 1.5
350 28 0 3.25
136 26 0 2.75
115 4 0 1.75
300 14 0 1.5
73 8 0 1.75
213 23 0 4.0
335 3 0 3.5
82 25 0 3.75
336 6 0 1.75
144 17 0 2.0
281 23 0 2.75
295 -15 0 1.75
286 15 0 4.0
40 28 0 2.0
273 24 0 3.0
120 13 0 4.0
114 -19 0 3.75
139 3 0 1.5
163 -26 0 1.5
299 15 0 4.0
36 29 0 2.0
159 4 0 3.0
276 -24 0 2.5
242 28 0 3.5
70 12 0 3.0
52 18 0 2.75
65 8 0 3.5
178 5 0 1.75
157 8 0 2.25
359 4 0 2.5
240 30 0 3.75
322 6 0 2.5
101 5 0 2.25
280 13 0 3.0
258 21 0 2.75
80 7 0 3.0
287 18 0 2.75
280 3 0 1.75
164 2 0 3.25
147 6 0 3.25
30 29 0 2.75
347 24 0 3.25
149 0 0 3.75
344 2 0 2.5
181 73 0 3.5
72 8 0 1.5
265 6 0 2.75
284 12 0 3.5
176 -24 0 1.75
313 15 0 3.0
82 23 0 3.0
167 3 0 2.75
355 15 0 3.25
264 60 0 3.25
359 26 0 2.0
344 28 0 3.0
196 30 0 2.0
323 -4 0 3.0
19 29 0 2.75
94 12 0 4.0
140 13 0 2.5
314 16 0 2.0
35 10 0 2.0
139 25 0 2.5
26 14 0 2.5
10 12 0 2.0
22 28 0 3.5
252 8 0 3.25
3 19 0 1.75
228 27 0 2.5
60 3 0 4.0
100 23 0 1.75
180 17 0 2.5
54 17 0 3.0
83 18 0 1.5
238 9 0 1.75
245 38 0 3.5
201 26 0 4.0
165 25 0 4.0
23 -25 0 2.25
10 1 0 1.75
319 -2 0 2.0
282 9 0 2.25
61 29 0 3.25
291 22 0 2.5
338 25 0 3.5
49 29 0 2.5
252 -4 0 4.0
4 15 0 4.0
15 2 0 1.5
193 1 0 2.0
289 -14 0 3.5
232 1 0 2.25
206 29 0 3.25
154 5 0 3.75
232 14 0 2.25
37 6 0 3.75
133 12 0 2.0
203 8 0 1.5
238 26 0 4.0
153 24 0 2.5
113 2 0 1.5
108 1 0 3.0
64 59 0 4.0
8 1 0 1.75
121 27 0 2.0
117 11 0 2.25
102 -26 0 3.25
63 14 0 1.75
26 23 0 2.25
177 -11 0 2.25
341 28 0 2.5
112 36 0 3.75
269 16 0 3.75
287 29 0 3.0
142 5 0 2.75
286 0 0 2.75
69 0 0 2.25
92 10 0 1.5
101 4 0 2.5
165 0 0 1.5
102 15 0 1.5
340 13 0 2.5
165 33 0 1.5
101 64 0 3.5
84 -14 0 2.5
338 13 0 3.75
18 15 0 1.5
350 16 0 2.5
57 14 0 2.25
134 17 0 1.75
284 6 0 2.0
112 -41 0 2.5
217 25 0 3.25
14 5 0 2.0
302 37 0 2.0
82 10 0 2.75
89 -5 0 3.25
8 14 0 1.5
304 22 0 1.5
39 -17 0 2.0
256 27 0 3.75
136 -17 0 3.0
81 21 0 2.0
319 -16 0 3.5
214 -18 0 2.25
17 4 0 2.0
337 -18 0 3.75
219 30 0 3.75
330 7 0 3.5
327 10 0 2.5
20 15 0 3.25
25 46 0 2.5
251 4 0 1.75
195 16 0 4.0
197 25 0 3.5
324 7 0 2.0
1 -27 0 4.0
104 4 0 3.75
95 19 0 3.75
344 9 0 2.75
56 -47 0 4.0
210 28 0 2.75
303 18 0 3.75
177 6 0 3.75
79 54 0 1.5
277 26 0 3.0
3 -28 0 2.0
355 12 0 4.0
30 26 0 3.5
96 29 0 1.75
192 15 0 1.5
249 17 0 2.5
42 29 0 3.75
339 9 0 3.5
161 15 0 2.5
40 19 0 1.5
46 1 0 2.5
312 19 0 3.25
154 19 0 4.0
174 25 0 4.0
9 19 0 1.5
324 15 0 2.25
199 27 0 2.0
169 7 0 2.0
178 -24 0 3.75
104 30 0 1.75
124 26 0 2.5
210 45 0 2.25
156 1 0 1.75
174 26 0 2.25
343 0 0 3.25
242 23 0 4.0
125 17 0 2.75
320 9 0 2.25
235 8 0 3.25
98 29 0 2.75
221 12 0 2.75
124 1 0 3.0
352 18 0 1.5
239 17 0 2.0
15 26 0 3.0
5 4 0 1.5
292 24 0 2.5
153 20 0 3.0
152 2 0 3.5
329 18 0 4.0
225 17 0 1.5
285 9 0 2.0
1 9 0 3.5
285 6 0 1.75
316 -6 0 2.75
340 25 0 1.5
206 11 0 1.75
257 3 0 1.75
238 15 0 2.25
300 7 0 4.0
99 3 0 2.25
85 15 0 1.75
53 7 0 1.5
351 -50 0 3.75
225 19 0 3.75
76 19 0 2.75
239 11 0 3.75
251 3 0 2.75
118 29 0 1.5
112 28 0 3.5
254 -44 0 2.5
40 -16 0 2.5
269 7 0 3.5
346 2 0 4.0
108 5 0 3.0
33 16 0 2.75
187 54 0 2.5
339 13 0 2.25
168 24 0 1.75
265 5 0 3.25
273 28 0 3.75
357 1 0 2.0
143 22 0 4.0
21 7 0 2.0
29 27 0 1.5
180 5 0 3.25
75 21 0 3.75
357 28 0 3.25
227 14 0 2.25
37 17 0 2.25
105 56 0 2.0
151 14 0 2.5
130 30 0 2.75
302 14 0 3.0
79 7 0 2.0
137 -8 0 2.5
230 3 0 1.5
217 7 0 2.5
350 17 0 2.0
72 4 0 1.5
156 17 0 3.25
106 28 0 2.5
99 6 0 3.0
52 24 0 1.75
123 24 0 2.5
354 70 0 1.5
4 19 0 3.5
282 2 0 3.5
201 9 0 3.0
187 6 0 1.75
282 11 0 3.75
217 41 0 2.75
329 8 0 3.75
122 22 0 2.75
27 7 0 1.5
134 -12 0 2.0
39 -25 0 2.25
160 -29 0 2.0
270 24 0 2.25
239 9 0 1.75
148 28 0 3.5
194 35 0 4.0
9 14 0 1.5
344 22 0 3.75
254 -38 0 3.25
119 16 0 1.5
52 5 0 2.5
310 2 0 3.75
11 10 0 4.0
238 -5 0 1.5
322 27 0 4.0
8 23 0 3.75
283 10 0 3.25
235 25 0 3.75
38 3 0 3.25
281 12 0 3.0
173 20 0 3.0
239 19 0 1.75
315 13 0 2.0
233 4 0 1.5
79 22 0 3.25
76 0 0 2.25
94 6 0 3.75
21 9 0 2.0
10 8 0 2.0
268 20 0 3.0
182 27 0 3.0
87 29 0 3.5
97 3 0 2.25
121 11 0 3.0
99 26 0 2.0
14 19 0 1.5
183 10 0 3.25
150 16 0 3.75
304 20 0 2.75
6 29 0 3.5
218 24 0 1.5
29 -36 0 1.75
107 4 0 2.5
335 7 0 2.5
176 2 0 2.75
150 -9 0 3.25
256 10 0 2.0
83 9 0 3.0
333 1 0 1.75
308 -44 0 1.5
23 6 0 4.0
233 11 0 3.0
327 20 0 4.0
28 11 0 3.75
151 25 0 3.0
318 -24 0 1.75
112 8 0 2.75
100 20 0 3.0
191 -24 0 3.25
65 24 0 3.25
20 12 0 2.75
118 26 0 4.0
113 18 0 2.0
207 15 0 1.75
300 6 0 3.75
88 12 0 3.0
268 19 0 2.0
291 12 0 1.5
32 7 0 2.25
169 23 0 2.25
341 6 0 3.75
109 -16 0 2.5
262 0 0 3.25
301 72 0 3.75
310 4 0 1.5
297 18 0 2.25
195 15 0 2.0
236 12 0 3.25
152 17 0 2.75
303 8 0 3.0
254 22 0 1.75
244 24 0 3.25
32 13 0 3.0
87 4 0 4.0
125 20 0 2.75
118 13 0 2.0
244 38 0 1.5
219 28 0 2.25
340 28 0 3.75
354 17 0 1.75
90 24 0 3.5
215 21 0 1.75
70 25 0 3.0
100 3 0 1.75
28 6 0 3.5
273 5 0 3.5
235 17 0 1.75
12 23 0 3.75
120 26 0 1.5
142 27 0 2.75
218 11 0 3.5
315 2 0 2.5
188 15 0 3.75
322 -8 0 3.25
333 15 0 1.75
241 5 0 3.5
301 22 0 3.5
164 7 0 3.75
123 11 0 2.0
296 -21 0 3.5
305 7 0 1.75
309 10 0 3.5
344 -23 0 3.0
338 21 0 2.25
44 24 0 3.0
217 12 0 2.0
346 28 0 1.75
184 25 0 2.25
58 4 0 1.75
99 25 0 3.0
18 11 0 3.5
213 13 0 2.5
321 19 0 3.25
335 1 0 3.5
62 41 0 1.5
248 3 0 2.5
316 -29 0 1.75
209 -16 0 3.0
154 13 0 2.25
342 5 0 1.5
173 -13 0 2.5
199 29 0 1.75
19 -30 0 3.75
3 16 0 1.5
18 6 0 3.0
187 14 0 2.25
259 -24 0 2.5
172 3 0 4.0
227 -6 0 2.0
184 2 0 1.75
99 17 0 1.75
320 -17 0 4.0
23 19 0 3.75
113 12 0 4.0
50 11 0 2.75
190 9 0 3.0
284 17 0 2.25
27 17 0 1.75
334 27 0 2.25
67 14 0 2.25
53 22 0 1.75
4 -22 0 3.25
56 11 0 3.0
277 27 0 4.0
171 2 0 2.5
215 11 0 2.5
196 10 0 1.5
117 17 0 1.75
304 20 0 4.0
280 0 0 2.75
51 9 0 3.0
175 27 0 2.25
225 2 0 3.75
102 2 0 2.75
294 27 0 3.25
32 8 0 3.75
215 3 0 2.0
197 16 0 1.75
184 6 0 1.5
356 31 0 4.0
189 -12 0 2.0
312 17 0 2.25
303 28 0 4.0
29 23 0 1.5
49 19 0 2.5
37 16 0 1.75
81 9 0 3.5
282 27 0 3.25
175 7 0 2.0
23 26 0 1.5
156 59 0 3.5
13 23 0 2.0
299 16 0 2.5
331 29 0 2.25
356 2 0 2.5
168 11 0 2.5
238 77 0 2.0
134 10 0 3.25
210 15 0 2.0
22 28 0 2.0
102 3 0 3.75
346 27 0 2.75
299 25 0 2.0
139 14 0 3.75
250 26 0 3.0
167 5 0 1.75
86 10 0 1.5
30 17 0 3.75
212 8 0 2.75
135 10 0 3.25
314 29 0 4.0
218 5 0 1.5
12 6 0 2.0
305 19 0 3.0
237 16 0 3.0
258 1 0 2.75
305 28 0 2.5
139 2 0 2.25
45 29 0 3.5
59 3 0 2.5
337 28 0 2.0
316 23 0 4.0
189 29 0 2.5
46 22 0 3.0
174 17 0 3.5
138 18 0 2.5
276 64 0 3.5
195 23 0 3.75
183 30 0 4.0
279 18 0 3.5
108 6 0 3.5
332 59 0 2.75
197 5 0 2.5
348 -35 0 4.0
175 1 0 3.5
142 29 0 2.25
66 8 0 3.25
343 14 0 2.75
147 24 0 1.5
66 24 0 1.5
234 -21 0 2.75
245 19 0 2.25
9 23 0 4.0
148 2 0 3.75
62 6 0 1.75
159 -14 0 3.75
82 40 0 4.0
130 0 0 2.25
247 29 0 2.0
144 26 0 3.0
162 12 0 3.75
241 70 0 1.75
298 3 0 2.75
267 10 0 2.75
90 14 0 4.0
137 14 0 4.0
267 2 0 4.0
358 25 0 3.5
307 -3 0 2.25
110 6 0 2.25
334 45 0 2.0
12 9 0 1.75
289 -12 0 3.0
144 50 0 3.75
332 24 0 3.5
158 16 0 1.75
105 12 0 4.0
316 17 0 3.25
116 2 0 2.0
340 30 0 3.25
350 10 0 2.25
266 51 0 3.5
229 3 0 2.75
159 64 0 1.5
317 6 0 3.75
162 4 0 4.0
317 -20 0 2.75
43 15 0 3.75
238 15 0 1.5
191 6 0 1.5
89 -11 0 2.75
266 5 0 4.0
102 30 0 3.25
266 39 0 2.0
149 14 0 3.75
255 16 0 1.75
40 29 0 2.75
282 67 0 3.25
112 13 0 4.0
314 9 0 2.0
15 -10 0 2.25
359 0 0 1.5
196 20 0 1.75
73 18 0 2.25
287 22 0 2.75
358 21 0 1.75
83 2 0 3.0
313 23 0 1.5
289 28 0 3.25
348 10 0 1.5
340 11 0 4.0
127 9 0 2.5
109 5 0 3.0
311 16 0 4.0
46 25 0 2.75
273 0 0 4.0
181 -3 0 2.25
314 30 0 3.0
307 59 0 3.5
185 16 0 1.75
24 21 0 3.25
270 1 0 3.5
71 18 0 3.75
150 13 0 1.75
319 23 0 2.5
228 -5 0 2.25
229 14 0 2.0
271 3 0 1.75
97 65 0 1.5
183 -15 0 2.25
297 18 0 3.5
28 2 0 4.0
125 1 0 1.75
159 11 0 2.25
44 3 0 3.0
146 9 0 3.0
199 22 0 3.0
242 3 0 2.75
134 12 0 4.0
157 23 0 3.25
141 9 0 2.5
191 25 0 2.25
242 19 0 1.75
52 12 0 2.0
316 6 0 4.0
182 -14 0 4.0
221 16 0 2.0
212 13 0 1.75
239 70 0 1.5
73 10 0 3.75
268 5 0 3.75
302 27 0 3.5
96 3 0 2.5
212 -4 0 2.5
123 1 0 3.5
7 13 0 3.0
17 29 0 3.25
322 -43 0 2.5
316 -13 0 2.25
19 21 0 3.0
191 18 0 2.75
178 15 0 3.25
318 15 0 3.25
273 23 0 3.25
97 22 0 4.0
199 10 0 1.5
48 20 0 2.75
142 -9 0 4.0
19 5 0 3.0
277 5 0 2.5
288 24 0 1.5
239 5 0 1.5
209 10 0 4.0
280 -44 0 2.0
258 63 0 2.75
346 16 0 1.5
271 28 0 1.75
152 28 0 1.5
233 5 0 3.5
10 -12 0 3.25
277 18 0 3.25
174 27 0 3.25
347 16 0 2.25
45 13 0 2.0
248 15 0 3.75
80 8 0 2.5
191 0 0 3.0
108 5 0 2.0
327 4 0 3.75
42 9 0 2.0
314 20 0 2.25
17 -30 0 4.0
162 20 0 1.5
114 27 0 3.25
78 -26 0 2.75
336 7 0 4.0
14 55 0 1.5
327 17 0 3.25
156 27 0 3.75
162 25 0 2.0
235 -48 0 2.0
177 7 0 2.75
234 16 0 3.5
25 2 0 1.75
99 4 0 2.25
227 4 0 3.75
337 66 0 3.75
130 3 0 2.0
255 -17 0 4.0
123 14 0 2.25
150 1 0 3.75
60 11 0 1.5
296 1 0 1.5
218 3 0 2.75
271 28 0 3.0
298 12 0 3.0
69 22 0 2.75
250 28 0 3.25
240 0 0 2.25
316 30 0 2.25
264 18 0 2.0
149 40 0 2.5
18 1 0 3.0
22 60 0 3.5
193 23 0 3.5
189 18 0 1.5
42 -22 0 3.0
116 26 0 3.75
102 3 0 2.75
257 13 0 2.25
216 30 0 1.5
79 19 0 3.25
346 11 0 1.5
188 -22 0 3.5
218 8 0 2.25
192 8 0 3.5
172 15 0 2.75
163 11 0 3.5
70 0 0 4.0
200 23 0 3.25
91 24 0 3.5
181 7 0 3.25
325 73 0 3.0
297 23 0 3.0
137 12 0 2.5
246 3 0 2.75
160 11 0 3.75
22 4 0 4.0
227 -2 0 3.0
252 29 0 2.5
262 12 0 2.25
43 5 0 3.25
75 25 0 4.0
2 60 0 3.0
44 5 0 2.0
104 13 0 1.5
53 5 0 2.5
318 2 0 2.0
240 24 0 3.75
197 2 0 2.0
92 13 0 4.0
183 2 0 3.75
48 51 0 4.0
209 6 0 2.75
20 25 0 2.0
86 5 0 1.5
164 24 0 3.0
184 8 0 2.0
197 7 0 2.0
178 20 0 1.75
62 22 0 2.5
347 28 0 3.5
79 -17 0 2.0
202 20 0 1.75
267 16 0 1.5
226 6 0 2.5
77 1 0 3.5
251 68 0 3.5
57 4 0 4.0
39 1 0 1.5
25 19 0 3.0
182 22 0 2.75
79 -30 0 2.0
217 1 0 2.75
142 12 0 2.75
330 2 0 2.75
325 7 0 3.0
233 2 0 2.5
328 20 0 2.75
23 16 0 1.75
295 28 0 3.0
133 18 0 2.75
317 13 0 3.5
251 25 0 2.0
61 28 0 3.25
156 14 0 3.5
179 6 0 2.25
7 22 0 2.5
149 13 0 2.0
219 11 0 1.75
75 25 0 3.25
336 7 0 1.5
7 16 0 2.25
180 15 0 3.25
229 4 0 2.5
286 16 0 3.75
323 15 0 1.5
46 -42 0 2.0
251 0 0 1.75
353 10 0 2.5
169 25 0 4.0
223 26 0 4.0
61 70 0 3.75
40 73 0 1.75
353 7 0 3.25
182 21 0 4.0
228 50 0 3.75
105 11 0 2.25
278 3 0 1.5
20 15 0 1.5
96 6 0 3.25
124 6 0 3.5
270 11 0 2.0
187 15 0 3.5
348 5 0 3.25
266 -16 0 3.0
86 4 0 3.75
347 19 0 2.25
142 -12 0 3.75
95 7 0 3.5
146 5 0 2.5
46 12 0 1.75
341 -16 0 1.75
74 19 0 3.0
260 23 0 2.75
163 16 0 1.75
339 50 0 3.25
63 15 0 3.25
109 1 0 3.0
44 57 0 1.5
293 -17 0 3.25
350 10 0 3.25
16 29 0 3.25
318 16 0 2.75
312 22 0 4.0
48 22 0 2.75
328 11 0 2.5
217 15 0 3.75
286 6 0 3.25
51 22 0 2.5
314 -17 0 3.0
270 10 0 2.75
55 -22 0 3.75
257 11 0 3.0
278 8 0 4.0
216 21 0 1.5
123 25 0 2.25
96 0 0 1.5
42 28 0 1.75
157 23 0 4.0
116 18 0 2.0
228 30 0 2.75
352 21 0 2.0
353 29 0 2.25
69 7 0 1.75
28 13 0 3.75
341 7 0 3.25
81 10 0 2.25
249 1 0 1.75
129 12 0 3.25
145 5 0 1.5
9 12 0 1.5
348 24 0 2.0
43 29 0 2.25
31 18 0 2.5
158 21 0 4.0
329 17 0 4.0
259 26 0 4.0
131 -29 0 2.75
161 30 0 1.75
24 16 0 1.5
9 3 0 2.25
231 56 0 1.5
182 14 0 2.75
323 13 0 3.75
211 21 0 3.75
291 34 0 1.75
205 -21 0 1.5
48 0 0 3.25
318 2 0 2.25
324 4 0 3.25
97 27 0 3.75
185 7 0 2.75
148 9 0 1.75
291 10 0 2.75
209 7 0 1.75
211 23 0 4.0
94 3 0 1.5
121 10 0 4.0
254 13 0 2.5
149 20 0 1.5
233 2 0 3.5
315 21 0 2.5
321 18 0 2.5
258 19 0 3.75
328 21 0 3.0
69 12 0 3.0
327 -19 0 1.75
61 -15 0 3.5
340 8 0 3.25
65 25 0 2.5
340 11 0 1.75
285 14 0 2.0
33 28 0 1.5
219 4 0 2.75
312 10 0 3.0
285 5 0 1.75
197 -48 0 1.5
126 26 0 2.5
220 14 0 2.75
14 19 0 3.0
166 21 0 2.25
66 2 0 1.5
185 1 0 2.0
303 0 0 3.75
48 21 0 3.5
329 1 0 1.5
276 10 0 1.75
139 28 0 3.75
313 43 0 2.25
198 21 0 3.5
296 19 0 2.5
159 23 0 2.0
81 9 0 3.0
158 28 0 3.0
174 12 0 3.75
151 16 0 2.25
132 21 0 4.0
275 14 0 3.5
197 8 0 1.5
46 23 0 2.25
342 57 0 3.5
245 8 0 3.5
8 9 0 1.75
36 11 0 3.5
77 15 0 3.25
101 9 0 1.75
330 27 0 3.75
118 16 0 2.75
75 16 0 3.5
299 19 0 2.75
151 27 0 2.25
253 4 0 3.0
161 15 0 3.0
202 29 0 3.25
30 22 0 2.5
272 8 0 2.25
83 18 0 4.0
349 53 0 3.5
332 17 0 3.75
156 -14 0 2.0
221 27 0 1.5
104 15 0 2.25
129 22 0 2.25
99 14 0 2.0
166 14 0 3.25
344 0 0 2.0
152 -22 0 3.5
48 1 0 3.75
111 1 0 1.75
32 25 0 1.75
27 29 0 2.0
270 48 0 3.5
120 27 0 4.0
267 28 0 3.5
263 28 0 1.75
97 43 0 1.75
323 2 0 3.75
258 14 0 2.75
308 19 0 2.75
340 3 0 2.5
201 -1 0 2.5
350 20 0 3.5
260 12 0 2.5
276 18 0 2.5
217 27 0 3.25
310 28 0 2.75
91 27 0 3.75
45 10 0 2.75
75 10 0 3.0
101 8 0 2.5
17 -37 0 3.0
316 21 0 4.0
75 7 0 1.5
296 1 0 3.75
94 27 0 3.75
203 15 0 3.5
335 23 0 1.75
115 7 0 3.25
257 11 0 2.25
102 16 0 1.75
294 23 0 3.75
232 14 0 3.5
289 12 0 2.25
32 8 0 3.5
143 20 0 3.75
153 16 0 2.5
235 6 0 1.75
18 10 0 2.0
39 10 0 2.0
78 26 0 3.25
60 24 0 3.25
217 7 0 3.75
263 1 0 2.25
108 10 0 2.5
269 18 0 3.5
187 1 0 2.25
245 1 0 2.25
324 19 0 3.25
10 21 0 1.75
110 10 0 2.75
34 2 0 4.0
181 25 0 4.0
214 11 0 3.0
108 18 0 2.75
325 11 0 3.5
60 7 0 4.0
102 10 0 4.0
9 26 0 2.0
173 22 0 3.25
4 16 0 2.0
218 10 0 3.75
13 29 0 1.75
221 20 0 1.5
99 22 0 2.5
43 8 0 4.0
352 10 0 2.75
249 11 0 2.75
37 26 0 1.75
232 15 0 2.75
153 31 0 3.75
98 17 0 2.25
185 -6 0 1.75
46 -50 0 4.0
233 -23 0 1.75
55 0 0 1.75
314 24 0 2.5
184 44 0 2.75
255 29 0 4.0
177 23 0 1.5
201 26 0 3.75
288 14 0 2.75
132 9 0 2.75
175 29 0 1.75
163 -13 0 1.5
54 13 0 3.0
240 10 0 1.5
222 -9 0 3.75
23 30 0 3.0
302 19 0 1.5
182 2 0 3.0
150 28 0 3.25
209 27 0 3.0
51 5 0 2.5
43 29 0 4.0
146 11 0 2.75
333 21 0 2.0
326 -14 0 3.5
36 28 0 2.5
4 24 0 2.75
324 10 0 3.0
250 15 0 2.25
177 19 0 3.5
243 25 0 4.0
229 20 0 2.0
121 -2 0 3.25
231 11 0 3.0
60 26 0 1.5
333 28 0 1.5
281 21 0 3.0
78 3 0 1.75
229 23 0 1.5
16 4 0 3.0
15 9 0 2.5
210 9 0 1.75
268 29 0 2.25
259 11 0 3.75
60 7 0 2.0
198 23 0 3.25
98 -19 0 2.75
313 10 0 3.25
211 27 0 3.75
325 18 0 3.75
281 19 0 2.0
261 24 0 3.25
193 7 0 2.5
344 25 0 3.25
266 15 0 3.0
323 25 0 3.0
301 5 0 1.75
47 14 0 3.75
230 17 0 3.0
243 21 0 3.25
73 14 0 1.75
100 20 0 2.25
294 14 0 2.0
340 -27 0 2.75
340 -18 0 2.25
118 22 0 3.75
212 54 0 3.75
142 19 0 3.25
265 24 0 3.75
309 27 0 4.0
88 26 0 3.0
3 29 0 2.0
39 1 0 2.0
22 24 0 3.25
266 -32 0 1.75
159 13 0 3.25
141 21 0 3.75
194 19 0 2.25
161 15 0 2.25
145 -2 0 1.75
78 55 0 3.25
302 12 0 1.75
293 7 0 4.0
23 20 0 2.0
216 8 0 4.0
97 27 0 1.5
257 13 0 1.5
242 -44 0 3.5
242 -5 0 1.5
310 29 0 4.0
10 28 0 3.75
299 -19 0 4.0
38 11 0 4.0
306 26 0 3.5
74 9 0 1.5
33 28 0 4.0
243 6 0 3.25
226 19 0 3.0
88 0 0 4.0
193 46 0 3.75
37 18 0 3.25
128 5 0 3.75
263 22 0 1.5
311 2 0 1.75
114 25 0 2.0
285 14 0 2.75
52 22 0 2.25
144 10 0 1.75
143 8 0 3.0
278 -22 0 2.75
133 3 0 2.25
0 21 0 3.0
185 23 0 3.75
316 64 0 2.5
171 10 0 1.75
286 26 0 2.25
333 60 0 2.5
254 4 0 1.75
16 17 0 2.5
51 21 0 4.0
213 24 0 2.25
46 1 0 3.0
257 27 0 2.75
200 16 0 2.75
172 0 0 2.5
317 -29 0 3.5
42 21 0 2.0
114 68 0 2.5
241 0 0 3.0
172 1 0 2.25
239 1 0 2.75
190 16 0 3.5
32 -7 0 2.5
315 6 0 3.25
179 12 0 1.75
56 14 0 2.0
172 31 0 2.5
52 16 0 3.75
203 7 0 2.25
290 0 0 2.75
345 30 0 1.75
170 30 0 1.75
185 7 0 2.25
160 -30 0 1.75
209 8 0 3.25
209 13 0 2.0
228 16 0 4.0
221 20 0 3.5
293 24 0 3.25
325 24 0 3.0
10 16 0 4.0
294 13 0 3.75
352 4 0 1.75
14 19 0 2.25
162 26 0 3.0
124 23 0 3.5
226 21 0 2.0
160 9 0 2.0
149 20 0 3.75
177 28 0 1.75
314 -29 0 1.75
351 17 0 3.5
8 21 0 3.0
242 6 0 2.75
12 2 0 1.5
60 -18 0 2.75
255 10 0 3.5
8 29 0 2.5
251 7 0 2.25
2 55 0 2.75
19 29 0 4.0
89 7 0 4.0
228 17 0 2.75
220 19 0 3.5
190 1 0 3.75
267 25 0 4.0
265 29 0 4.0
159 22 0 3.0
313 28 0 3.75
140 1 0 1.75
202 -41 0 3.0
24 20 0 1.5
262 21 0 3.25
7 19 0 2.0
243 3 0 3.75
220 11 0 2.75
50 77 0 3.5
26 5 0 3.25
318 14 0 2.5
213 30 0 2.25
248 -13 0 2.5
88 30 0 2.0
148 30 0 3.25
339 71 0 2.0
163 4 0 2.5
170 -27 0 3.5
196 12 0 3.5
272 6 0 3.75
151 29 0 2.75
238 28 0 2.75
317 16 0 2.25
64 12 0 2.0
254 5 0 2.75
120 -24 0 1.5
80 17 0 3.25
248 5 0 2.5
216 12 0 4.0
147 12 0 3.0
67 16 0 4.0
273 -23 0 4.0
58 20 0 2.0
236 9 0 1.5
76 16 0 2.0
352 6 0 3.0
191 27 0 3.5
224 10 0 1.75
153 2 0 2.75
142 21 0 3.5
344 0 0 3.0
341 16 0 3.25
76 19 0 3.25
318 16 0 1.75
65 27 0 2.5
230 26 0 2.5
334 16 0 1.5
131 22 0 2.25
258 12 0 3.75
39 19 0 2.75
123 13 0 1.75
318 48 0 1.5
74 29 0 3.25
258 0 0 3.75
225 17 0 2.25
293 17 0 2.25
6 17 0 3.0
8 8 0 1.75
312 28 0 3.75
290 19 0 1.75
234 0 0 3.75
14 18 0 3.0
96 24 0 1.75
145 24 0 2.0
351 30 0 2.0
59 22 0 2.5
355 3 0 2.5
154 10 0 3.25
246 27 0 2.0
276 7 0 3.25
324 22 0 3.5
124 30 0 1.75
43 23 0 1.5
179 29 0 2.25
218 26 0 3.5
341 10 0 4.0
114 13 0 1.75
226 1 0 3.0
268 27 0 2.25
47 24 0 4.0
128 42 0 3.75
95 22 0 4.0
270 -12 0 3.5
107 24 0 2.0
159 14 0 3.5
234 3 0 2.0
10 3 0 1.5
317 10 0 3.75
219 -24 0 2.75
30 21 0 2.75
19 1 0 3.75
359 11 0 4.0
280 12 0 3.25
56 9 0 2.75
152 -29 0 3.75
238 -2 0 2.75
105 8 0 1.5
88 27 0 2.5
337 8 0 2.25
128 2 0 2.5
163 16 0 3.25
124 27 0 1.5
120 -19 0 2.0
58 10 0 2.5
231 29 0 2.0
0 16 0 2.0
198 17 0 3.0
325 23 0 2.75
114 61 0 2.0
330 6 0 1.5
92 16 0 4.0
293 16 0 3.75
15 28 0 3.0
243 7 0 1.75
359 10 0 3.25
69 4 0 3.5
238 62 0 3.5
18 24 0 3.25
241 21 0 3.5
250 14 0 2.75
52 16 0 2.75
125 -2 0 1.5
269 9 0 2.25
101 29 0 1.75
221 -14 0 1.5
297 21 0 3.0
142 21 0 1.75
77 9 0 1.5
345 27 0 1.75
146 -14 0 4.0
326 -3 0 2.75
198 -18 0 3.0
13 26 0 2.5
121 10 0 3.5
36 2 0 2.0
139 16 0 2.0
322 26 0 3.75
2 10 0 4.0
179 1 0 2.75
297 6 0 3.25
4 24 0 3.0
67 61 0 1.5
324 23 0 2.25
42 6 0 2.0
269 28 0 2.5
143 16 0 1.75
117 14 0 3.0
110 15 0 3.25
84 12 0 3.75
322 -2 0 3.75
320 11 0 3.5
137 25 0 3.0
299 18 0 3.75
297 17 0 2.25
225 8 0 2.5
231 10 0 2.5
42 9 0 3.0
190 4 0 2.0
54 13 0 2.5
137 29 0 2.0
66 24 0 3.5
229 26 0 1.5
96 6 0 4.0
301 30 0 3.0
97 19 0 3.0
213 11 0 4.0
176 20 0 1.75
167 17 0 2.5
337 10 0 1.5
21 17 0 2.5
204 11 0 3.25
114 -13 0 2.75
193 20 0 4.0
16 15 0 3.75
225 11 0 2.25
44 23 0 1.75
264 10 0 2.75
211 15 0 2.5
240 28 0 2.5
288 18 0 3.5
20 12 0 2.0
343 26 0 3.75
217 27 0 2.25
151 20 0 3.5
111 12 0 3.75
107 6 0 1.75
314 27 0 4.0
74 7 0 1.5
109 -22 0 2.0
101 20 0 3.5
53 23 0 2.0
15 -10 0 3.0
44 5 0 4.0
118 25 0 3.75
331 18 0 2.25
324 26 0 4.0
4 19 0 2.5
190 25 0 1.5
336 15 0 1.5
64 12 0 3.75
302 36 0 2.0
191 4 0 1.75
104 -22 0 3.0
75 -18 0 1.5
350 -16 0 1.5
8 0 0 3.0
34 4 0 2.5
91 20 0 3.5
296 11 0 1.75
357 11 0 3.0
53 4 0 3.0
48 13 0 2.25
246 0 0 3.25
19 28 0 3.25
100 2 0 1.75
309 32 0 4.0
97 2 0 2.75
147 29 0 4.0
69 23 0 2.25
6 16 0 4.0
270 -2 0 2.5
221 0 0 2.75
334 10 0 1.75
321 12 0 2.75
13 -16 0 2.5
6 6 0 2.5
3 29 0 3.0
341 5 0 1.75
23 9 0 2.0
284 19 0 3.25
214 2 0 4.0
55 42 0 2.25
171 10 0 1.5
127 16 0 1.75
35 13 0 1.75
57 13 0 3.75
127 47 0 2.25
88 16 0 1.75
149 15 0 1.75
307 5 0 3.75
162 11 0 3.0
69 3 0 4.0
330 17 0 2.25
231 -21 0 1.5
57 -7 0 4.0
155 19 0 2.5
170 26 0 3.75
278 -14 0 1.5
192 1 0 2.25
191 21 0 3.75
355 -27 0 1.75
176 27 0 2.75
19 29 0 1.75
259 8 0 1.5
252 16 0 3.25
266 5 0 2.25
160 11 0 1.5
333 7 0 3.5
122 15 0 1.75
25 7 0 3.5
31 27 0 2.5
18 17 0 2.75
145 17 0 2.25
137 -29 0 4.0
30 25 0 3.25
39 0 0 2.5
142 3 0 4.0
48 26 0 2.5
118 13 0 2.5
324 24 0 4.0
90 2 0 3.75
229 30 0 2.5
211 -10 0 2.25
23 8 0 2.5
34 5 0 3.75
253 2 0 2.75
158 -7 0 1.5
67 13 0 2.0
143 5 0 2.5
334 0 0 2.0
96 0 0 3.0
131 13 0 3.0
177 21 0 4.0
226 -14 0 3.75
43 7 0 3.0
114 22 0 2.5
162 17 0 1.5
263 10 0 1.75
0 23 0 3.0
83 15 0 3.75
298 8 0 2.25
56 1 0 2.75
252 10 0 2.0
263 15 0 2.0
330 -31 0 2.75
308 26 0 2.0
213 21 0 2.0
237 15 0 4.0
7 1 0 2.0
31 2 0 4.0
184 20 0 1.5
339 7 0 2.0
256 7 0 2.0
44 15 0 2.75
207 73 0 4.0
94 12 0 3.25
320 23 0 3.5
191 26 0 2.0
244 26 0 2.75
180 2 0 3.25
274 13 0 2.25
312 21 0 2.75
74 7 0 3.75
215 6 0 3.5
198 6 0 3.25
347 20 0 2.75
137 9 0 2.5
26 -4 0 3.25
275 3 0 2.25
217 -2 0 2.0
165 9 0 2.5
93 7 0 1.75
273 -17 0 3.25
184 -5 0 4.0
76 50 0 3.25
131 25 0 2.25
225 30 0 2.75
293 25 0 1.5
325 -8 0 2.0
90 -25 0 2.0
244 38 0 3.0
233 66 0 2.25
281 29 0 2.0
320 28 0 1.5
276 11 0 4.0
155 14 0 1.75
223 4 0 3.5
209 28 0 2.0
2 27 0 2.0
1 8 0 3.25
230 22 0 3.5
328 1 0 3.0
208 21 0 1.5
20 1 0 2.75
333 1 0 2.25
133 9 0 4.0
208 -8 0 4.0
190 14 0 3.0
239 18 0 2.75
19 53 0 3.75
270 -23 0 3.5
166 75 0 3.25
220 4 0 1.75
262 11 0 1.5
5 22 0 2.25
66 73 0 3.0
353 30 0 3.75
276 15 0 2.75
140 10 0 3.5
0 1 0 1.75
212 21 0 2.5
254 10 0 4.0
249 21 0 1.5
34 14 0 2.0
237 75 0 2.25
34 21 0 3.25
230 18 0 2.5
319 16 0 3.5
290 11 0 4.0
255 -1 0 2.5
351 21 0 3.5
319 29 0 3.75
74 -17 0 2.25
282 24 0 2.0
160 19 0 2.25
260 -26 0 2.0
105 24 0 2.75
128 -25 0 3.5
327 27 0 3.5
91 2 0 2.75
355 28 0 3.75
320 28 0 2.75
15 -1 0 2.25
47 28 0 4.0
227 29 0 2.5
75 21 0 2.5
351 18 0 3.75
352 1 0 2.75
207 39 0 3.0
164 5 0 3.0
199 16 0 3.25
209 14 0 1.5
188 1 0 4.0
106 2 0 1.5
286 27 0 4.0
118 18 0 1.75
191 26 0 2.5
96 10 0 1.75
87 11 0 3.25
102 4 0 2.5
277 13 0 3.75
173 43 0 1.5
98 0 0 3.0
109 17 0 3.75
212 1 0 3.25
185 23 0 3.5
277 26 0 3.25
26 22 0 2.0
250 -12 0 2.25
107 17 0 1.75
122 16 0 2.75
336 13 0 4.0
194 9 0 3.5
175 29 0 3.25
127 8 0 2.0
329 8 0 2.0
292 4 0 3.25
48 5 0 3.5
295 13 0 2.25
50 27 0 2.75
176 22 0 3.75
239 25 0 2.5
345 15 0 4.0
60 25 0 1.5
192 23 0 2.25
166 0 0 4.0
280 60 0 3.5
27 5 0 4.0
60 10 0 3.25
174 3 0 1.5
129 17 0 2.0
354 2 0 1.5
297 20 0 2.25
132 0 0 3.5
187 10 0 3.75
139 15 0 3.25
89 25 0 3.75
313 19 0 2.5
273 10 0 3.0
214 62 0 4.0
175 12 0 2.75
167 21 0 2.0
85 1 0 3.0
340 0 0 3.0
39 19 0 4.0
291 8 0 2.25
9 21 0 1.5
245 24 0 2.75
115 2 0 3.5
52 29 0 4.0
15 28 0 2.25
36 9 0 2.25
145 11 0 2.0
189 18 0 2.75
144 12 0 2.0
104 18 0 4.0
312 2 0 2.75
71 8 0 3.0
130 21 0 1.5
91 4 0 2.75
38 17 0 3.5
9 5 0 2.25
97 24 0 2.5
344 -12 0 2.0
97 27 0 2.5
353 70 0 2.0
6 25 0 4.0
38 5 0 3.75
319 16 0 2.5
255 18 0 2.25
175 24 0 3.0
300 25 0 3.0
273 26 0 1.75
243 3 0 1.75
15 8 0 3.5
210 -23 0 2.25
189 16 0 4.0
124 6 0 2.75
318 9 0 2.25
210 8 0 2.5
33 30 0 1.75
71 17 0 2.5
108 -23 0 2.5
274 -18 0 3.75
116 1 0 1.75
259 23 0 3.0
127 -38 0 3.75
309 -9 0 3.5
337 4 0 3.0
37 29 0 3.75
250 20 0 3.5
213 8 0 2.25
139 15 0 2.0
222 21 0 3.25
153 2 0 1.75
184 24 0 3.5
142 14 0 3.25
164 12 0 3.0
125 3 0 3.25
275 -44 0 2.0
149 7 0 3.25
167 0 0 1.5
151 16 0 3.5
91 4 0 2.0
170 10 0 2.0
169 13 0 2.75
168 -20 0 3.0
278 15 0 3.75
123 16 0 3.25
61 29 0 2.0
194 4 0 2.25
212 18 0 2.0
72 29 0 1.5
89 2 0 3.25
150 -4 0 1.5
333 10 0 1.5
232 8 0 3.75
186 22 0 1.5
28 21 0 1.75
170 10 0 2.5
285 4 0 2.25
336 22 0 1.75
32 59 0 2.5
138 8 0 1.5
231 8 0 2.5
293 1 0 1.5
75 55 0 3.0
17 23 0 2.75
19 22 0 3.0
203 27 0 3.0
289 34 0 3.75
318 29 0 4.0
1 69 0 2.25
118 4 0 1.5
164 19 0 2.75
39 19 0 1.75
9 5 0 1.75
226 21 0 4.0
314 24 0 3.0
46 20 0 3.5
222 28 0 3.75
169 16 0 2.75
194 16 0 1.5
6 26 0 1.75
335 5 0 2.75
191 65 0 2.5
315 4 0 2.5
237 70 0 3.25
272 2 0 1.75
29 27 0 4.0
114 15 0 2.25
147 16 0 3.5
339 9 0 1.5
73 29 0 3.75
156 8 0 2.75
354 18 0 2.25
298 -23 0 3.75
74 8 0 1.5
84 23 0 2.75
127 11 0 2.75
122 11 0 3.0
80 2 0 3.25
339 13 0 2.0
126 15 0 2.0
156 28 0 2.75
129 28 0 2.75
284 27 0 2.5
234 12 0 4.0
306 0 0 1.75
103 2 0 2.75
15 9 0 1.5
294 11 0 4.0
317 15 0 2.25
325 50 0 1.75
177 -46 0 2.75
279 -23 0 3.5
109 3 0 2.75
158 5 0 2.5
207 17 0 3.75
309 -7 0 2.25
189 25 0 3.75
328 3 0 3.0
97 3 0 3.25
75 9 0 3.75
319 23 0 3.5
143 75 0 2.0
271 2 0 2.5
51 5 0 1.5
188 25 0 2.5
301 -19 0 1.75
30 -14 0 3.75
248 19 0 1.5
232 24 0 2.5
209 19 0 1.75
200 40 0 2.0
84 -28 0 3.75
168 8 0 1.5
125 2 0 2.25
243 26 0 3.25
271 30 0 3.5
11 30 0 2.5
195 30 0 1.75
304 30 0 2.25
204 8 0 4.0
149 5 0 3.5
324 13 0 2.25
279 7 0 2.0
195 17 0 2.25
265 12 0 4.0
33 6 0 2.5
151 27 0 3.0
286 6 0 2.25
187 22 0 2.5
255 10 0 4.0
143 19 0 4.0
141 12 0 2.75
118 0 0 1.5
8 20 0 2.25
349 50 0 2.5
286 9 0 2.5
211 12 0 4.0
72 9 0 4.0
252 1 0 4.0
243 29 0 1.5
12 26 0 3.25
2 22 0 3.0
71 15 0 2.0
349 -9 0 3.25
47 22 0 3.75
86 29 0 2.0
180 4 0 1.75
291 8 0 3.25
103 15 0 3.25
299 22 0 2.75
299 22 0 3.5
241 14 0 3.75
330 18 0 3.0
332 17 0 3.0
209 25 0 3.75
267 14 0 3.75
30 5 0 3.25
28 10 0 3.75
192 15 0 3.75
236 18 0 2.25
232 -3 0 2.5
20 21 0 2.5
0 23 0 1.5
355 15 0 2.5
267 4 0 3.25
114 9 0 2.0
159 30 0 3.0
3 5 0 1.5
345 52 0 3.75
220 -38 0 4.0
27 14 0 2.75
91 20 0 2.75
251 15 0 3.25
301 27 0 3.5
64 22 0 4.0
166 8 0 1.5
326 0 0 3.5
51 47 0 2.5
191 19 0 3.5
188 21 0 3.25
257 11 0 2.75
46 16 0 2.0
9 10 0 3.25
72 15 0 3.25
239 14 0 3.5
278 29 0 2.0
229 14 0 3.25
159 0 0 2.75
172 79 0 4.0
223 -16 0 1.5
329 -13 0 3.75
1 10 0 3.25
58 7 0 3.5
87 -24 0 2.0
299 22 0 2.5
45 16 0 1.75
259 26 0 3.5
107 7 0 3.0
325 17 0 4.0
24 66 0 2.75
276 30 0 3.5
115 26 0 3.25
5 12 0 1.5
294 20 0 1.5
252 19 0 1.5
125 25 0 3.0
68 19 0 2.0
333 11 0 2.25
151 30 0 3.75
48 26 0 2.75
343 16 0 2.5
67 0 0 2.75
335 13 0 1.5
341 18 0 2.75
116 78 0 3.5
314 28 0 3.5
306 1 0 3.75
355 12 0 3.75
247 5 0 3.25
193 3 0 2.0
202 8 0 3.75
270 30 0 4.0
324 44 0 1.5
9 13 0 3.75
112 -10 0 3.5
122 6 0 3.25
11 16 0 3.5
12 6 0 1.5
246 -34 0 1.75
351 12 0 2.5
46 28 0 2.75
223 16 0 3.25
319 11 0 3.25
175 15 0 1.75
51 28 0 4.0
13 6 0 1.75
256 29 0 2.25
179 24 0 3.25
33 14 0 3.25
341 21 0 2.25
160 30 0 4.0
249 16 0 1.5
190 12 0 2.0
136 15 0 3.5
228 3 0 3.5
325 0 0 3.75
112 25 0 4.0
295 15 0 2.75
85 10 0 2.75
183 15 0 1.5
316 9 0 4.0
71 12 0 1.75
102 26 0 2.5
53 14 0 1.5
1 28 0 1.5
126 3 0 4.0
331 29 0 1.75
289 13 0 3.5
283 13 0 3.25
256 1 0 3.0
153 11 0 1.75
324 80 0 1.75
119 1 0 3.0
24 19 0 3.25
205 9 0 2.25
99 15 0 1.5
326 14 0 2.5
238 28 0 2.0
197 -3 0 3.5
73 30 0 3.75
215 13 0 4.0
44 23 0 3.75
300 10 0 1.75
166 0 0 3.75
186 27 0 4.0
153 28 0 2.5
319 26 0 3.5
158 18 0 3.75
214 10 0 2.75
136 5 0 4.0
270 6 0 3.75
250 23 0 4.0
162 -14 0 3.25
13 21 0 3.0
195 15 0 3.0
280 16 0 1.5
260 -2 0 3.25
3 8 0 3.5
315 24 0 3.0
200 18 0 3.5
161 5 0 3.75
309 8 0 2.75
192 2 0 2.5
320 24 0 2.5
321 15 0 1.75
286 5 0 3.75
89 30 0 2.5
357 -17 0 3.0
65 -25 0 1.5
21 2 0 1.75
91 -43 0 2.75
117 12 0 2.75
255 24 0 3.0
163 21 0 3.0
316 4 0 2.25
140 22 0 2.5
126 1 0 1.5
317 21 0 3.25
33 60 0 2.75
346 9 0 1.5
141 -26 0 2.0
14 -42 0 3.5
130 18 0 4.0
253 36 0 2.75
109 -6 0 1.75
181 13 0 2.75
143 1 0 3.75
309 16 0 1.75
284 6 0 3.25
75 -2 0 1.75
185 23 0 3.0
226 21 0 3.75
278 11 0 3.25
74 3 0 2.25
26 3 0 1.75
155 48 0 1.5
4 4 0 3.25
88 26 0 2.75
338 12 0 1.5
96 29 0 3.5
203 13 0 2.75
186 13 0 2.0
83 21 0 2.0
27 -3 0 2.75
172 3 0 2.5
205 16 0 3.25
14 21 0 3.0
117 -16 0 1.5
330 -30 0 3.5
156 20 0 3.0
205 10 0 2.25
285 10 0 2.5
208 -15 0 2.0
94 29 0 2.0
351 26 0 1.5
292 28 0 2.5
289 23 0 2.5
98 28 0 3.5
16 20 0 2.5
25 29 0 2.0
303 22 0 2.5
209 -15 0 3.5
160 64 0 2.0
291 26 0 2.75
45 28 0 3.75
174 19 0 3.0
350 14 0 3.5
70 14 0 3.25
249 43 0 2.25
328 22 0 3.75
51 20 0 1.5
69 41 0 1.5
337 16 0 2.0
8 11 0 3.25
208 26 0 2.0
80 3 0 2.25
143 0 0 3.25
186 -17 0 3.25
96 3 0 3.25
212 18 0 3.5
228 25 0 1.75
297 -14 0 2.75
164 9 0 2.25
324 15 0 3.5
317 23 0 1.75
134 4 0 1.75
6 1 0 1.75
10 12 0 4.0
320 29 0 2.25
265 1 0 2.0
190 19 0 2.5
221 9 0 3.25
326 37 0 2.0
261 3 0 3.5
8 15 0 1.5
20 16 0 3.75
62 30 0 2.5
351 27 0 2.25
311 30 0 2.25
106 6 0 1.5
84 -50 0 4.0
40 18 0 3.75
60 19 0 1.75
263 11 0 2.25
228 26 0 2.0
130 29 0 3.0
194 70 0 3.75
248 22 0 2.5
355 -4 0 2.0
47 24 0 1.75
71 3 0 2.25
170 3 0 2.5
147 28 0 2.25
295 23 0 2.75
70 20 0 1.75
320 11 0 2.5
94 2 0 4.0
180 53 0 2.0
19 23 0 4.0
213 15 0 2.25
69 27 0 1.5
74 12 0 4.0
278 12 0 4.0
117 23 0 1.75
54 22 0 3.25
186 5 0 2.0
315 -20 0 2.5
28 27 0 4.0
205 23 0 2.25
294 24 0 3.0
340 20 0 3.5
247 16 0 3.5
72 42 0 2.0
30 21 0 1.5
295 24 0 3.75
328 57 0 1.75
291 23 0 1.75
268 21 0 1.75
28 10 0 1.75
125 2 0 1.75
353 16 0 3.25
317 28 0 2.5
55 7 0 3.5
356 10 0 1.75
304 29 0 4.0
285 14 0 1.75
314 57 0 2.0
45 8 0 2.25
184 -8 0 3.25
339 23 0 1.5
180 7 0 3.75
133 21 0 2.0
198 3 0 2.5
301 13 0 3.0
64 -8 0 3.0
125 53 0 4.0
183 26 0 3.75
54 24 0 3.5
147 23 0 2.5
98 19 0 2.25
346 12 0 2.25
77 20 0 3.5
105 -33 0 2.0
80 25 0 1.5
74 20 0 2.5
169 9 0 3.5
26 25 0 2.25
196 7 0 2.5
221 6 0 2.75
345 13 0 2.0
69 54 0 2.5
325 22 0 2.25
325 30 0 3.75
20 29 0 4.0
272 24 0 3.5
149 19 0 3.5
210 -22 0 4.0
5 3 0 3.75
18 5 0 3.75
202 22 0 2.0
297 2 0 1.5
246 11 0 3.5
257 60 0 1.75
147 17 0 2.5
317 -11 0 2.75
343 26 0 4.0
38 16 0 1.75
308 19 0 3.5
61 30 0 2.75
356 30 0 3.25
317 27 0 3.5
19 26 0 4.0
5 -1 0 3.5
163 29 0 2.25
236 25 0 2.25
18 -17 0 2.5
82 28 0 3.25
211 11 0 1.75
30 18 0 2.25
31 14 0 4.0
16 42 0 3.5
332 4 0 2.0
194 18 0 2.0
297 -24 0 4.0
4 12 0 4.0
342 23 0 1.5
294 19 0 4.0
222 17 0 1.5
273 13 0 3.75
102 21 0 3.5
324 5 0 3.0
282 9 0 3.25
200 5 0 2.0
77 47 0 2.75
208 4 0 2.5
150 25 0 2.25
247 6 0 4.0
75 28 0 2.5
88 29 0 1.5
261 16 0 3.5
193 22 0 3.0
151 2 0 3.0
343 9 0 3.0
57 17 0 2.75
10 -19 0 3.0
67 30 0 3.25
4 20 0 2.75
293 26 0 3.5
288 0 0 1.5
172 16 0 4.0
352 13 0 2.25
190 14 0 3.25
261 15 0 2.25
208 12 0 4.0
58 0 0 4.0
18 26 0 4.0
354 15 0 2.25
343 7 0 3.25
239 4 0 2.5
19 1 0 4.0
36 0 0 3.0
256 36 0 2.75
145 24 0 1.75
131 24 0 1.75
189 13 0 3.0
184 4 0 1.5
299 4 0 3.0
316 35 0 3.75
317 14 0 3.0
215 80 0 3.0
108 -48 0 3.0
262 26 0 3.0
7 27 0 3.5
146 74 0 1.75
254 -28 0 2.75
1 -38 0 3.75
154 17 0 3.75
186 42 0 3.75
90 28 0 1.5
116 25 0 2.25
25 10 0 1.5
253 1 0 4.0
121 22 0 2.0
70 4 0 3.75
163 28 0 3.75
131 4 0 1.75
156 18 0 2.25
323 25 0 4.0
6 29 0 1.75
144 24 0 2.5
192 9 0 4.0
235 16 0 2.0
351 25 0 3.5
292 9 0 1.5
231 17 0 1.5
27 10 0 4.0
346 3 0 2.25
183 18 0 3.5
44 28 0 3.25
252 -27 0 4.0
171 14 0 2.0
88 12 0 2.75
339 26 0 2.0
65 10 0 3.5
352 4 0 3.75
229 24 0 1.5
5 6 0 4.0
345 61 0 2.25
39 28 0 4.0
206 59 0 4.0
291 14 0 3.25
128 22 0 3.75
29 16 0 3.0
341 7 0 2.0
337 23 0 3.75
104 27 0 2.25
107 25 0 2.25
56 12 0 2.25
274 14 0 3.5
103 11 0 3.75
50 22 0 1.5
279 52 0 3.75
190 0 0 3.75
305 19 0 3.75
236 10 0 3.5
303 13 0 2.25
216 11 0 2.0
63 15 0 2.75
268 27 0 3.0
277 -13 0 4.0
268 17 0 2.5
48 12 0 2.25
339 14 0 3.0
336 30 0 2.5
329 25 0 3.25
85 5 0 1.75
82 5 0 2.0
275 -14 0 1.5
302 30 0 2.75
359 6 0 3.5
277 18 0 3.0
301 57 0 3.0
105 5 0 1.5
354 0 0 4.0
43 9 0 3.75
267 4 0 4.0
102 33 0 2.0
320 12 0 3.5
293 30 0 2.5
221 21 0 1.75
165 8 0 3.25
347 4 0 3.25
304 11 0 2.0
189 2 0 3.25
95 -25 0 3.0
149 17 0 3.5
74 16 0 3.25
35 49 0 3.75
24 26 0 3.25
233 21 0 3.5
156 26 0 2.75
220 -47 0 3.5
292 15 0 2.25
28 2 0 3.75
353 21 0 3.25
242 24 0 1.5
34 18 0 1.5
175 18 0 3.75
173 20 0 2.25
187 76 0 2.25
144 13 0 1.5
48 13 0 3.75
278 8 0 2.25
330 8 0 3.0
28 13 0 2.0
256 26 0 2.25
180 -39 0 4.0
26 52 0 2.5
217 1 0 2.5
13 12 0 2.0
2 17 0 2.25
181 26 0 1.5
