198 22 0 2.5
115 28 0 3.25
221 25 0 2.75
337 0 0 2.75
322 20 0 2.0
45 10 0 3.0
94 24 0 3.75
243 21 0 2.75
87 9 0 3.0
345 26 0 2.75
185 12 0 3.75
193 28 0 2.5
214 1 0 3.0
7 11 0 2.75
69 29 0 4.0
291 10 0 3.0
113 5 0 4.0
175 26 0 4.0
316 11 0 2.5
83 15 0 2.5
243 2 0 3.0
348 8 0 2.0
181 27 0 3.5
318 5 0 2.25
174 8 0 3.75
21 18 0 4.0
274 26 0 2.0
52 15 0 3.75
26 23 0 2.0
281 6 0 2.25
113 11 0 2.25
358 24 0 4.0
262 26 0 3.75
224 18 0 3.25
14 2 0 3.0
243 10 0 2.0
89 6 0 3.75
48 32 0 3.25
148 27 0 2.75
74 30 0 3.25
100 7 0 2.5
17 4 0 4.0
132 25 0 3.0
95 23 0 2.75
137 22 0 2.25
239 17 0 2.5
126 29 0 3.0
172 5 0 2.0
315 23 0 3.5
5 30 0 2.75
316 1 0 3.5
350 11 0 3.75
74 26 0 4.0
136 12 0 2.0
64 29 0 3.5
58 26 0 2.0
323 25 0 2.5
78 22 0 3.25
243 26 0 2.25
33 10 0 3.25
154 15 0 2.25
72 29 0 3.0
219 9 0 2.0
67 26 0 3.75
212 7 0 2.75
69 51 0 2.75
177 13 0 4.0
140 23 0 3.5
356 41 0 3.0
148 6 0 3.5
23 22 0 2.5
171 27 0 3.75
83 13 0 3.75
52 18 0 3.5
77 22 0 2.75
245 30 0 4.0
195 0 0 3.0
107 22 0 2.25
47 11 0 2.75
326 5 0 2.5
55 8 0 2.5
12 10 0 3.75
292 5 0 2.75
175 13 0 2.5
310 26 0 3.0
129 9 0 2.75
81 29 0 2.75
47 8 0 2.5
307 5 0 2.75
163 18 0 2.75
117 14 0 3.0
286 25 0 3.25
287 3 0 3.75
302 16 0 4.0
248 2 0 3.25
333 23 0 2.0
301 15 0 2.0
33 9 0 3.0
338 29 0 3.0
338 23 0 2.5
202 25 0 3.5
198 54 0 2.5
106 18 0 3.0
3 27 0 4.0
194 0 0 2.75
190 28 0 4.0
353 16 0 4.0
44 22 0 3.25
49 25 0 2.75
237 15 0 3.75
33 27 0 3.25
91 10 0 3.75
272 27 0 3.25
195 13 0 2.25
350 8 0 3.25
40 29 0 2.75
45 14 0 3.5
259 5 0 3.25
305 11 0 3.75
318 10 0 2.0
284 36 0 3.0
128 0 0 2.25
185 25 0 2.25
260 6 0 2.25
144 15 0 3.75
299 15 0 3.75
359 10 0 3.25
55 65 0 4.0
10 9 0 2.0
261 30 0 2.25
251 30 0 2.75
129 10 0 2.5
56 6 0 2.0
68 8 0 3.0
77 4 0 2.5
49 27 0 4.0
268 8 0 2.0
35 30 0 2.25
96 0 0 2.25
241 5 0 3.0
343 18 0 2.25
281 22 0 3.0
116 17 0 3.25
207 20 0 3.5
314 0 0 3.25
240 2 0 4.0
170 23 0 3.0
140 30 0 3.25
327 8 0 3.25
115 5 0 2.25
331 47 0 2.75
66 28 0 3.5
86 15 0 3.75
163 21 0 3.5
14 27 0 3.25
95 6 0 3.25
102 24 0 3.5
221 28 0 3.5
124 64 0 2.75
297 23 0 3.0
106 11 0 2.25
77 10 0 2.5
321 4 0 2.5
316 11 0 2.0
296 27 0 3.0
272 30 0 2.75
16 10 0 2.5
103 9 0 2.75
234 24 0 3.75
285 11 0 3.0
355 71 0 2.5
46 11 0 3.0
321 28 0 2.5
57 0 0 2.75
198 21 0 2.75
265 23 0 2.5
319 9 0 2.25
38 58 0 2.0
333 5 0 2.5
236 14 0 3.25
261 25 0 2.0
321 9 0 2.25
261 2 0 2.25
98 0 0 3.25
356 5 0 2.75
299 29 0 2.5
23 25 0 4.0
271 7 0 3.5
25 14 0 2.25
119 33 0 3.25
199 8 0 2.0
72 6 0 2.25
100 13 0 2.75
5 13 0 2.0
286 21 0 3.75
152 5 0 3.75
156 20 0 3.75
279 22 0 3.0
59 30 0 3.5
305 5 0 3.25
94 23 0 2.25
224 20 0 3.5
53 16 0 2.0
19 8 0 4.0
97 7 0 3.5
308 6 0 3.25
114 26 0 2.5
152 12 0 2.75
154 4 0 2.0
50 32 0 3.5
30 14 0 2.5
334 50 0 2.0
65 27 0 3.5
115 4 0 3.5
130 23 0 3.5
175 22 0 2.25
183 47 0 3.75
121 13 0 2.0
179 0 0 3.25
252 26 0 2.75
189 30 0 3.5
153 4 0 3.5
166 25 0 3.0
213 7 0 3.5
282 23 0 2.75
190 26 0 3.0
68 27 0 3.0
6 15 0 4.0
314 28 0 3.25
230 22 0 3.25
90 30 0 2.75
55 26 0 2.25
175 1 0 2.25
107 25 0 3.75
285 1 0 2.75
248 19 0 2.0
331 21 0 3.75
297 24 0 3.5
64 21 0 3.0
328 12 0 2.5
14 2 0 3.5
254 14 0 2.25
348 28 0 2.25
225 5 0 3.25
194 8 0 2.0
189 14 0 3.0
90 14 0 2.75
296 10 0 4.0
285 20 0 2.25
277 22 0 3.5
307 3 0 3.5
68 46 0 2.0
339 8 0 4.0
357 12 0 2.25
52 15 0 3.0
288 12 0 2.25
237 5 0 2.0
272 17 0 2.25
51 13 0 3.75
125 26 0 3.0
325 20 0 3.5
154 19 0 2.0
132 10 0 2.0
94 30 0 4.0
29 2 0 4.0
79 11 0 2.0
353 13 0 3.0
101 7 0 3.75
323 23 0 2.25
180 20 0 2.75
339 29 0 2.5
299 15 0 2.25
318 21 0 2.0
346 16 0 3.0
114 22 0 3.5
325 15 0 2.5
204 28 0 3.25
237 21 0 4.0
193 10 0 4.0
276 28 0 3.75
62 14 0 3.75
142 71 0 2.75
29 7 0 2.5
243 9 0 3.0
249 0 0 2.0
87 4 0 2.0
196 29 0 2.25
174 6 0 3.5
186 27 0 2.0
322 28 0 2.5
289 28 0 3.5
88 27 0 3.25
198 26 0 4.0
232 30 0 3.25
58 3 0 2.75
217 10 0 4.0
32 3 0 2.5
66 24 0 2.25
264 24 0 2.75
203 19 0 2.25
8 17 0 3.5
295 7 0 3.5
288 5 0 2.25
172 11 0 2.75
319 3 0 2.5
10 11 0 2.0
157 9 0 3.25
347 9 0 3.75
301 12 0 3.75
230 21 0 2.5
352 2 0 2.0
126 2 0 3.75
207 21 0 3.25
351 16 0 2.5
44 28 0 3.25
217 26 0 2.0
297 30 0 3.5
326 0 0 2.25
218 12 0 3.25
101 12 0 2.25
232 10 0 3.5
287 9 0 2.0
234 1 0 3.75
359 20 0 3.5
137 10 0 2.75
352 1 0 3.5
128 9 0 2.5
334 7 0 2.5
200 41 0 2.25
178 28 0 2.5
228 24 0 2.75
124 15 0 3.5
328 51 0 3.25
35 6 0 2.0
330 28 0 3.75
248 10 0 2.5
6 10 0 2.75
220 4 0 3.75
7 9 0 3.5
158 17 0 2.0
198 0 0 3.5
258 14 0 3.25
64 23 0 3.75
266 31 0 2.25
45 23 0 2.75
180 16 0 3.25
265 12 0 2.5
193 12 0 2.0
127 2 0 4.0
255 30 0 3.75
232 7 0 3.0
321 25 0 3.75
278 18 0 2.0
134 0 0 3.0
341 22 0 2.5
221 5 0 2.0
240 16 0 3.5
31 44 0 3.5
298 11 0 2.5
319 26 0 3.0
290 3 0 3.0
198 20 0 3.25
103 10 0 3.75
225 28 0 3.0
207 18 0 3.0
43 4 0 2.5
92 22 0 3.0
287 30 0 2.5
356 0 0 3.25
9 30 0 3.0
2 11 0 3.75
208 13 0 4.0
73 11 0 3.25
215 2 0 2.75
313 27 0 2.75
41 8 0 2.75
122 22 0 3.25
64 6 0 3.5
236 8 0 2.0
126 20 0 2.0
116 23 0 3.75
201 3 0 2.5
343 21 0 2.25
149 21 0 2.75
16 13 0 2.25
159 8 0 2.75
195 11 0 2.5
280 48 0 2.75
125 0 0 3.0
300 22 0 4.0
243 7 0 3.5
64 73 0 4.0
330 16 0 2.0
56 6 0 2.75
220 4 0 2.0
37 17 0 2.5
5 29 0 2.25
25 25 0 3.25
98 2 0 4.0
341 23 0 2.25
136 26 0 2.5
188 57 0 2.5
227 25 0 3.5
336 16 0 3.0
217 12 0 3.25
79 6 0 3.75
79 50 0 2.75
8 27 0 4.0
44 21 0 3.75
16 15 0 2.0
132 18 0 2.25
333 7 0 2.25
132 23 0 3.25
140 13 0 4.0
94 22 0 3.25
310 9 0 3.0
92 24 0 2.75
331 26 0 3.75
56 58 0 4.0
7 2 0 3.0
201 10 0 3.25
248 22 0 2.0
218 23 0 2.5
167 11 0 4.0
314 7 0 3.0
53 14 0 2.75
343 4 0 3.5
101 12 0 3.75
95 23 0 3.0
157 17 0 2.5
136 26 0 3.5
1 41 0 2.25
341 3 0 4.0
228 16 0 3.0
303 15 0 2.0
131 24 0 4.0
10 6 0 2.5
256 18 0 4.0
141 47 0 4.0
158 14 0 3.0
151 14 0 3.0
306 52 0 3.75
196 2 0 3.5
297 8 0 3.25
136 12 0 2.25
130 17 0 3.5
359 15 0 2.25
352 25 0 3.25
329 11 0 2.5
92 33 0 3.25
42 28 0 3.5
49 19 0 2.25
185 30 0 3.5
333 26 0 2.5
198 27 0 2.5
358 26 0 2.25
131 1 0 3.0
304 10 0 2.5
138 12 0 2.75
203 20 0 2.5
248 1 0 3.5
135 10 0 3.25
236 27 0 2.25
93 2 0 2.75
112 57 0 2.0
206 25 0 2.0
44 4 0 3.5
291 17 0 3.75
20 7 0 3.0
143 14 0 3.25
295 11 0 4.0
351 15 0 3.25
216 8 0 2.0
346 13 0 4.0
20 29 0 2.75
130 4 0 2.0
346 27 0 3.5
351 21 0 2.0
359 17 0 4.0
273 1 0 3.25
125 4 0 2.0
276 28 0 3.25
178 5 0 3.0
87 29 0 3.75
187 19 0 2.5
229 27 0 2.5
221 14 0 2.75
23 0 0 2.75
318 25 0 2.0
298 2 0 4.0
176 12 0 4.0
207 0 0 4.0
155 30 0 2.0
73 16 0 2.5
257 30 0 4.0
173 18 0 2.0
150 12 0 3.75
305 6 0 3.25
325 30 0 2.75
196 0 0 2.5
134 30 0 3.0
323 28 0 3.5
273 15 0 3.5
192 3 0 4.0
151 6 0 3.0
202 13 0 3.25
141 25 0 2.0
336 8 0 2.5
212 7 0 3.75
218 17 0 2.25
93 22 0 2.25
77 14 0 2.75
89 21 0 3.5
155 0 0 4.0
357 30 0 3.0
321 15 0 3.5
95 19 0 2.5
342 11 0 3.75
300 0 0 2.5
336 0 0 2.75
171 5 0 2.0
100 16 0 3.25
291 19 0 2.75
308 7 0 2.75
274 13 0 2.5
162 53 0 3.0
3 24 0 3.5
336 25 0 4.0
238 0 0 3.75
231 19 0 3.25
322 14 0 4.0
18 15 0 2.25
344 11 0 4.0
1 66 0 3.5
162 22 0 4.0
331 23 0 3.25
295 10 0 2.0
198 10 0 2.25
22 18 0 2.0
217 27 0 2.25
258 4 0 2.75
167 19 0 3.0
196 14 0 3.25
257 15 0 2.75
344 18 0 4.0
68 4 0 3.25
151 11 0 2.5
203 58 0 2.0
125 11 0 2.0
77 22 0 3.75
141 17 0 4.0
229 9 0 3.75
32 3 0 2.25
174 14 0 3.75
203 20 0 2.25
227 29 0 4.0
210 4 0 2.0
125 5 0 4.0
146 29 0 3.5
311 47 0 4.0
206 6 0 3.5
274 2 0 2.5
344 28 0 3.0
149 1 0 2.0
25 23 0 3.0
273 5 0 2.75
223 16 0 2.0
218 4 0 2.5
296 27 0 2.25
53 7 0 3.5
11 12 0 2.25
320 4 0 2.0
32 1 0 3.0
231 8 0 4.0
224 15 0 2.25
0 24 0 2.75
111 10 0 2.5
65 20 0 2.5
13 9 0 2.0
311 11 0 4.0
332 4 0 2.25
350 21 0 3.5
266 13 0 4.0
83 27 0 3.25
168 27 0 2.5
337 27 0 3.5
346 1 0 4.0
311 21 0 2.5
316 21 0 2.5
24 4 0 3.25
218 22 0 2.25
21 24 0 2.5
121 8 0 2.25
270 23 0 2.25
267 6 0 2.75
247 22 0 3.0
230 27 0 2.0
290 12 0 3.5
114 5 0 2.75
3 2 0 2.75
28 12 0 4.0
60 19 0 2.0
335 19 0 2.75
319 20 0 2.75
242 6 0 2.25
218 12 0 2.0
158 4 0 3.0
166 23 0 3.0
153 17 0 2.0
345 8 0 2.0
148 24 0 3.0
254 29 0 3.75
295 17 0 2.0
333 8 0 4.0
65 13 0 2.25
186 8 0 4.0
31 2 0 2.75
275 12 0 3.75
277 27 0 2.75
33 7 0 2.75
260 4 0 2.75
215 27 0 2.75
298 16 0 2.5
354 12 0 3.25
231 25 0 2.75
348 23 0 3.5
291 3 0 4.0
308 74 0 3.25
108 15 0 2.0
98 0 0 3.5
305 23 0 4.0
213 4 0 3.5
26 28 0 2.75
317 25 0 2.25
68 14 0 2.5
333 8 0 3.5
177 20 0 3.5
311 15 0 4.0
142 21 0 4.0
224 23 0 3.0
210 20 0 2.5
184 5 0 2.5
263 0 0 3.5
323 18 0 2.75
95 12 0 2.75
210 24 0 3.75
307 13 0 2.0
267 28 0 3.75
282 45 0 2.5
44 7 0 2.5
161 5 0 2.25
254 30 0 2.25
324 17 0 3.5
166 17 0 2.5
161 19 0 2.0
68 23 0 3.5
30 21 0 3.75
181 22 0 4.0
103 4 0 2.75
322 7 0 3.0
338 0 0 2.75
159 24 0 3.25
78 1 0 4.0
8 6 0 3.5
300 21 0 2.5
226 8 0 4.0
271 17 0 3.75
305 24 0 2.75
272 30 0 3.25
87 3 0 2.75
308 30 0 3.25
78 4 0 2.0
217 28 0 4.0
273 25 0 2.5
352 20 0 3.0
52 26 0 2.25
296 1 0 2.75
168 18 0 3.0
237 12 0 3.75
286 13 0 2.0
256 22 0 2.75
1 13 0 2.0
246 17 0 2.0
127 29 0 2.75
288 28 0 3.75
139 9 0 2.0
74 11 0 2.5
48 24 0 3.5
91 4 0 3.25
335 27 0 2.25
322 1 0 4.0
68 29 0 2.25
60 36 0 4.0
180 10 0 2.75
211 24 0 2.0
28 3 0 4.0
75 23 0 2.75
36 10 0 3.5
127 28 0 2.75
172 28 0 3.5
213 20 0 2.25
279 30 0 2.5
266 18 0 2.5
129 21 0 2.75
177 10 0 2.0
165 26 0 3.5
39 8 0 2.75
96 30 0 3.25
319 26 0 4.0
262 23 0 2.0
121 10 0 2.25
252 1 0 2.5
264 25 0 3.5
172 14 0 3.75
191 30 0 3.0
205 4 0 2.25
299 19 0 2.75
311 12 0 3.0
304 14 0 2.5
322 21 0 2.75
148 8 0 2.5
107 6 0 3.0
289 1 0 2.25
8 12 0 2.5
120 10 0 3.5
356 27 0 3.25
259 7 0 2.0
88 29 0 3.75
30 18 0 4.0
329 5 0 3.5
48 2 0 2.5
347 19 0 3.75
120 23 0 2.5
283 18 0 4.0
161 2 0 2.75
35 11 0 3.0
1 18 0 2.25
330 19 0 2.25
296 3 0 3.5
213 17 0 3.5
188 21 0 2.0
273 17 0 4.0
298 29 0 3.75
81 1 0 3.25
341 25 0 2.0
2 0 0 2.75
61 10 0 2.75
270 10 0 3.25
56 29 0 3.5
211 4 0 3.75
332 26 0 3.5
337 26 0 2.0
11 23 0 3.0
244 24 0 2.25
295 24 0 2.75
90 26 0 3.0
125 2 0 3.75
347 29 0 2.0
323 23 0 3.0
70 14 0 2.25
257 24 0 2.75
6 17 0 2.25
93 0 0 3.75
73 7 0 2.5
23 2 0 2.25
308 23 0 3.25
323 11 0 3.5
319 24 0 3.75
110 11 0 3.75
337 14 0 3.75
273 2 0 4.0
209 16 0 3.75
359 15 0 4.0
260 27 0 2.75
206 19 0 3.5
178 19 0 3.25
141 11 0 2.75
35 27 0 2.0
304 5 0 2.0
89 17 0 3.5
342 8 0 2.75
137 29 0 3.5
36 30 0 2.5
213 14 0 3.0
247 19 0 2.75
39 73 0 4.0
256 8 0 3.25
309 23 0 4.0
307 12 0 4.0
51 27 0 2.75
229 21 0 3.25
298 24 0 3.5
90 30 0 2.5
22 18 0 3.5
110 17 0 2.25
63 7 0 3.75
306 30 0 3.75
72 26 0 3.5
180 6 0 2.75
297 29 0 3.0
127 4 0 3.5
104 4 0 2.25
197 20 0 3.25
158 17 0 3.25
314 13 0 2.75
196 1 0 3.25
301 30 0 3.5
190 25 0 2.5
298 6 0 2.0
278 22 0 3.75
328 20 0 2.75
330 25 0 4.0
5 11 0 2.0
268 30 0 3.75
137 22 0 2.75
138 14 0 4.0
103 14 0 3.5
267 28 0 2.75
85 5 0 3.5
311 25 0 2.25
309 9 0 3.75
176 25 0 2.75
77 16 0 2.75
345 4 0 3.0
323 20 0 3.5
200 12 0 2.75
112 10 0 3.5
317 19 0 3.75
307 15 0 2.25
179 30 0 4.0
256 24 0 2.0
206 13 0 2.5
315 2 0 4.0
239 22 0 3.5
341 8 0 3.75
100 11 0 2.75
229 22 0 2.75
193 21 0 2.5
269 0 0 3.5
262 14 0 2.75
93 22 0 2.0
225 5 0 2.75
81 23 0 3.75
91 22 0 2.75
169 4 0 2.25
103 17 0 2.0
127 4 0 4.0
18 7 0 3.25
18 49 0 2.25
281 29 0 3.25
239 28 0 2.75
283 3 0 3.5
155 2 0 3.25
61 32 0 4.0
321 1 0 3.75
183 9 0 3.25
265 12 0 2.0
263 5 0 3.25
287 4 0 2.25
223 4 0 4.0
129 11 0 3.0
320 25 0 3.0
305 21 0 2.0
115 2 0 3.5
35 11 0 3.5
66 22 0 2.25
196 29 0 4.0
156 4 0 3.0
196 3 0 2.25
288 4 0 2.25
276 22 0 3.0
348 4 0 2.0
29 12 0 3.25
256 3 0 3.25
114 17 0 2.0
111 24 0 3.0
262 4 0 2.25
348 27 0 2.5
217 4 0 2.5
283 12 0 2.25
191 12 0 2.5
126 20 0 3.75
260 28 0 2.0
260 18 0 3.0
338 37 0 3.5
212 25 0 2.75
357 5 0 2.0
275 1 0 3.25
89 6 0 3.5
322 9 0 4.0
150 27 0 3.5
204 24 0 3.5
145 3 0 2.25
5 34 0 4.0
334 21 0 2.5
290 9 0 2.5
32 27 0 3.5
145 9 0 3.75
235 27 0 3.25
234 42 0 2.5
169 10 0 2.25
93 9 0 2.0
38 20 0 4.0
27 24 0 3.25
343 16 0 2.75
49 20 0 2.5
116 16 0 4.0
45 27 0 2.75
309 13 0 3.5
65 11 0 2.25
337 26 0 3.5
277 8 0 3.5
38 21 0 3.0
342 7 0 3.0
308 16 0 2.5
171 10 0 3.5
350 15 0 2.5
41 5 0 3.5
23 16 0 3.5
172 2 0 2.0
333 15 0 2.0
29 30 0 3.25
136 16 0 2.0
155 0 0 3.25
112 27 0 3.5
263 22 0 2.5
68 0 0 3.5
80 7 0 3.5
53 15 0 2.5
291 14 0 3.5
308 19 0 2.5
20 24 0 3.5
336 27 0 2.0
205 22 0 4.0
303 21 0 4.0
331 27 0 2.25
77 6 0 2.5
123 9 0 3.25
287 30 0 2.75
278 10 0 3.5
280 27 0 4.0
316 22 0 3.5
290 4 0 2.75
20 9 0 4.0
210 24 0 2.25
323 6 0 4.0
103 5 0 3.75
232 28 0 3.75
337 13 0 2.25
115 21 0 3.0
186 28 0 3.5
318 4 0 2.25
226 20 0 2.5
133 26 0 3.25
319 21 0 3.75
192 14 0 4.0
61 20 0 3.5
202 10 0 2.0
91 27 0 3.75
354 56 0 3.0
238 68 0 4.0
358 13 0 3.0
93 6 0 2.75
118 25 0 2.0
77 14 0 3.5
242 24 0 2.0
196 0 0 3.0
292 15 0 3.5
217 7 0 2.75
210 6 0 3.5
139 28 0 3.25
302 17 0 3.75
233 14 0 2.75
70 3 0 3.25
346 15 0 2.75
40 25 0 2.5
138 14 0 3.0
200 28 0 2.0
212 2 0 3.5
246 6 0 3.25
302 3 0 3.5
218 7 0 3.5
1 26 0 2.75
120 19 0 3.5
149 5 0 3.5
306 11 0 2.25
65 10 0 2.5
355 27 0 3.75
12 7 0 2.0
71 0 0 3.75
188 18 0 2.5
129 0 0 4.0
283 6 0 3.75
132 16 0 3.25
221 8 0 2.75
72 30 0 3.25
138 6 0 2.25
298 25 0 4.0
302 10 0 3.5
33 30 0 2.5
221 8 0 3.25
142 6 0 2.5
291 24 0 3.25
60 8 0 3.5
235 13 0 2.5
195 4 0 3.0
322 0 0 3.0
79 11 0 2.5
238 30 0 2.0
78 3 0 3.5
350 9 0 2.25
262 28 0 4.0
235 14 0 4.0
350 7 0 3.75
160 19 0 4.0
168 21 0 2.5
332 9 0 3.0
225 20 0 4.0
116 7 0 3.25
81 12 0 3.25
320 29 0 2.25
249 0 0 3.25
312 20 0 3.25
39 15 0 3.25
86 1 0 2.75
358 29 0 3.75
159 20 0 3.25
11 15 0 2.75
113 15 0 3.5
0 3 0 2.0
37 14 0 4.0
338 1 0 2.5
31 5 0 2.25
146 51 0 3.5
292 22 0 3.75
283 8 0 2.0
80 12 0 3.5
246 20 0 4.0
316 18 0 3.0
38 15 0 3.0
46 30 0 3.25
355 27 0 2.5
85 7 0 4.0
159 2 0 4.0
6 15 0 3.5
339 36 0 2.75
118 14 0 2.5
130 2 0 3.5
203 52 0 3.75
43 4 0 3.0
76 8 0 3.5
116 4 0 3.5
240 20 0 2.0
278 28 0 2.0
304 46 0 3.0
333 23 0 3.5
296 21 0 2.0
14 28 0 3.25
319 19 0 3.25
178 6 0 2.75
359 7 0 3.5
264 27 0 2.0
342 0 0 4.0
217 14 0 3.5
304 17 0 3.75
260 1 0 3.75
203 0 0 4.0
145 21 0 3.75
2 30 0 4.0
290 1 0 2.5
1 6 0 3.25
224 10 0 3.75
212 12 0 2.5
10 11 0 3.25
163 25 0 3.25
245 1 0 3.5
18 2 0 2.25
283 1 0 4.0
255 3 0 2.0
43 15 0 3.5
216 25 0 3.75
175 8 0 3.75
303 5 0 2.75
242 1 0 2.25
114 3 0 2.0
332 2 0 4.0
69 0 0 4.0
307 26 0 2.5
284 21 0 3.75
304 2 0 3.25
271 9 0 2.25
247 26 0 4.0
53 9 0 3.0
204 26 0 3.5
19 30 0 3.5
113 9 0 2.0
89 10 0 3.0
86 33 0 3.25
67 19 0 2.25
176 25 0 4.0
266 28 0 2.25
80 8 0 2.5
128 10 0 3.0
342 17 0 3.0
8 5 0 2.0
152 22 0 2.75
177 30 0 3.0
344 17 0 3.0
71 14 0 3.5
104 11 0 3.75
99 18 0 2.0
118 29 0 2.0
122 11 0 3.25
90 28 0 3.5
230 24 0 2.75
195 21 0 2.0
300 18 0 2.0
354 20 0 3.5
127 13 0 2.25
281 42 0 3.75
25 5 0 2.5
97 2 0 2.0
323 10 0 3.75
289 1 0 2.0
143 3 0 2.5
99 29 0 3.75
116 25 0 2.25
84 25 0 2.75
95 17 0 3.75
28 23 0 3.75
215 26 0 2.5
209 28 0 3.0
306 21 0 3.0
345 16 0 3.0
288 11 0 3.0
215 8 0 2.0
356 8 0 3.25
285 65 0 3.75
193 12 0 3.0
12 8 0 3.0
269 21 0 3.0
278 4 0 3.25
286 8 0 2.0
273 0 0 2.0
155 12 0 3.0
215 22 0 3.5
259 7 0 3.0
355 23 0 3.5
267 25 0 2.75
121 15 0 4.0
3 30 0 2.5
179 16 0 3.25
340 20 0 3.75
258 22 0 2.75
44 8 0 3.75
174 5 0 3.75
321 14 0 2.0
87 0 0 2.0
317 24 0 2.5
319 16 0 2.25
207 22 0 3.0
191 25 0 2.25
187 26 0 2.75
243 14 0 2.0
226 22 0 2.25
125 5 0 2.25
254 16 0 3.25
345 8 0 2.75
289 10 0 3.75
168 9 0 2.5
9 11 0 4.0
282 18 0 3.0
322 5 0 3.0
72 15 0 3.0
107 9 0 2.5
180 2 0 3.5
274 10 0 3.0
172 6 0 4.0
236 19 0 2.5
95 25 0 2.5
172 26 0 3.25
234 8 0 2.5
113 28 0 2.0
315 12 0 4.0
271 11 0 3.0
33 26 0 2.5
352 25 0 2.0
212 3 0 2.75
306 8 0 2.0
217 19 0 3.75
133 28 0 2.5
17 21 0 3.75
195 8 0 3.5
0 3 0 2.5
155 10 0 4.0
36 13 0 3.75
133 46 0 2.25
298 16 0 2.25
241 28 0 4.0
111 4 0 2.75
49 13 0 3.0
1 8 0 3.5
140 26 0 2.5
29 10 0 4.0
275 21 0 2.75
269 19 0 3.0
235 12 0 2.25
243 25 0 3.5
71 15 0 2.25
327 50 0 3.5
210 10 0 2.0
37 16 0 2.25
85 18 0 4.0
341 20 0 2.0
113 5 0 3.25
200 4 0 4.0
192 4 0 3.5
55 20 0 3.0
278 24 0 3.5
213 10 0 2.0
237 22 0 4.0
332 24 0 3.0
297 18 0 2.5
158 55 0 2.0
195 12 0 2.0
303 30 0 2.0
20 11 0 2.25
178 20 0 2.25
201 3 0 3.0
291 10 0 4.0
17 24 0 2.0
280 3 0 3.0
179 73 0 4.0
269 19 0 2.0
132 6 0 3.25
139 12 0 2.0
182 25 0 3.25
290 30 0 2.0
176 14 0 4.0
153 11 0 2.5
308 21 0 3.0
129 3 0 3.5
114 7 0 3.75
266 23 0 3.25
23 16 0 2.0
272 17 0 2.5
276 12 0 3.0
199 13 0 3.5
243 27 0 3.5
249 8 0 3.0
159 9 0 3.75
98 26 0 2.5
118 22 0 4.0
52 3 0 3.5
165 22 0 2.25
218 3 0 3.0
265 3 0 2.0
161 21 0 2.5
40 15 0 3.5
0 29 0 3.5
231 20 0 4.0
121 29 0 3.5
123 31 0 2.5
96 18 0 3.25
355 17 0 2.5
289 15 0 2.75
318 22 0 2.75
236 1 0 3.75
192 28 0 2.75
345 13 0 4.0
44 13 0 4.0
150 1 0 4.0
334 17 0 2.75
15 1 0 2.0
215 15 0 3.0
127 42 0 3.5
196 20 0 3.5
59 43 0 3.0
244 0 0 2.0
38 23 0 3.25
317 4 0 2.0
78 7 0 2.5
327 17 0 2.75
231 30 0 4.0
169 8 0 2.5
59 2 0 3.75
79 25 0 4.0
131 11 0 2.5
202 11 0 3.25
248 12 0 2.75
136 15 0 3.75
221 13 0 3.25
317 7 0 3.75
119 2 0 2.75
167 14 0 3.75
262 22 0 2.5
133 29 0 2.5
183 28 0 2.25
207 9 0 4.0
213 10 0 2.5
228 30 0 2.75
194 23 0 4.0
273 2 0 2.75
213 20 0 3.25
173 16 0 2.5
320 19 0 3.75
329 23 0 3.75
162 21 0 2.5
137 3 0 3.0
187 10 0 3.5
240 1 0 3.0
28 17 0 3.0
320 23 0 3.0
346 6 0 2.5
253 24 0 2.5
275 9 0 2.75
255 15 0 4.0
121 2 0 2.25
164 23 0 2.25
94 22 0 3.5
38 33 0 3.5
195 29 0 3.5
142 76 0 3.5
80 11 0 2.0
231 24 0 2.5
287 16 0 2.0
85 23 0 3.25
332 1 0 3.25
267 25 0 3.0
308 20 0 2.0
238 25 0 4.0
104 15 0 3.25
199 20 0 3.25
57 30 0 3.0
171 14 0 4.0
10 0 0 2.25
323 24 0 3.25
247 8 0 3.25
17 22 0 4.0
291 15 0 3.5
79 15 0 3.75
9 22 0 3.5
337 14 0 4.0
286 26 0 2.25
359 5 0 3.25
69 15 0 2.25
327 8 0 3.0
235 16 0 2.75
42 3 0 2.75
181 17 0 4.0
235 29 0 4.0
206 11 0 3.5
289 29 0 2.5
317 9 0 2.75
10 17 0 3.5
5 22 0 3.0
232 17 0 2.0
20 9 0 3.75
315 11 0 2.0
175 4 0 4.0
249 13 0 2.75
211 12 0 3.75
318 10 0 3.5
271 13 0 3.25
123 27 0 3.75
258 7 0 3.5
220 45 0 2.5
211 2 0 3.75
357 6 0 2.5
31 63 0 3.5
215 12 0 2.5
322 26 0 2.5
263 30 0 2.5
220 20 0 3.0
223 24 0 3.0
94 24 0 4.0
279 5 0 3.75
104 24 0 2.0
169 56 0 2.25
57 28 0 3.25
61 7 0 3.0
336 11 0 3.25
114 45 0 2.0
70 19 0 2.5
149 29 0 2.25
153 11 0 4.0
292 11 0 2.0
116 46 0 2.5
43 10 0 2.0
140 12 0 4.0
251 19 0 2.75
55 4 0 3.0
118 8 0 3.0
127 20 0 4.0
164 3 0 2.75
142 2 0 2.75
236 7 0 2.5
294 36 0 2.0
135 7 0 3.25
81 7 0 4.0
245 6 0 3.0
220 24 0 2.75
261 17 0 2.0
122 0 0 3.5
196 19 0 3.5
233 21 0 2.25
345 3 0 2.25
223 29 0 3.0
232 22 0 3.0
250 28 0 3.5
282 2 0 3.0
82 25 0 4.0
253 7 0 2.0
352 23 0 3.0
237 54 0 3.0
90 14 0 2.0
319 7 0 3.75
35 3 0 3.75
160 28 0 2.0
288 20 0 2.0
235 4 0 2.25
184 20 0 2.0
37 5 0 3.75
216 21 0 4.0
13 28 0 2.0
92 13 0 2.75
194 15 0 2.75
287 10 0 2.5
358 16 0 2.25
274 11 0 2.25
265 23 0 2.25
157 18 0 2.0
254 2 0 3.25
128 10 0 2.75
89 24 0 2.0
118 11 0 2.25
44 27 0 4.0
246 13 0 3.0
171 30 0 2.75
161 4 0 3.0
97 6 0 3.75
55 26 0 2.5
82 12 0 3.25
249 18 0 3.0
11 11 0 3.75
39 22 0 2.5
71 68 0 2.75
73 25 0 2.25
30 12 0 3.75
48 24 0 2.75
200 7 0 3.25
278 20 0 2.0
310 16 0 4.0
289 28 0 2.5
189 17 0 3.5
254 4 0 3.75
92 5 0 3.0
246 10 0 2.5
250 30 0 3.25
193 3 0 2.75
26 2 0 3.0
21 7 0 3.25
319 21 0 3.25
109 11 0 3.0
245 28 0 2.25
195 0 0 2.25
95 24 0 2.25
342 17 0 3.75
267 7 0 2.75
63 5 0 2.25
336 10 0 4.0
20 29 0 2.25
211 1 0 2.5
36 18 0 3.25
263 15 0 3.0
331 9 0 2.75
7 13 0 4.0
239 4 0 2.5
98 6 0 2.0
132 9 0 2.0
212 22 0 3.75
262 27 0 2.5
189 15 0 2.0
338 0 0 2.25
85 25 0 3.5
240 26 0 3.5
192 14 0 3.5
231 5 0 3.25
54 13 0 4.0
68 7 0 3.0
29 27 0 4.0
269 14 0 2.75
301 14 0 3.75
142 28 0 2.25
80 17 0 3.5
223 30 0 3.5
168 11 0 3.5
108 0 0 2.5
133 10 0 4.0
5 27 0 3.25
55 30 0 4.0
225 0 0 3.5
305 0 0 2.75
39 30 0 2.5
153 2 0 2.0
205 22 0 3.75
91 2 0 2.25
26 12 0 3.0
109 20 0 3.5
338 15 0 2.5
358 25 0 3.0
277 27 0 3.25
65 1 0 3.25
71 30 0 4.0
213 28 0 3.75
194 19 0 3.5
249 23 0 3.0
252 21 0 4.0
38 27 0 4.0
107 10 0 3.0
244 5 0 4.0
93 13 0 2.5
158 10 0 2.0
199 17 0 3.75
247 4 0 2.75
322 18 0 3.75
187 28 0 3.25
245 21 0 4.0
322 0 0 3.5
233 26 0 4.0
326 1 0 3.5
309 11 0 2.5
132 12 0 2.5
24 28 0 3.5
169 2 0 3.5
308 21 0 3.75
248 11 0 2.75
287 19 0 3.0
176 0 0 3.25
106 28 0 2.75
207 30 0 2.75
31 0 0 2.75
1 26 0 3.75
238 9 0 4.0
326 5 0 2.75
113 9 0 3.75
139 4 0 2.5
312 0 0 3.25
15 53 0 2.75
82 0 0 3.5
352 14 0 2.5
265 1 0 2.75
99 14 0 3.5
278 14 0 3.75
110 18 0 2.25
68 23 0 3.0
38 29 0 2.5
132 26 0 2.5
80 5 0 2.5
232 5 0 2.5
183 10 0 3.25
66 30 0 3.25
70 22 0 3.75
356 9 0 2.75
161 29 0 2.5
53 0 0 2.25
98 72 0 3.0
108 14 0 2.5
172 9 0 2.75
238 28 0 3.5
73 0 0 2.5
181 16 0 2.75
57 8 0 2.75
313 14 0 2.5
12 34 0 2.0
67 22 0 2.25
290 23 0 2.25
66 78 0 2.75
14 6 0 2.75
201 26 0 3.25
242 0 0 3.5
280 22 0 3.0
315 5 0 4.0
220 25 0 2.75
279 7 0 3.0
95 8 0 3.75
76 14 0 2.0
254 13 0 2.25
243 26 0 3.25
4 2 0 3.25
137 2 0 2.5
292 12 0 3.0
143 37 0 3.5
163 20 0 2.75
150 15 0 3.25
190 30 0 2.0
238 7 0 2.25
218 21 0 3.75
80 3 0 2.25
202 22 0 2.75
2 27 0 2.0
263 23 0 3.0
71 2 0 2.25
261 3 0 2.25
106 35 0 2.5
177 1 0 2.25
175 14 0 3.0
7 18 0 3.25
8 10 0 3.0
226 16 0 4.0
251 22 0 4.0
3 14 0 4.0
30 7 0 3.75
95 28 0 3.5
348 79 0 3.5
120 26 0 3.75
19 14 0 3.75
42 43 0 3.5
108 3 0 2.5
117 22 0 2.25
172 9 0 3.0
329 24 0 4.0
181 23 0 2.25
184 21 0 3.25
196 4 0 2.0
140 27 0 2.75
220 5 0 3.75
187 6 0 2.0
6 17 0 2.5
279 27 0 2.0
291 1 0 2.25
308 2 0 2.75
359 2 0 4.0
201 30 0 3.0
158 19 0 2.0
52 20 0 2.75
325 0 0 2.5
142 16 0 3.75
178 8 0 3.75
28 16 0 2.0
241 10 0 2.5
276 23 0 2.0
280 15 0 4.0
235 2 0 3.0
213 28 0 2.5
284 22 0 4.0
122 25 0 2.75
323 13 0 3.25
352 26 0 3.5
89 16 0 3.5
283 13 0 2.25
191 6 0 2.5
184 15 0 2.25
38 8 0 2.5
125 1 0 2.0
8 2 0 3.0
324 0 0 4.0
273 5 0 3.5
73 28 0 3.5
31 55 0 2.75
79 7 0 2.0
289 19 0 4.0
50 7 0 2.25
119 15 0 3.5
220 7 0 2.5
176 5 0 3.5
66 4 0 2.75
52 4 0 4.0
84 19 0 3.0
303 21 0 2.0
65 17 0 2.0
105 5 0 3.5
188 12 0 3.0
353 13 0 2.0
32 11 0 3.5
316 13 0 2.5
254 18 0 4.0
73 14 0 2.0
84 10 0 4.0
139 16 0 3.25
94 29 0 2.25
261 0 0 3.0
305 10 0 3.75
172 24 0 4.0
231 2 0 2.25
155 27 0 2.25
66 13 0 3.0
146 21 0 2.0
167 0 0 4.0
21 8 0 3.5
149 4 0 4.0
28 27 0 2.75
133 20 0 3.0
333 22 0 3.25
40 20 0 3.25
217 29 0 3.75
248 0 0 3.25
90 25 0 2.5
138 4 0 3.75
278 51 0 3.0
136 21 0 2.25
110 3 0 2.5
11 1 0 2.25
277 30 0 2.25
122 21 0 3.5
79 27 0 3.25
149 16 0 2.5
348 9 0 3.25
82 8 0 3.75
26 29 0 3.75
357 18 0 3.0
227 8 0 3.0
236 18 0 2.25
82 30 0 3.0
317 13 0 2.25
315 20 0 3.25
14 1 0 2.5
187 42 0 2.5
4 7 0 3.5
236 12 0 3.0
158 17 0 2.25
345 9 0 3.75
130 13 0 2.25
262 8 0 3.75
135 13 0 3.0
163 29 0 3.0
132 20 0 3.25
320 10 0 3.5
16 18 0 2.75
240 17 0 3.75
235 13 0 2.25
111 16 0 2.75
89 5 0 4.0
26 26 0 2.5
152 5 0 2.75
57 20 0 3.25
250 30 0 3.75
62 10 0 3.0
40 0 0 2.75
236 25 0 4.0
67 26 0 3.25
179 16 0 2.5
26 9 0 3.5
47 21 0 2.25
111 5 0 4.0
326 12 0 3.0
9 22 0 2.5
327 21 0 4.0
51 12 0 4.0
269 20 0 3.0
77 26 0 3.5
354 19 0 3.0
82 6 0 2.5
215 16 0 2.5
25 5 0 3.75
223 3 0 2.5
58 11 0 2.75
68 1 0 3.5
203 7 0 3.75
138 8 0 4.0
340 23 0 3.0
102 17 0 3.25
35 28 0 3.75
151 2 0 2.25
31 57 0 2.25
239 29 0 2.5
303 7 0 3.25
353 37 0 3.75
228 6 0 2.25
303 13 0 2.25
111 7 0 4.0
139 29 0 2.0
102 26 0 2.5
222 19 0 2.25
123 12 0 2.75
222 17 0 2.75
112 19 0 4.0
68 12 0 3.25
92 28 0 2.25
84 1 0 2.5
197 10 0 3.75
131 1 0 2.75
13 21 0 2.0
167 7 0 2.25
295 28 0 3.25
91 17 0 2.0
29 15 0 3.0
65 12 0 3.75
29 23 0 3.0
161 28 0 2.0
45 11 0 3.25
212 1 0 4.0
198 12 0 2.25
87 8 0 3.25
71 12 0 2.0
104 25 0 2.0
132 0 0 3.75
331 24 0 4.0
122 14 0 2.5
257 24 0 3.5
87 9 0 2.25
28 20 0 2.25
111 22 0 2.75
99 3 0 4.0
177 19 0 3.25
354 21 0 3.0
285 22 0 3.25
358 24 0 2.75
350 12 0 2.5
131 28 0 2.25
319 2 0 2.5
339 1 0 3.0
89 8 0 3.5
131 12 0 4.0
263 14 0 2.5
21 14 0 2.0
30 23 0 2.0
275 20 0 3.5
306 2 0 2.5
156 15 0 3.5
81 19 0 2.75
309 15 0 3.0
246 17 0 2.25
207 9 0 2.25
151 4 0 2.75
87 12 0 2.0
199 19 0 3.75
194 14 0 2.0
77 12 0 2.75
45 18 0 2.0
8 20 0 2.0
124 0 0 3.75
130 27 0 2.0
198 2 0 2.5
58 20 0 2.25
326 19 0 2.5
97 11 0 3.5
72 18 0 3.0
279 22 0 2.25
309 7 0 2.0
231 24 0 4.0
80 21 0 2.0
193 18 0 3.5
300 22 0 2.25
288 6 0 3.0
40 11 0 2.25
160 28 0 2.25
282 30 0 4.0
202 24 0 3.25
54 6 0 2.75
201 11 0 3.0
133 47 0 2.0
272 15 0 2.25
221 20 0 3.75
283 2 0 2.0
166 15 0 3.0
1 11 0 4.0
233 28 0 3.0
117 2 0 2.75
105 30 0 3.5
223 9 0 3.75
23 6 0 4.0
224 21 0 2.75
115 3 0 2.0
80 12 0 4.0
312 25 0 2.75
14 0 0 3.5
207 28 0 2.0
299 22 0 2.25
207 12 0 2.25
5 23 0 3.75
223 25 0 3.75
180 3 0 2.5
1 4 0 2.0
33 12 0 2.75
342 5 0 2.5
249 13 0 4.0
198 24 0 2.25
153 24 0 2.5
328 23 0 2.25
294 6 0 2.25
195 20 0 3.0
84 38 0 4.0
86 21 0 2.5
246 14 0 2.0
350 17 0 2.5
277 21 0 4.0
101 16 0 4.0
117 28 0 2.25
171 28 0 2.25
282 0 0 3.75
154 27 0 2.25
134 11 0 2.5
260 17 0 3.75
129 23 0 3.25
338 25 0 3.25
261 3 0 2.75
339 12 0 3.5
24 29 0 3.25
72 12 0 2.0
223 19 0 3.5
318 22 0 2.0
232 60 0 2.25
89 15 0 2.0
67 15 0 2.25
291 17 0 3.5
267 19 0 3.0
45 21 0 3.75
251 13 0 3.75
286 29 0 4.0
17 30 0 2.0
194 12 0 3.75
136 6 0 3.0
186 0 0 3.5
226 8 0 3.75
197 23 0 3.0
307 8 0 2.75
322 2 0 2.5
242 1 0 3.25
42 2 0 3.75
70 28 0 3.25
321 1 0 3.25
37 30 0 3.0
119 28 0 2.0
46 1 0 3.75
296 29 0 4.0
244 29 0 2.5
126 18 0 3.25
338 25 0 3.5
342 23 0 3.0
289 18 0 4.0
317 0 0 2.75
75 17 0 2.5
87 12 0 3.5
274 20 0 3.75
257 38 0 3.75
224 5 0 2.25
323 25 0 3.0
191 6 0 3.0
162 25 0 3.75
233 17 0 2.25
140 24 0 2.0
53 58 0 2.5
338 14 0 3.0
239 18 0 3.75
209 25 0 3.75
40 25 0 4.0
217 13 0 3.25
59 8 0 3.5
214 17 0 2.5
150 27 0 2.5
291 2 0 4.0
160 2 0 2.5
210 15 0 2.5
42 24 0 3.5
225 26 0 2.75
167 7 0 4.0
179 8 0 3.0
340 29 0 4.0
124 1 0 2.25
340 12 0 3.5
144 20 0 2.75
55 9 0 3.25
171 16 0 3.5
218 29 0 3.25
283 0 0 4.0
77 14 0 4.0
170 21 0 2.25
347 10 0 3.5
16 9 0 2.5
300 28 0 2.25
270 2 0 3.0
267 28 0 3.5
161 26 0 4.0
335 3 0 2.75
307 29 0 2.0
294 21 0 2.5
86 4 0 3.25
276 16 0 3.75
44 18 0 3.0
261 16 0 2.0
192 27 0 2.5
54 17 0 2.75
256 9 0 2.25
229 53 0 3.25
166 21 0 2.5
22 28 0 2.5
270 27 0 4.0
127 30 0 2.5
239 12 0 3.5
110 2 0 2.5
347 3 0 3.75
212 3 0 2.0
150 24 0 4.0
327 25 0 3.25
265 8 0 2.25
142 2 0 3.25
71 13 0 2.75
186 7 0 4.0
84 5 0 2.0
261 7 0 4.0
50 30 0 3.75
103 17 0 3.0
155 30 0 4.0
90 0 0 3.75
94 21 0 2.75
340 26 0 2.0
240 30 0 3.75
79 6 0 2.25
140 36 0 2.75
26 4 0 2.25
266 11 0 2.5
208 11 0 3.0
134 1 0 3.5
73 11 0 2.75
55 2 0 3.25
160 29 0 4.0
218 9 0 3.5
98 24 0 3.5
346 8 0 3.25
168 24 0 3.5
316 11 0 3.0
356 3 0 2.5
349 14 0 2.0
227 30 0 2.5
89 12 0 2.25
328 5 0 3.25
121 59 0 3.75
248 18 0 2.5
29 1 0 2.0
245 23 0 3.75
288 22 0 2.0
151 4 0 3.5
219 27 0 2.75
213 5 0 3.25
266 22 0 3.75
173 27 0 2.75
34 22 0 2.0
175 14 0 3.5
124 13 0 4.0
251 14 0 4.0
162 30 0 3.0
84 11 0 2.25
335 30 0 3.0
52 3 0 2.0
81 46 0 4.0
316 15 0 3.25
121 19 0 3.25
5 24 0 3.75
313 22 0 3.75
283 11 0 2.5
282 59 0 3.25
43 13 0 2.25
117 30 0 3.25
158 22 0 2.0
119 10 0 3.5
278 24 0 4.0
256 26 0 2.0
45 27 0 2.25
302 18 0 3.75
220 8 0 3.5
44 12 0 2.25
217 12 0 3.0
195 25 0 3.25
272 8 0 3.75
287 22 0 3.5
111 5 0 3.25
341 17 0 3.5
325 11 0 4.0
62 0 0 2.75
301 7 0 2.75
102 16 0 3.25
142 27 0 3.25
352 0 0 3.75
132 6 0 2.75
254 5 0 4.0
295 26 0 3.75
261 51 0 2.0
256 15 0 2.25
33 22 0 2.5
206 2 0 3.25
308 19 0 4.0
4 6 0 2.75
68 8 0 3.5
138 9 0 4.0
62 24 0 3.0
283 7 0 3.25
40 1 0 2.25
171 10 0 3.75
210 8 0 2.5
66 1 0 3.0
353 1 0 4.0
252 8 0 3.5
354 29 0 2.5
164 12 0 4.0
102 10 0 3.0
359 8 0 3.5
304 12 0 3.0
289 23 0 3.0
187 16 0 3.5
234 24 0 3.0
283 8 0 2.25
285 9 0 2.25
7 28 0 2.25
141 29 0 3.5
286 21 0 4.0
171 22 0 2.75
40 22 0 2.5
290 29 0 3.0
85 26 0 2.25
106 6 0 2.5
337 15 0 2.75
183 5 0 2.25
152 5 0 2.5
11 12 0 2.5
285 2 0 3.5
324 28 0 3.75
196 1 0 3.5
280 30 0 2.25
210 28 0 4.0
201 21 0 2.75
31 7 0 3.0
189 17 0 3.0
75 22 0 3.5
230 20 0 4.0
260 26 0 3.0
80 2 0 2.0
132 15 0 4.0
324 18 0 4.0
246 18 0 4.0
294 3 0 2.5
286 10 0 3.25
181 29 0 2.5
341 14 0 3.5
21 18 0 2.25
245 0 0 4.0
183 27 0 3.0
85 12 0 3.25
319 14 0 2.0
20 12 0 3.0
286 10 0 2.0
180 47 0 3.75
238 14 0 2.75
199 15 0 3.25
116 0 0 4.0
187 2 0 3.5
162 19 0 2.75
211 21 0 2.75
164 29 0 2.0
226 38 0 4.0
300 16 0 3.75
347 4 0 3.5
35 0 0 2.5
53 11 0 3.25
53 2 0 2.5
64 28 0 4.0
13 28 0 2.75
19 1 0 4.0
231 12 0 2.0
288 29 0 2.0
294 14 0 2.0
155 12 0 3.75
144 14 0 4.0
97 50 0 3.5
27 12 0 3.25
22 21 0 2.25
147 30 0 2.25
331 18 0 3.0
355 26 0 2.0
105 15 0 3.25
249 1 0 4.0
182 6 0 2.5
164 50 0 3.75
225 1 0 2.75
163 19 0 3.5
7 13 0 2.75
36 12 0 2.5
71 9 0 3.25
74 20 0 3.5
149 15 0 4.0
110 17 0 2.0
194 8 0 2.5
55 26 0 3.5
144 30 0 3.5
156 5 0 2.0
39 27 0 3.75
297 15 0 2.5
150 10 0 3.75
302 28 0 3.25
88 1 0 4.0
305 5 0 2.0
26 17 0 3.25
34 4 0 2.25
257 32 0 2.75
182 19 0 3.0
330 5 0 2.5
13 4 0 4.0
16 20 0 2.25
309 5 0 3.0
189 12 0 3.75
307 14 0 2.5
267 14 0 2.25
44 3 0 2.5
0 19 0 2.5
169 7 0 3.0
146 60 0 2.25
271 15 0 2.25
107 2 0 4.0
247 9 0 3.0
159 2 0 2.75
253 13 0 2.5
124 13 0 2.25
263 7 0 2.0
287 30 0 3.5
12 5 0 3.5
49 17 0 2.5
226 20 0 3.75
206 30 0 2.25
24 13 0 2.0
257 15 0 3.25
169 26 0 3.75
296 22 0 2.0
283 14 0 4.0
130 1 0 3.0
96 23 0 2.75
85 14 0 3.0
232 28 0 3.25
154 24 0 3.5
299 27 0 2.0
127 9 0 3.5
45 29 0 2.0
249 26 0 4.0
10 23 0 2.5
280 11 0 2.0
146 11 0 2.75
247 22 0 2.75
233 17 0 2.0
4 11 0 3.25
315 10 0 2.0
100 14 0 4.0
213 21 0 4.0
38 16 0 3.75
14 28 0 2.25
294 24 0 3.75
121 22 0 2.0
33 24 0 3.5
92 11 0 2.25
279 27 0 2.5
315 4 0 3.75
81 20 0 3.0
176 30 0 3.25
57 19 0 3.5
219 9 0 4.0
320 27 0 2.0
204 2 0 3.25
205 12 0 3.5
178 23 0 2.75
43 16 0 3.25
300 4 0 4.0
203 16 0 2.5
208 27 0 2.25
115 4 0 3.75
10 17 0 2.25
203 12 0 3.25
10 9 0 2.5
323 30 0 3.75
7 4 0 3.75
353 9 0 3.25
165 11 0 2.0
233 7 0 2.25
22 18 0 2.75
300 10 0 3.0
195 7 0 2.0
293 12 0 2.0
70 12 0 2.5
18 16 0 2.0
324 9 0 2.25
118 17 0 2.25
354 7 0 4.0
345 23 0 3.25
328 10 0 4.0
136 4 0 3.25
184 13 0 2.0
68 2 0 2.0
50 0 0 3.0
98 22 0 2.0
6 6 0 3.25
15 27 0 3.75
350 10 0 3.5
34 0 0 3.75
359 19 0 2.75
107 29 0 2.25
317 25 0 4.0
29 1 0 4.0
260 17 0 4.0
67 27 0 3.75
231 28 0 2.0
229 11 0 3.25
307 47 0 4.0
232 1 0 3.5
128 14 0 4.0
13 27 0 2.5
96 2 0 3.0
289 10 0 3.25
101 13 0 2.5
79 52 0 2.25
187 6 0 2.25
66 9 0 3.5
179 54 0 3.0
122 13 0 3.25
7 29 0 2.25
14 30 0 3.75
112 2 0 3.25
185 3 0 3.0
109 16 0 3.25
166 19 0 2.75
327 9 0 4.0
224 3 0 4.0
235 22 0 3.5
309 17 0 3.25
160 13 0 3.25
25 25 0 4.0
0 29 0 2.0
219 18 0 3.5
155 22 0 2.0
245 5 0 2.25
142 14 0 2.5
260 0 0 4.0
45 18 0 2.5
344 18 0 2.0
231 4 0 2.75
224 20 0 4.0
229 16 0 2.5
335 18 0 3.75
340 16 0 3.5
116 26 0 2.0
359 4 0 3.25
53 1 0 2.75
140 6 0 2.25
109 47 0 2.75
121 6 0 2.25
329 1 0 3.75
7 21 0 3.5
307 29 0 2.5
142 25 0 3.25
235 15 0 2.5
127 8 0 2.5
12 28 0 3.75
54 10 0 3.75
20 26 0 2.25
183 46 0 3.25
90 22 0 2.5
334 15 0 3.5
270 30 0 3.75
91 8 0 4.0
290 0 0 2.75
107 30 0 2.0
127 12 0 2.0
202 29 0 3.0
275 15 0 2.0
85 26 0 2.0
197 22 0 4.0
143 9 0 3.75
152 30 0 2.75
42 5 0 3.75
202 23 0 2.75
159 30 0 2.25
134 13 0 2.25
181 30 0 2.0
88 26 0 2.25
166 6 0 2.75
155 21 0 3.75
129 30 0 2.25
313 11 0 2.25
51 29 0 3.0
111 1 0 2.5
50 13 0 3.0
216 11 0 3.25
26 10 0 2.0
291 16 0 2.5
311 26 0 2.0
289 12 0 3.25
228 29 0 2.5
271 19 0 4.0
160 10 0 3.25
158 3 0 4.0
259 4 0 2.5
159 13 0 3.25
126 5 0 2.75
84 8 0 4.0
334 27 0 2.0
274 7 0 2.0
131 29 0 2.25
267 23 0 2.5
225 8 0 4.0
218 24 0 3.0
99 18 0 3.5
42 1 0 2.0
60 18 0 2.25
299 1 0 2.5
11 16 0 4.0
320 5 0 3.75
83 9 0 2.0
288 6 0 4.0
45 18 0 4.0
342 19 0 3.25
306 24 0 2.0
159 4 0 3.5
108 12 0 3.75
4 21 0 3.5
121 17 0 3.25
328 17 0 2.25
221 26 0 3.5
271 22 0 3.5
26 12 0 2.75
4 74 0 3.25
323 14 0 3.0
107 30 0 3.5
185 11 0 3.25
16 9 0 2.0
218 29 0 3.75
322 9 0 2.75
322 6 0 3.25
158 2 0 2.0
358 30 0 3.5
172 30 0 2.75
42 23 0 4.0
327 6 0 3.0
42 20 0 2.25
46 1 0 3.0
213 17 0 2.25
9 27 0 3.25
262 26 0 3.5
4 29 0 3.5
214 29 0 3.75
144 12 0 2.0
211 20 0 3.5
78 28 0 3.75
113 29 0 3.75
91 31 0 4.0
104 13 0 3.0
208 28 0 4.0
352 18 0 2.25
218 16 0 3.75
160 22 0 2.75
172 26 0 3.75
325 20 0 2.5
171 20 0 3.75
7 25 0 4.0
181 51 0 4.0
357 11 0 2.0
277 14 0 2.0
331 23 0 3.0
14 8 0 3.0
264 20 0 3.5
12 13 0 4.0
29 12 0 4.0
131 49 0 2.0
201 22 0 4.0
142 63 0 3.75
10 15 0 2.25
74 24 0 3.75
316 12 0 3.25
80 22 0 2.25
96 18 0 2.0
284 50 0 3.75
45 21 0 3.5
59 6 0 2.5
42 12 0 3.5
287 11 0 3.0
342 27 0 2.75
137 9 0 2.25
178 22 0 2.5
132 24 0 3.25
235 27 0 4.0
312 6 0 2.75
211 27 0 3.0
89 23 0 2.75
119 25 0 3.0
39 24 0 2.0
90 27 0 3.25
281 28 0 3.0
227 16 0 3.25
126 68 0 3.5
107 21 0 3.25
217 9 0 2.75
132 28 0 2.75
36 20 0 3.75
304 1 0 3.25
237 2 0 3.5
298 5 0 2.0
154 10 0 3.25
224 15 0 3.25
359 11 0 2.5
151 21 0 2.5
206 28 0 3.0
268 28 0 2.25
94 6 0 3.75
166 20 0 3.75
62 0 0 4.0
98 27 0 3.5
274 0 0 3.5
163 25 0 2.5
192 0 0 2.75
62 11 0 2.5
65 25 0 2.75
44 7 0 2.25
219 29 0 2.75
234 5 0 3.25
232 20 0 3.5
109 1 0 2.75
59 11 0 3.5
307 1 0 2.75
188 29 0 4.0
304 1 0 2.5
176 20 0 4.0
87 18 0 3.75
177 0 0 2.25
337 7 0 2.0
254 21 0 2.25
250 13 0 2.0
342 6 0 2.25
347 15 0 3.0
106 14 0 2.5
287 0 0 3.75
94 24 0 2.0
120 29 0 3.0
95 16 0 4.0
359 19 0 3.0
82 10 0 3.25
0 10 0 3.75
117 11 0 3.0
6 4 0 3.75
286 6 0 3.5
304 17 0 2.0
31 21 0 2.0
41 14 0 4.0
17 0 0 2.0
196 27 0 2.0
266 54 0 2.0
35 4 0 2.25
36 4 0 2.5
319 21 0 2.5
194 12 0 3.0
286 11 0 2.0
141 15 0 2.25
275 25 0 2.0
182 16 0 3.5
290 12 0 3.0
278 8 0 3.0
228 3 0 4.0
162 15 0 3.5
12 4 0 2.25
119 5 0 2.0
113 17 0 2.25
38 17 0 2.0
70 0 0 2.25
120 20 0 3.75
55 51 0 2.0
138 26 0 4.0
257 27 0 2.5
154 13 0 3.25
159 8 0 2.0
283 19 0 2.0
14 7 0 2.5
102 9 0 3.0
91 6 0 3.5
207 21 0 3.0
59 12 0 3.25
30 6 0 3.25
124 12 0 3.0
38 27 0 3.75
249 12 0 2.25
110 14 0 4.0
355 1 0 4.0
244 22 0 2.5
195 22 0 4.0
323 11 0 2.25
171 18 0 3.75
159 18 0 2.25
325 9 0 2.0
251 30 0 2.5
52 15 0 2.25
305 7 0 3.75
188 30 0 3.25
134 9 0 2.25
87 18 0 2.0
286 5 0 2.5
22 57 0 2.0
12 28 0 2.0
328 2 0 2.5
261 5 0 3.5
41 11 0 2.75
165 24 0 3.5
86 4 0 2.5
248 24 0 3.75
167 24 0 2.75
250 30 0 2.75
224 29 0 2.75
249 24 0 2.5
209 23 0 4.0
109 11 0 2.0
163 0 0 3.25
58 14 0 2.25
145 27 0 2.5
292 16 0 3.25
14 13 0 2.75
104 29 0 2.25
345 13 0 2.75
277 14 0 3.75
163 4 0 2.0
186 18 0 3.75
303 17 0 4.0
79 24 0 4.0
303 13 0 3.0
291 27 0 2.25
127 4 0 3.0
32 7 0 3.5
21 49 0 2.25
211 10 0 3.0
209 19 0 3.5
30 0 0 2.0
125 3 0 3.0
114 27 0 2.75
279 31 0 3.5
194 18 0 3.25
66 5 0 2.5
289 55 0 2.0
34 29 0 2.5
85 12 0 2.25
98 30 0 2.5
249 16 0 3.75
288 8 0 4.0
121 19 0 2.0
228 27 0 2.75
161 18 0 3.75
217 5 0 2.75
207 8 0 2.75
338 24 0 2.75
125 15 0 2.0
21 3 0 2.5
326 1 0 3.0
35 20 0 2.5
359 22 0 2.75
260 7 0 3.5
287 22 0 3.75
88 7 0 3.25
192 45 0 3.0
94 12 0 2.75
94 30 0 3.75
306 18 0 3.5
227 29 0 3.0
262 16 0 2.0
216 16 0 2.5
187 19 0 3.5
137 9 0 2.75
214 7 0 2.75
223 1 0 2.5
50 13 0 4.0
347 6 0 3.25
160 30 0 2.5
113 1 0 3.25
177 42 0 3.5
204 26 0 2.0
15 16 0 4.0
327 25 0 2.0
239 19 0 2.5
211 23 0 3.0
165 26 0 3.75
238 8 0 3.0
150 4 0 2.0
350 14 0 4.0
304 27 0 4.0
84 20 0 2.25
300 15 0 2.5
333 17 0 2.5
164 18 0 3.5
214 20 0 2.0
270 20 0 3.0
36 29 0 2.75
197 13 0 2.0
133 21 0 4.0
291 14 0 3.0
116 6 0 3.0
358 6 0 2.75
112 20 0 3.5
135 5 0 4.0
349 16 0 2.25
168 5 0 3.0
231 25 0 3.0
344 19 0 2.75
195 1 0 2.5
60 8 0 2.25
262 20 0 2.5
40 6 0 3.75
185 11 0 2.5
310 20 0 2.25
277 3 0 2.0
82 73 0 2.75
123 44 0 3.75
56 2 0 2.5
280 25 0 3.0
335 45 0 3.25
244 9 0 2.5
326 7 0 2.5
98 7 0 3.75
244 23 0 3.5
63 20 0 4.0
102 0 0 2.75
124 4 0 3.75
181 29 0 2.25
241 12 0 2.5
174 8 0 2.0
84 4 0 3.75
116 29 0 2.0
106 13 0 3.0
43 11 0 4.0
95 28 0 3.0
153 18 0 2.25
282 21 0 3.0
217 21 0 2.5
92 4 0 3.25
84 28 0 2.75
178 13 0 2.0
59 14 0 2.5
53 13 0 2.5
72 28 0 3.5
16 4 0 2.5
266 23 0 3.75
132 10 0 3.5
329 3 0 3.5
231 27 0 4.0
309 12 0 3.5
327 10 0 3.25
302 2 0 4.0
5 9 0 3.5
287 23 0 3.25
274 12 0 2.25
53 30 0 2.25
161 21 0 3.25
215 27 0 3.0
316 2 0 2.75
215 15 0 4.0
306 5 0 2.75
157 2 0 3.75
246 32 0 4.0
285 11 0 2.25
184 17 0 2.75
53 9 0 2.0
28 5 0 2.25
111 14 0 3.75
219 27 0 3.75
352 6 0 3.0
82 28 0 2.0
134 30 0 4.0
132 18 0 2.75
196 16 0 2.5
251 3 0 3.25
141 22 0 3.0
55 16 0 3.75
64 18 0 2.25
31 23 0 3.25
300 20 0 2.75
339 30 0 2.0
356 30 0 3.0
113 45 0 3.0
235 7 0 3.0
66 14 0 3.25
103 8 0 3.0
4 7 0 3.0
45 6 0 4.0
83 1 0 2.25
184 19 0 3.0
57 5 0 2.5
338 45 0 2.5
20 37 0 3.75
21 20 0 3.75
354 14 0 2.5
68 10 0 4.0
327 26 0 3.25
147 23 0 2.0
230 26 0 3.25
334 12 0 3.0
269 12 0 3.5
49 26 0 3.75
62 19 0 2.5
309 3 0 4.0
14 1 0 3.0
248 21 0 4.0
315 29 0 3.5
304 23 0 3.0
7 14 0 3.5
228 7 0 3.75
176 25 0 2.5
295 6 0 4.0
284 4 0 3.0
47 13 0 3.75
335 23 0 2.75
229 15 0 4.0
215 12 0 3.5
81 18 0 3.25
127 6 0 3.5
115 30 0 2.75
212 10 0 2.25
343 27 0 3.0
282 10 0 4.0
20 2 0 2.0
226 1 0 4.0
292 11 0 4.0
287 5 0 3.25
42 21 0 2.25
92 15 0 4.0
184 30 0 2.75
111 5 0 2.75
181 3 0 4.0
119 2 0 3.25
141 10 0 2.75
9 5 0 2.25
204 23 0 4.0
293 4 0 3.25
186 9 0 3.75
274 47 0 4.0
193 9 0 2.75
315 24 0 4.0
290 15 0 3.75
51 3 0 3.5
159 5 0 3.5
120 9 0 2.5
219 16 0 3.0
166 16 0 2.0
116 15 0 2.75
80 10 0 2.25
156 26 0 2.0
280 2 0 2.75
94 16 0 3.25
348 14 0 3.25
9 26 0 2.0
236 17 0 2.5
183 15 0 2.5
30 11 0 2.0
149 8 0 3.75
217 24 0 3.75
293 14 0 3.5
140 8 0 3.0
155 0 0 2.5
271 18 0 2.0
241 30 0 2.75
107 5 0 2.75
355 25 0 2.25
303 9 0 3.25
74 25 0 3.5
96 0 0 3.25
275 23 0 2.5
291 8 0 2.25
316 9 0 3.0
88 3 0 3.75
339 23 0 2.5
180 13 0 2.25
3 16 0 3.5
98 18 0 2.0
198 5 0 3.75
179 4 0 3.75
359 27 0 3.0
215 2 0 4.0
185 0 0 4.0
158 7 0 2.25
199 9 0 2.5
326 5 0 3.5
322 11 0 2.75
2 0 0 2.0
335 12 0 2.0
30 21 0 2.25
4 24 0 2.5
115 17 0 3.0
313 3 0 2.75
338 5 0 2.25
227 9 0 2.25
76 8 0 2.75
135 17 0 3.0
357 28 0 2.5
47 7 0 2.75
157 7 0 3.0
276 6 0 2.25
258 12 0 3.5
305 18 0 2.25
228 18 0 4.0
68 17 0 2.5
94 13 0 4.0
130 28 0 4.0
70 30 0 2.25
277 3 0 3.0
189 7 0 3.0
22 11 0 3.75
13 20 0 2.25
44 9 0 4.0
30 20 0 3.75
59 14 0 2.75
212 1 0 3.25
141 30 0 4.0
272 17 0 4.0
348 11 0 3.0
67 3 0 3.25
203 6 0 2.25
89 19 0 2.75
91 15 0 2.25
63 0 0 2.5
242 26 0 3.25
252 23 0 2.25
227 3 0 2.5
192 30 0 2.5
345 14 0 2.25
120 8 0 2.75
317 27 0 2.0
342 24 0 2.75
255 15 0 3.75
124 14 0 3.0
8 7 0 2.25
157 4 0 2.5
297 29 0 2.75
277 29 0 2.25
43 20 0 4.0
87 4 0 2.25
343 19 0 2.75
346 5 0 2.0
232 26 0 3.0
331 10 0 2.25
177 4 0 4.0
143 0 0 3.0
7 22 0 2.0
293 29 0 2.0
304 10 0 3.25
148 29 0 3.0
294 28 0 2.5
176 30 0 4.0
29 19 0 3.75
186 24 0 3.0
178 47 0 2.0
254 18 0 2.25
148 30 0 3.25
232 21 0 3.25
129 10 0 2.25
113 23 0 3.75
139 21 0 3.5
99 60 0 4.0
23 19 0 4.0
50 23 0 3.5
329 13 0 2.5
38 1 0 2.5
196 2 0 2.0
131 5 0 4.0
81 20 0 2.0
280 29 0 2.25
217 10 0 3.75
323 29 0 2.75
302 17 0 2.25
92 27 0 4.0
240 7 0 3.25
113 11 0 3.5
0 18 0 3.0
338 17 0 2.25
114 12 0 3.0
163 24 0 3.75
218 18 0 2.0
305 9 0 2.75
76 17 0 3.75
166 16 0 3.0
3 9 0 3.25
33 3 0 4.0
65 48 0 2.75
66 6 0 2.75
121 20 0 2.0
125 69 0 3.75
296 30 0 2.5
290 25 0 3.75
139 2 0 2.75
9 9 0 3.25
118 16 0 2.75
70 19 0 3.5
160 1 0 3.25
205 9 0 2.25
283 3 0 3.0
281 13 0 2.25
188 8 0 2.25
308 22 0 2.25
99 19 0 3.25
105 4 0 3.25
85 22 0 3.5
171 17 0 2.0
39 6 0 3.0
333 0 0 2.75
226 5 0 3.5
355 27 0 3.5
19 23 0 3.75
359 50 0 3.25
38 7 0 2.75
102 6 0 2.75
107 13 0 3.75
100 5 0 2.25
3 28 0 2.75
53 26 0 3.25
112 7 0 3.25
161 23 0 2.0
201 12 0 2.0
44 14 0 2.5
5 6 0 2.0
311 8 0 2.5
305 20 0 2.5
238 15 0 3.0
164 23 0 3.5
119 21 0 2.0
300 30 0 3.0
66 25 0 2.5
208 15 0 2.25
199 14 0 3.0
148 53 0 2.25
70 2 0 2.5
15 30 0 3.5
223 8 0 2.25
342 35 0 4.0
279 20 0 2.75
164 52 0 2.5
226 10 0 2.75
266 14 0 2.0
205 0 0 2.25
85 56 0 2.25
244 9 0 3.0
241 17 0 2.5
14 8 0 3.75
132 5 0 3.25
40 23 0 3.5
2 26 0 2.0
337 25 0 3.0
34 9 0 3.5
201 6 0 3.25
239 26 0 2.5
255 24 0 2.5
349 24 0 2.0
148 26 0 4.0
265 2 0 3.0
357 0 0 4.0
57 11 0 4.0
90 26 0 3.75
336 12 0 2.0
58 10 0 3.75
293 17 0 3.0
94 27 0 4.0
260 24 0 2.25
326 23 0 3.0
297 21 0 2.25
253 19 0 3.0
184 9 0 2.5
306 26 0 2.25
310 40 0 2.75
90 29 0 3.75
106 21 0 3.0
2 13 0 3.75
322 30 0 2.5
28 8 0 2.0
13 9 0 3.5
106 25 0 2.5
241 14 0 2.0
305 17 0 2.75
325 2 0 3.5
125 11 0 2.5
162 15 0 3.75
137 12 0 3.25
262 24 0 2.25
282 4 0 3.75
129 7 0 2.0
125 17 0 3.0
78 5 0 2.25
225 15 0 3.0
111 21 0 2.75
46 30 0 3.75
291 8 0 2.75
293 39 0 3.75
12 22 0 3.25
18 28 0 2.5
256 1 0 3.25
210 1 0 2.5
83 16 0 3.5
238 29 0 4.0
66 15 0 3.25
340 46 0 4.0
186 9 0 2.0
114 20 0 3.5
198 20 0 2.25
124 26 0 2.25
88 25 0 3.0
356 22 0 3.75
229 4 0 3.0
7 26 0 2.0
59 0 0 2.0
355 51 0 2.0
113 6 0 3.75
89 5 0 2.5
99 23 0 3.5
258 13 0 4.0
305 24 0 4.0
51 16 0 2.0
343 12 0 3.5
249 25 0 2.5
315 12 0 2.25
3 8 0 2.75
171 2 0 2.75
294 21 0 3.0
269 6 0 3.25
226 8 0 3.5
154 11 0 3.0
313 8 0 4.0
63 22 0 3.25
301 0 0 2.5
290 20 0 3.0
54 3 0 3.0
31 7 0 3.5
35 12 0 2.0
140 8 0 3.75
195 27 0 3.75
221 20 0 2.5
55 3 0 2.0
6 19 0 3.75
138 19 0 2.0
24 24 0 3.75
71 2 0 2.0
69 27 0 3.0
273 4 0 3.25
329 13 0 4.0
318 24 0 3.25
126 20 0 2.5
93 17 0 3.5
343 10 0 2.5
258 15 0 3.0
171 11 0 2.5
106 30 0 3.25
238 27 0 3.75
124 79 0 2.5
36 25 0 4.0
36 4 0 2.0
95 29 0 3.75
118 19 0 2.25
221 5 0 3.5
42 11 0 2.75
285 24 0 2.0
321 14 0 3.25
188 2 0 3.0
265 28 0 2.5
268 20 0 3.75
240 26 0 2.0
154 12 0 3.25
5 25 0 3.75
320 20 0 3.0
55 1 0 2.75
274 17 0 3.25
294 23 0 3.25
32 18 0 2.0
69 0 0 3.25
24 8 0 2.5
213 20 0 2.0
181 13 0 3.75
199 0 0 3.5
144 8 0 2.75
25 22 0 2.5
314 21 0 3.75
151 20 0 3.0
18 15 0 2.0
107 2 0 2.5
283 26 0 3.0
310 12 0 3.25
202 15 0 3.25
37 18 0 3.0
195 30 0 3.0
310 5 0 3.5
153 7 0 3.25
324 23 0 2.25
86 19 0 2.0
252 6 0 3.25
50 1 0 3.0
59 25 0 3.75
33 21 0 2.25
113 11 0 2.5
40 4 0 2.5
158 14 0 3.75
275 14 0 4.0
213 7 0 3.0
265 7 0 2.5
266 27 0 3.5
354 13 0 2.0
62 24 0 2.0
344 26 0 2.0
343 43 0 3.0
151 7 0 4.0
236 29 0 2.25
3 22 0 2.75
41 13 0 2.75
164 23 0 3.0
141 4 0 3.0
2 2 0 3.75
255 25 0 2.75
199 25 0 2.25
148 29 0 2.25
184 29 0 3.75
160 12 0 3.5
316 5 0 3.75
295 6 0 3.0
266 32 0 3.5
87 19 0 2.25
66 27 0 3.75
117 2 0 2.0
336 14 0 2.5
5 17 0 4.0
343 34 0 3.5
114 6 0 3.75
127 6 0 4.0
160 2 0 2.25
166 18 0 2.25
215 30 0 3.25
12 4 0 3.75
19 20 0 2.5
183 31 0 3.25
237 9 0 2.25
217 19 0 2.0
116 17 0 4.0
236 1 0 3.0
68 29 0 2.5
302 0 0 2.75
268 11 0 4.0
149 7 0 2.0
232 4 0 2.5
253 27 0 3.0
158 27 0 3.5
249 21 0 2.0
45 3 0 3.5
324 24 0 3.5
340 12 0 3.75
158 22 0 2.5
16 29 0 3.75
91 1 0 2.0
69 11 0 3.75
51 25 0 2.0
136 25 0 3.5
278 11 0 3.25
2 3 0 2.5
335 9 0 2.5
350 8 0 3.75
177 9 0 3.5
43 12 0 2.25
167 5 0 2.75
329 13 0 3.5
174 5 0 3.25
358 0 0 3.25
331 13 0 3.25
83 0 0 3.0
230 15 0 3.75
17 23 0 3.75
12 1 0 4.0
259 28 0 2.75
85 19 0 3.75
153 27 0 2.25
246 9 0 3.75
149 15 0 3.5
181 5 0 2.0
131 23 0 2.75
112 20 0 4.0
309 7 0 2.75
326 9 0 4.0
190 7 0 2.0
164 26 0 3.0
205 12 0 2.25
44 3 0 2.0
12 29 0 2.5
206 20 0 3.25
147 0 0 2.5
337 5 0 2.0
63 8 0 2.25
130 12 0 3.5
34 27 0 2.5
21 21 0 3.0
212 55 0 3.25
5 2 0 2.0
280 27 0 2.5
350 8 0 2.25
318 21 0 2.75
246 1 0 3.25
109 21 0 2.25
72 7 0 2.25
269 6 0 3.5
307 4 0 2.5
20 3 0 4.0
185 20 0 4.0
29 19 0 2.5
97 13 0 2.0
251 21 0 3.75
32 2 0 3.0
131 8 0 2.5
293 27 0 3.0
98 22 0 2.75
207 6 0 2.75
332 4 0 2.0
323 26 0 3.75
52 23 0 2.25
188 24 0 3.5
260 29 0 2.25
39 2 0 2.75
200 8 0 2.75
75 4 0 2.25
186 5 0 3.5
47 1 0 2.75
65 29 0 2.5
212 11 0 2.75
300 16 0 3.0
306 28 0 3.5
232 1 0 2.25
278 25 0 2.25
357 4 0 3.0
288 5 0 3.5
311 20 0 4.0
332 30 0 2.75
311 3 0 2.75
126 7 0 2.5
11 0 0 2.0
301 0 0 3.5
10 28 0 2.75
226 20 0 3.0
171 7 0 3.0
18 10 0 2.25
36 7 0 3.25
250 15 0 3.5
30 12 0 2.75
194 17 0 2.0
74 27 0 2.75
359 23 0 3.25
264 26 0 2.0
87 25 0 2.75
237 0 0 2.75
257 0 0 2.75
306 25 0 2.75
309 6 0 3.75
112 29 0 4.0
120 25 0 2.0
354 20 0 3.0
100 4 0 3.75
181 8 0 2.0
2 54 0 3.5
254 22 0 2.5
63 21 0 2.5
29 15 0 2.5
311 13 0 3.0
284 9 0 2.5
41 14 0 2.0
66 28 0 2.0
336 2 0 2.5
295 29 0 4.0
26 3 0 3.5
32 10 0 2.75
124 19 0 2.75
40 26 0 3.5
82 18 0 3.5
314 16 0 2.25
168 19 0 3.75
95 17 0 2.0
209 28 0 2.75
158 21 0 2.5
311 27 0 3.0
132 8 0 2.5
25 6 0 2.0
314 5 0 2.0
260 28 0 3.0
350 18 0 3.0
37 10 0 2.5
7 1 0 2.0
37 14 0 3.25
163 12 0 2.75
281 0 0 2.25
351 22 0 2.0
226 0 0 2.0
169 12 0 2.25
121 6 0 3.0
146 0 0 4.0
120 23 0 3.25
95 20 0 3.5
9 53 0 3.5
27 20 0 3.75
279 13 0 2.25
121 15 0 2.5
32 0 0 2.25
7 23 0 2.75
22 26 0 2.25
88 12 0 2.25
106 10 0 2.25
251 48 0 2.25
108 26 0 4.0
43 12 0 3.5
160 3 0 2.75
213 16 0 3.75
186 2 0 3.25
254 37 0 2.5
97 27 0 2.75
312 10 0 2.0
7 4 0 3.5
243 8 0 3.25
248 22 0 3.0
174 22 0 2.5
338 12 0 3.75
353 13 0 3.5
239 28 0 3.5
202 12 0 3.0
232 12 0 2.25
347 16 0 2.0
124 12 0 3.5
191 50 0 3.75
26 24 0 2.0
211 24 0 3.25
228 8 0 2.25
168 3 0 3.75
12 24 0 3.0
326 23 0 3.75
330 16 0 3.5
61 17 0 3.75
11 10 0 2.0
151 4 0 4.0
170 58 0 3.25
282 36 0 4.0
286 17 0 4.0
358 26 0 2.0
275 27 0 2.25
308 13 0 2.25
158 21 0 2.0
101 21 0 2.75
108 29 0 4.0
357 9 0 4.0
24 5 0 3.5
181 18 0 3.75
29 0 0 3.25
166 65 0 4.0
4 17 0 3.5
160 5 0 2.5
1 16 0 4.0
338 18 0 3.25
243 11 0 2.5
22 5 0 2.75
116 30 0 3.0
16 27 0 2.0
81 21 0 2.75
184 25 0 2.5
38 25 0 3.0
338 17 0 3.0
196 15 0 3.0
13 27 0 3.5
103 19 0 3.75
237 10 0 4.0
295 16 0 2.75
145 21 0 2.75
39 3 0 3.5
155 21 0 3.0
236 13 0 2.75
4 1 0 3.25
314 10 0 2.75
313 21 0 4.0
355 20 0 2.75
32 14 0 4.0
325 22 0 4.0
349 29 0 3.0
245 20 0 4.0
88 17 0 4.0
247 23 0 2.0
188 2 0 2.5
40 4 0 4.0
65 18 0 2.5
277 9 0 3.5
171 13 0 3.75
278 2 0 2.75
13 28 0 3.25
296 21 0 2.5
163 65 0 2.5
310 21 0 2.0
122 16 0 4.0
326 54 0 3.75
277 24 0 2.75
320 19 0 3.0
85 3 0 3.25
227 26 0 2.0
121 21 0 3.0
172 5 0 4.0
332 45 0 2.75
319 11 0 3.0
103 22 0 2.0
241 15 0 2.25
42 27 0 3.25
76 13 0 3.0
84 21 0 3.25
186 2 0 2.75
160 15 0 2.0
55 13 0 2.75
167 22 0 2.5
40 7 0 2.0
172 2 0 2.75
41 16 0 4.0
44 1 0 2.5
199 9 0 3.75
30 24 0 3.25
141 0 0 2.0
230 29 0 2.0
224 48 0 2.75
121 16 0 2.25
293 23 0 2.75
27 3 0 4.0
46 3 0 2.0
31 50 0 4.0
111 4 0 3.5
183 30 0 4.0
205 2 0 2.0
235 12 0 2.0
73 4 0 3.75
197 29 0 2.5
196 13 0 2.5
227 60 0 2.75
169 26 0 2.0
277 34 0 2.5
173 18 0 2.75
49 10 0 2.5
303 5 0 2.25
148 29 0 3.5
81 11 0 3.25
126 28 0 2.5
261 12 0 4.0
206 9 0 2.25
193 20 0 3.75
255 24 0 2.75
267 6 0 2.25
177 2 0 2.25
313 0 0 3.5
291 29 0 2.75
201 11 0 2.0
140 6 0 3.0
160 14 0 2.5
353 18 0 2.75
10 18 0 3.75
72 23 0 4.0
198 17 0 3.0
231 17 0 3.5
93 5 0 2.75
100 26 0 4.0
218 15 0 2.25
127 26 0 2.75
149 26 0 3.25
248 2 0 3.0
330 14 0 3.5
69 30 0 3.0
17 26 0 2.75
79 21 0 3.75
321 17 0 3.5
6 13 0 2.25
295 26 0 2.0
33 9 0 4.0
211 5 0 2.0
283 8 0 3.75
19 3 0 4.0
120 19 0 2.25
257 30 0 3.5
284 30 0 2.5
161 22 0 4.0
216 15 0 2.75
83 12 0 2.5
344 13 0 2.25
168 12 0 2.0
250 2 0 3.75
225 29 0 2.0
125 22 0 3.75
174 28 0 3.75
71 25 0 2.75
79 27 0 4.0
299 12 0 3.25
290 0 0 3.25
61 17 0 3.0
3 23 0 2.5
151 1 0 3.75
68 12 0 3.75
341 21 0 3.75
301 7 0 2.25
260 24 0 4.0
277 4 0 2.5
291 26 0 2.0
232 2 0 3.0
280 17 0 2.25
18 9 0 3.25
257 30 0 3.75
116 13 0 2.5
326 27 0 2.25
133 29 0 3.5
251 1 0 3.0
140 25 0 2.25
31 4 0 3.75
335 30 0 3.25
240 7 0 2.0
306 9 0 3.75
297 19 0 3.0
256 20 0 2.75
229 8 0 2.25
296 25 0 2.75
219 51 0 3.5
266 17 0 3.0
212 20 0 2.25
95 27 0 3.5
267 15 0 2.25
319 30 0 3.0
311 6 0 3.5
66 0 0 2.25
349 24 0 3.25
135 2 0 4.0
253 17 0 3.5
9 21 0 2.25
208 1 0 2.5
15 2 0 3.25
86 46 0 2.75
352 1 0 2.25
98 11 0 2.5
65 11 0 2.75
178 23 0 3.0
108 23 0 2.5
259 21 0 2.75
243 29 0 3.25
98 19 0 3.75
106 24 0 3.0
8 3 0 2.5
51 23 0 2.0
197 16 0 2.5
163 20 0 3.0
81 6 0 3.0
213 68 0 2.75
87 3 0 3.75
162 14 0 2.5
280 13 0 2.0
169 5 0 2.5
193 28 0 3.0
28 11 0 3.0
291 7 0 3.5
29 13 0 3.5
298 30 0 3.0
100 20 0 3.5
107 19 0 3.75
177 30 0 2.75
8 8 0 3.0
260 0 0 2.75
107 17 0 3.5
57 19 0 2.25
315 10 0 3.75
207 11 0 4.0
24 18 0 3.5
163 9 0 3.0
13 0 0 2.25
170 11 0 3.25
253 18 0 3.25
237 2 0 3.0
3 26 0 3.25
156 0 0 3.5
295 5 0 3.0
237 4 0 2.5
338 30 0 2.5
3 8 0 3.25
159 10 0 2.75
271 17 0 2.75
91 28 0 3.75
181 76 0 2.25
341 3 0 2.5
326 16 0 4.0
156 29 0 3.75
17 29 0 3.75
299 29 0 3.75
174 10 0 2.0
277 17 0 4.0
225 1 0 4.0
303 15 0 3.5
347 2 0 2.75
284 13 0 3.25
148 23 0 2.75
105 20 0 3.25
23 34 0 2.75
179 4 0 3.5
94 18 0 3.0
158 7 0 2.5
299 1 0 3.75
7 22 0 3.25
90 22 0 3.5
261 28 0 2.25
297 30 0 3.75
63 21 0 2.0
318 22 0 2.25
28 11 0 2.75
300 4 0 3.25
142 32 0 2.75
259 27 0 2.0
73 4 0 3.5
26 25 0 2.75
57 7 0 3.0
126 24 0 2.25
43 12 0 3.75
163 8 0 3.25
108 21 0 2.5
323 22 0 3.5
118 10 0 2.75
20 66 0 3.0
317 23 0 3.25
134 36 0 2.0
330 27 0 3.5
282 12 0 3.0
195 16 0 3.25
295 17 0 2.5
289 16 0 4.0
22 16 0 2.5
80 41 0 4.0
311 16 0 4.0
170 29 0 3.75
226 29 0 2.25
253 27 0 2.25
19 52 0 2.5
188 25 0 2.5
307 18 0 3.75
101 24 0 2.0
354 11 0 2.75
242 21 0 2.0
173 24 0 3.5
353 3 0 4.0
268 29 0 2.0
282 10 0 3.0
297 5 0 3.0
81 18 0 3.5
78 19 0 3.0
157 6 0 2.25
68 8 0 4.0
291 9 0 2.25
149 0 0 2.25
3 3 0 4.0
238 20 0 3.0
136 29 0 2.0
266 49 0 2.25
126 73 0 3.0
170 27 0 2.25
93 3 0 4.0
0 10 0 2.0
164 5 0 4.0
346 0 0 2.0
102 28 0 3.0
142 28 0 2.5
66 18 0 3.0
329 20 0 2.0
4 0 0 3.0
252 2 0 3.5
214 21 0 2.0
258 30 0 2.75
182 8 0 2.5
82 24 0 2.0
305 6 0 2.25
135 20 0 4.0
247 7 0 3.5
300 12 0 2.25
318 22 0 3.5
290 11 0 2.75
176 3 0 3.0
322 14 0 2.75
300 11 0 3.75
65 16 0 3.5
23 24 0 3.0
21 19 0 3.5
41 27 0 3.5
322 30 0 3.5
212 20 0 2.0
119 14 0 3.0
129 30 0 3.25
198 42 0 2.5
215 0 0 3.0
259 26 0 3.75
340 14 0 3.25
175 16 0 2.5
60 1 0 2.5
41 18 0 3.0
36 1 0 4.0
251 24 0 3.5
178 16 0 2.5
255 17 0 2.25
269 24 0 2.0
142 15 0 2.0
76 0 0 3.75
14 5 0 2.0
133 22 0 2.25
99 27 0 3.5
330 2 0 2.75
172 1 0 2.5
310 26 0 2.25
197 18 0 3.25
302 12 0 2.0
135 7 0 3.5
146 27 0 2.0
1 8 0 2.0
86 18 0 2.5
172 24 0 3.25
176 25 0 2.25
3 15 0 2.0
357 9 0 2.5
195 2 0 3.25
18 26 0 2.5
162 1 0 3.75
328 25 0 3.5
114 14 0 2.25
113 23 0 2.5
152 4 0 3.5
117 28 0 2.5
33 6 0 2.75
83 6 0 2.25
314 12 0 3.75
349 5 0 2.25
178 26 0 2.75
312 29 0 3.5
211 51 0 2.75
340 16 0 3.0
236 16 0 3.5
141 7 0 3.5
132 2 0 3.5
286 16 0 2.0
113 0 0 3.5
216 22 0 2.75
94 14 0 2.25
247 22 0 4.0
69 58 0 2.5
219 22 0 3.75
254 20 0 3.25
215 2 0 3.0
283 11 0 3.5
85 16 0 3.5
203 6 0 2.0
97 14 0 2.5
122 12 0 4.0
208 24 0 3.0
84 19 0 3.5
141 0 0 3.0
104 10 0 3.0
356 25 0 4.0
358 18 0 2.25
97 16 0 3.0
188 28 0 3.75
281 21 0 2.0
75 11 0 2.5
199 30 0 2.75
30 9 0 2.75
217 18 0 3.75
283 20 0 2.0
44 3 0 3.25
202 14 0 3.75
79 14 0 3.0
75 2 0 2.0
124 5 0 3.0
338 9 0 2.5
66 16 0 2.75
231 6 0 3.0
237 1 0 3.0
195 18 0 3.75
26 18 0 2.75
282 17 0 3.75
83 17 0 2.25
68 19 0 3.25
161 1 0 3.75
12 27 0 4.0
41 15 0 4.0
24 22 0 2.25
299 18 0 2.25
109 2 0 4.0
200 14 0 3.0
172 12 0 3.0
352 27 0 2.0
70 8 0 2.75
52 0 0 3.5
40 12 0 2.0
99 18 0 4.0
46 28 0 3.75
98 9 0 3.25
144 8 0 3.75
324 4 0 3.5
89 17 0 2.0
81 23 0 2.25
39 24 0 2.5
115 18 0 2.75
273 10 0 4.0
54 22 0 2.25
26 14 0 3.25
201 33 0 3.75
232 10 0 3.0
153 26 0 3.5
169 1 0 3.0
156 24 0 2.25
136 19 0 3.25
47 18 0 3.75
344 27 0 3.5
69 12 0 3.0
272 27 0 3.0
357 21 0 2.0
249 15 0 3.0
238 27 0 2.25
34 23 0 2.75
269 19 0 2.75
298 9 0 2.25
329 2 0 3.0
233 13 0 3.75
216 2 0 3.0
134 18 0 3.0
36 0 0 2.0
126 4 0 4.0
329 4 0 3.25
128 17 0 2.75
212 53 0 3.75
12 21 0 2.5
318 49 0 4.0
90 19 0 3.5
195 45 0 4.0
87 13 0 3.75
88 20 0 3.25
208 8 0 4.0
293 10 0 4.0
73 27 0 3.25
205 16 0 3.25
263 6 0 3.0
305 5 0 2.75
326 40 0 3.25
74 19 0 2.5
17 25 0 2.0
300 1 0 3.5
311 13 0 3.25
128 33 0 3.75
193 2 0 3.0
315 22 0 3.0
11 4 0 3.5
299 4 0 3.5
81 28 0 2.75
2 34 0 3.25
214 12 0 2.0
108 21 0 4.0
47 9 0 2.75
299 24 0 2.25
21 21 0 3.25
203 12 0 2.0
230 9 0 2.5
271 14 0 2.75
59 17 0 3.0
