231 9 0 3.5
183 1 0 1.75
265 7 0 2.5
313 9 0 4.0
229 2 0 2.0
7 3 0 1.75
180 18 0 2.0
178 19 0 3.0
237 12 0 2.75
121 5 0 3.5
314 16 0 1.5
246 15 0 1.75
346 2 0 3.75
346 0 0 3.75
293 2 0 2.25
340 18 0 3.75
52 3 0 1.5
324 10 0 2.5
259 3 0 3.25
261 11 0 4.0
49 5 0 2.75
123 3 0 3.75
63 13 0 4.0
233 12 0 1.75
167 5 0 2.75
264 1 0 2.5
132 18 0 3.75
35 20 0 3.75
173 18 0 3.0
179 15 0 2.5
148 18 0 2.75
26 9 0 3.25
304 5 0 1.75
326 8 0 1.5
229 16 0 3.0
246 18 0 3.75
240 10 0 2.5
151 3 0 2.5
111 6 0 2.0
272 11 0 3.0
215 13 0 2.0
265 8 0 2.75
216 12 0 4.0
341 10 0 2.25
97 7 0 2.5
111 12 0 4.0
271 15 0 3.25
167 0 0 2.5
247 16 0 3.75
104 5 0 2.75
254 13 0 2.25
356 14 0 1.5
177 11 0 2.0
28 18 0 3.0
295 2 0 2.25
232 2 0 3.5
145 47 0 3.75
358 20 0 4.0
26 19 0 2.5
45 0 0 2.25
89 16 0 1.75
175 2 0 4.0
181 13 0 1.5
100 6 0 3.25
339 5 0 2.5
277 5 0 2.25
255 12 0 3.0
186 6 0 2.5
15 12 0 4.0
201 10 0 3.25
61 12 0 3.25
163 4 0 2.0
193 55 0 2.25
215 43 0 3.5
246 3 0 3.75
297 10 0 2.0
197 6 0 2.5
239 1 0 3.75
111 4 0 2.0
333 11 0 2.5
266 51 0 2.5
326 1 0 2.75
289 6 0 2.75
87 17 0 3.75
90 17 0 3.75
309 12 0 4.0
273 19 0 3.75
106 12 0 3.0
169 1 0 2.5
355 4 0 2.25
263 10 0 2.5
230 20 0 2.25
275 17 0 2.5
139 19 0 2.75
179 16 0 3.75
147 5 0 2.75
314 14 0 3.25
222 19 0 2.75
147 15 0 4.0
240 20 0 2.25
344 13 0 3.0
99 0 0 1.75
186 1 0 3.5
311 12 0 3.75
97 12 0 3.75
114 0 0 1.5
51 1 0 3.75
94 2 0 2.0
228 13 0 3.25
338 15 0 3.75
321 1 0 4.0
241 14 0 2.75
167 14 0 2.0
144 17 0 3.25
107 13 0 2.25
90 8 0 1.5
1 18 0 1.75
356 3 0 3.0
83 19 0 1.5
283 1 0 3.25
230 19 0 1.75
267 6 0 2.25
240 9 0 1.5
73 42 0 1.5
216 20 0 2.0
75 12 0 4.0
333 8 0 2.5
124 18 0 3.5
331 17 0 3.25
257 17 0 3.0
322 10 0 3.0
195 7 0 3.25
156 14 0 2.5
97 1 0 2.25
356 7 0 3.0
99 17 0 4.0
289 10 0 2.25
207 8 0 1.5
354 19 0 2.5
147 14 0 1.5
191 4 0 3.0
129 5 0 4.0
358 9 0 2.75
336 9 0 2.25
25 9 0 4.0
203 8 0 3.75
333 4 0 1.75
99 8 0 3.25
203 18 0 2.5
121 11 0 3.25
92 6 0 3.25
180 11 0 3.5
166 18 0 1.75
190 14 0 2.0
197 48 0 3.75
208 4 0 3.75
242 27 0 2.25
208 25 0 2.0
295 2 0 1.5
21 1 0 2.0
48 20 0 3.5
263 12 0 1.5
92 16 0 2.25
344 8 0 3.0
139 18 0 2.5
233 16 0 3.75
290 2 0 3.5
6 19 0 3.25
193 18 0 3.25
161 15 0 2.25
146 77 0 1.75
241 0 0 3.5
181 4 0 3.75
202 3 0 3.25
195 10 0 2.75
103 16 0 2.5
307 19 0 2.75
302 3 0 1.5
24 14 0 3.0
357 5 0 1.75
48 8 0 2.5
285 3 0 2.75
354 2 0 2.0
95 16 0 2.0
264 4 0 1.75
347 5 0 3.5
328 9 0 1.75
319 2 0 3.5
44 16 0 3.75
19 17 0 3.5
148 19 0 2.5
6 5 0 4.0
91 6 0 4.0
226 10 0 2.25
193 13 0 3.5
296 1 0 3.5
293 5 0 2.75
173 6 0 2.5
281 9 0 3.5
215 19 0 4.0
310 15 0 2.75
203 14 0 3.0
122 8 0 4.0
213 10 0 1.5
45 16 0 2.0
271 17 0 2.75
252 12 0 4.0
97 7 0 1.5
344 19 0 3.0
107 15 0 2.0
123 36 0 1.5
215 3 0 1.5
260 0 0 3.5
103 14 0 2.0
351 42 0 2.25
97 13 0 3.75
203 12 0 3.75
216 17 0 1.75
253 43 0 3.0
344 18 0 3.75
128 13 0 2.25
202 13 0 2.25
180 9 0 3.25
167 3 0 3.75
319 6 0 3.5
60 16 0 2.0
120 1 0 1.75
42 25 0 3.5
141 13 0 2.5
17 5 0 1.5
223 6 0 2.25
29 19 0 3.0
253 8 0 3.0
336 4 0 4.0
304 14 0 2.5
143 12 0 3.25
284 17 0 3.5
240 0 0 2.5
70 19 0 2.75
49 9 0 2.75
335 11 0 3.75
268 17 0 2.0
264 21 0 2.0
106 6 0 1.75
343 3 0 3.5
300 15 0 4.0
318 1 0 3.0
59 3 0 4.0
117 3 0 3.75
106 9 0 2.5
313 18 0 2.5
17 10 0 2.0
290 14 0 2.75
286 8 0 4.0
153 20 0 3.0
123 15 0 4.0
62 11 0 1.5
349 68 0 1.75
139 20 0 2.25
88 3 0 1.75
245 7 0 2.75
185 11 0 3.25
76 42 0 2.5
97 11 0 4.0
93 14 0 4.0
96 16 0 3.0
84 40 0 2.5
58 7 0 1.5
168 14 0 3.5
186 19 0 1.5
99 13 0 2.75
67 17 0 1.5
58 1 0 3.25
7 9 0 4.0
4 15 0 1.75
32 12 0 2.0
204 18 0 2.5
230 5 0 1.5
110 9 0 1.5
347 3 0 1.75
163 14 0 2.5
137 10 0 1.75
51 18 0 2.75
77 4 0 1.5
234 20 0 3.0
295 0 0 3.0
119 15 0 2.75
274 6 0 3.75
107 39 0 2.75
212 19 0 1.5
98 20 0 2.5
186 20 0 2.5
58 42 0 3.0
285 12 0 3.0
124 7 0 3.75
53 1 0 2.75
322 3 0 1.75
315 17 0 3.75
128 10 0 1.75
317 8 0 3.5
353 0 0 3.75
245 16 0 3.5
312 20 0 3.25
64 12 0 2.0
100 10 0 2.75
124 19 0 4.0
353 27 0 2.25
254 15 0 1.5
214 16 0 1.75
267 10 0 2.25
56 9 0 3.0
137 9 0 1.75
31 18 0 2.5
314 6 0 2.25
336 5 0 2.75
281 12 0 1.5
16 5 0 1.5
155 9 0 2.5
151 19 0 2.0
333 15 0 4.0
241 27 0 3.75
60 11 0 2.25
64 20 0 2.0
12 3 0 3.5
320 10 0 1.75
1 1 0 3.0
19 6 0 2.0
318 30 0 1.5
68 12 0 1.5
74 55 0 2.75
249 17 0 3.0
27 10 0 2.0
342 20 0 3.75
73 20 0 2.5
171 1 0 1.5
20 15 0 1.5
162 42 0 3.25
47 11 0 3.25
188 11 0 4.0
62 1 0 3.5
26 1 0 1.75
311 0 0 2.0
167 4 0 3.0
208 12 0 2.0
31 6 0 3.5
166 17 0 3.75
258 20 0 4.0
327 60 0 3.0
265 0 0 3.0
184 5 0 1.5
24 14 0 1.75
107 1 0 3.75
277 13 0 3.5
338 11 0 4.0
345 4 0 3.5
28 10 0 2.25
218 3 0 2.5
132 14 0 1.75
170 11 0 3.5
137 17 0 3.75
152 15 0 3.0
153 17 0 3.25
214 14 0 3.5
183 19 0 2.5
84 9 0 2.5
214 7 0 3.0
24 8 0 2.25
277 13 0 1.5
33 16 0 3.75
126 9 0 1.75
246 15 0 3.5
78 3 0 3.5
289 4 0 3.75
147 10 0 1.5
43 8 0 3.75
24 1 0 3.0
118 18 0 2.75
357 33 0 2.75
211 19 0 3.0
268 20 0 3.25
186 17 0 3.5
325 20 0 2.5
124 5 0 1.75
268 7 0 4.0
30 14 0 3.25
30 19 0 2.0
197 16 0 4.0
337 51 0 2.75
256 13 0 2.25
128 4 0 3.5
285 16 0 3.0
138 20 0 4.0
246 21 0 1.5
171 2 0 2.75
308 5 0 3.75
293 8 0 3.25
288 2 0 2.25
39 20 0 4.0
96 13 0 2.0
278 8 0 3.0
30 1 0 2.75
205 17 0 2.5
97 7 0 2.0
104 11 0 3.25
233 16 0 2.5
347 11 0 2.0
45 8 0 3.25
113 8 0 3.25
259 3 0 1.5
208 15 0 2.25
41 2 0 3.0
37 3 0 4.0
210 26 0 2.0
291 2 0 2.75
191 4 0 4.0
34 9 0 3.5
19 2 0 2.75
271 18 0 2.5
140 11 0 1.75
337 4 0 1.75
80 39 0 3.0
208 20 0 2.5
123 20 0 3.0
85 11 0 2.25
303 6 0 3.0
92 20 0 4.0
187 67 0 3.5
151 8 0 3.5
74 9 0 3.25
287 8 0 3.75
197 9 0 3.75
109 5 0 2.25
96 2 0 3.25
227 16 0 3.75
151 54 0 2.5
127 44 0 3.5
56 4 0 2.25
99 18 0 1.5
183 20 0 1.5
209 2 0 2.5
161 28 0 2.5
154 6 0 3.25
112 11 0 1.5
142 11 0 1.75
199 17 0 1.75
24 3 0 2.75
252 19 0 2.5
181 4 0 2.5
56 19 0 3.0
81 8 0 3.75
47 3 0 2.25
68 1 0 2.25
204 12 0 2.75
284 9 0 1.75
249 12 0 2.0
274 7 0 3.75
25 17 0 1.75
129 46 0 3.5
159 9 0 4.0
128 1 0 2.75
318 16 0 2.25
320 26 0 2.75
78 0 0 3.75
154 8 0 1.5
348 15 0 1.5
76 60 0 3.75
321 1 0 2.25
292 16 0 2.5
300 11 0 3.75
37 9 0 4.0
334 20 0 4.0
337 7 0 2.5
60 12 0 2.75
178 23 0 3.0
219 26 0 3.75
154 6 0 2.0
19 37 0 2.75
116 16 0 1.75
47 12 0 4.0
354 0 0 3.25
290 18 0 1.5
56 17 0 3.5
21 43 0 1.5
299 12 0 3.75
332 10 0 4.0
281 19 0 1.75
214 11 0 1.75
92 2 0 3.0
310 39 0 1.5
216 44 0 3.5
98 0 0 2.5
48 0 0 3.5
257 20 0 1.5
352 11 0 1.5
225 1 0 1.5
48 14 0 4.0
40 13 0 2.25
235 2 0 1.5
282 1 0 3.0
23 2 0 2.0
301 18 0 2.0
56 41 0 1.75
7 0 0 2.5
82 18 0 3.25
151 10 0 1.5
12 17 0 2.0
117 3 0 2.0
344 7 0 2.0
201 17 0 3.75
299 9 0 3.25
243 12 0 3.5
18 7 0 3.25
79 16 0 4.0
294 12 0 3.75
357 8 0 1.5
189 6 0 1.5
11 12 0 3.25
176 3 0 2.25
357 9 0 1.75
252 14 0 1.5
82 0 0 1.75
310 35 0 2.0
245 17 0 2.75
102 27 0 3.0
54 11 0 4.0
188 17 0 1.75
246 12 0 2.5
24 15 0 4.0
349 4 0 3.75
81 16 0 3.0
59 9 0 4.0
300 0 0 1.75
271 24 0 3.75
244 12 0 3.25
148 13 0 3.5
212 5 0 3.25
164 11 0 1.75
14 38 0 3.25
325 12 0 1.5
288 6 0 2.0
204 11 0 1.5
129 1 0 1.75
166 13 0 4.0
149 7 0 2.75
264 2 0 3.5
128 14 0 3.25
110 17 0 3.75
282 6 0 2.0
297 51 0 2.75
284 10 0 2.75
92 11 0 1.75
0 33 0 1.5
191 10 0 3.0
329 43 0 3.75
117 4 0 1.5
144 2 0 1.5
167 1 0 2.0
347 0 0 3.5
159 17 0 2.5
172 12 0 2.25
144 19 0 2.25
158 14 0 3.0
117 19 0 1.5
136 10 0 2.5
237 8 0 3.5
75 2 0 4.0
308 18 0 3.25
2 5 0 2.0
169 42 0 3.5
320 0 0 2.75
60 5 0 3.75
81 8 0 2.5
332 5 0 2.0
79 7 0 3.5
306 4 0 2.5
191 7 0 3.75
296 12 0 3.0
37 7 0 4.0
320 12 0 3.0
120 15 0 3.25
114 13 0 2.75
101 22 0 2.75
127 12 0 3.75
359 2 0 2.0
287 4 0 1.75
319 5 0 1.75
209 16 0 1.75
359 9 0 1.5
349 6 0 2.25
162 22 0 3.5
303 10 0 4.0
305 7 0 3.0
322 0 0 1.5
252 0 0 3.25
76 1 0 2.75
176 14 0 2.75
126 20 0 3.25
323 65 0 4.0
70 1 0 1.75
245 5 0 2.75
52 3 0 1.75
141 14 0 3.25
295 12 0 1.5
283 4 0 4.0
340 2 0 1.75
218 3 0 3.25
303 16 0 3.25
11 8 0 3.25
209 1 0 2.0
197 14 0 3.0
152 3 0 2.5
91 15 0 2.5
326 6 0 2.0
137 16 0 3.75
218 16 0 4.0
214 8 0 3.25
188 15 0 4.0
261 9 0 2.75
1 1 0 4.0
341 2 0 1.5
320 19 0 1.75
353 5 0 2.5
170 16 0 4.0
38 7 0 2.5
161 16 0 3.0
123 56 0 2.5
75 15 0 4.0
229 16 0 3.5
329 11 0 3.0
344 6 0 2.5
251 17 0 3.75
58 15 0 4.0
180 16 0 3.75
97 10 0 1.75
54 4 0 3.5
228 19 0 2.5
179 16 0 2.0
239 17 0 4.0
252 0 0 2.0
230 8 0 3.0
97 16 0 3.25
250 18 0 3.5
93 2 0 1.75
15 16 0 2.0
310 2 0 1.75
181 14 0 1.75
102 13 0 3.25
72 4 0 2.25
200 20 0 3.75
320 1 0 1.5
84 0 0 2.0
11 18 0 1.75
290 9 0 2.5
359 8 0 4.0
216 0 0 3.25
139 17 0 2.75
329 8 0 2.75
8 19 0 1.75
260 3 0 3.0
73 50 0 2.0
358 3 0 2.25
240 14 0 3.25
58 9 0 3.0
180 2 0 3.25
0 5 0 1.75
260 6 0 2.75
72 16 0 3.5
38 18 0 1.5
161 0 0 4.0
35 1 0 2.0
195 4 0 2.75
190 10 0 2.75
304 8 0 3.25
232 3 0 1.5
168 19 0 2.25
11 7 0 3.5
99 16 0 3.75
122 28 0 1.5
352 2 0 3.5
48 7 0 2.5
7 18 0 3.0
147 10 0 3.75
315 18 0 2.0
312 0 0 2.5
46 10 0 3.75
169 16 0 2.25
130 6 0 2.25
324 7 0 4.0
331 13 0 1.5
31 20 0 3.5
138 1 0 4.0
278 32 0 2.25
41 12 0 2.25
180 2 0 2.5
253 12 0 3.75
71 9 0 4.0
171 2 0 3.0
352 14 0 3.0
133 10 0 2.25
63 6 0 2.75
20 1 0 1.75
303 19 0 3.5
288 6 0 3.75
75 13 0 1.5
38 3 0 3.75
55 2 0 4.0
146 0 0 3.0
75 6 0 3.0
70 8 0 4.0
15 4 0 3.75
96 51 0 1.5
284 20 0 4.0
36 11 0 3.75
109 3 0 3.0
255 3 0 2.5
60 14 0 3.25
97 2 0 2.25
25 0 0 2.25
301 7 0 2.25
105 20 0 1.75
278 1 0 3.75
123 16 0 3.25
283 8 0 3.25
71 18 0 2.5
136 0 0 3.5
22 10 0 1.5
92 4 0 2.0
12 13 0 2.5
112 2 0 2.0
206 15 0 3.75
261 4 0 3.75
132 0 0 2.75
274 17 0 2.0
285 8 0 3.0
5 13 0 2.25
226 11 0 2.75
84 14 0 2.75
201 8 0 2.75
25 20 0 2.75
235 18 0 4.0
204 7 0 1.75
70 16 0 2.75
18 9 0 4.0
150 10 0 2.75
81 15 0 4.0
335 5 0 3.5
129 1 0 2.5
193 4 0 2.5
129 0 0 1.75
84 3 0 2.5
286 1 0 4.0
76 15 0 2.25
34 19 0 2.5
121 51 0 2.75
261 16 0 3.25
236 10 0 4.0
318 13 0 3.25
225 17 0 2.0
48 16 0 4.0
228 3 0 3.5
320 4 0 3.5
48 3 0 3.25
97 7 0 2.75
319 20 0 3.5
172 24 0 2.25
194 9 0 2.75
345 17 0 1.5
144 6 0 3.5
166 17 0 3.0
69 20 0 3.25
72 12 0 3.5
268 0 0 2.5
323 15 0 3.25
191 7 0 1.75
278 6 0 3.5
88 14 0 1.75
89 19 0 2.5
146 9 0 3.75
221 5 0 2.5
350 12 0 3.75
257 11 0 3.5
35 9 0 4.0
108 20 0 2.0
125 2 0 3.75
99 15 0 1.75
152 5 0 3.5
146 1 0 2.25
343 20 0 1.5
122 17 0 2.5
0 20 0 4.0
169 3 0 3.0
273 2 0 3.5
111 7 0 3.25
95 26 0 2.0
185 14 0 3.25
301 4 0 2.0
175 14 0 3.5
114 1 0 1.5
150 12 0 4.0
147 2 0 3.25
247 59 0 3.5
270 1 0 3.25
199 0 0 1.5
120 15 0 1.75
19 11 0 3.25
346 18 0 4.0
256 15 0 3.5
241 19 0 1.5
11 19 0 1.75
122 5 0 2.75
21 18 0 2.75
73 14 0 2.25
180 16 0 3.0
274 17 0 3.25
275 2 0 4.0
327 13 0 2.5
24 1 0 4.0
296 4 0 3.0
36 7 0 2.25
61 5 0 4.0
26 11 0 2.25
210 6 0 2.0
4 10 0 2.5
199 14 0 1.75
181 4 0 3.0
347 4 0 1.75
187 12 0 2.25
197 18 0 1.5
31 2 0 2.0
73 8 0 2.5
212 20 0 4.0
49 16 0 3.75
160 9 0 4.0
249 6 0 3.5
11 1 0 2.75
158 16 0 3.75
252 5 0 3.5
357 18 0 2.75
17 2 0 2.75
2 6 0 3.0
18 15 0 2.25
218 9 0 3.75
266 9 0 2.0
36 5 0 2.0
82 14 0 3.5
172 29 0 4.0
309 9 0 3.75
252 0 0 1.5
152 52 0 3.75
60 5 0 2.25
256 7 0 2.75
353 7 0 3.25
229 11 0 3.25
141 6 0 3.75
50 8 0 4.0
80 15 0 1.75
192 1 0 2.0
72 4 0 3.75
187 25 0 3.25
326 10 0 3.0
10 11 0 2.0
137 4 0 3.25
156 16 0 1.5
117 35 0 2.75
177 17 0 2.0
145 7 0 4.0
111 7 0 2.5
242 16 0 3.5
32 16 0 4.0
62 15 0 3.5
100 19 0 2.0
113 13 0 2.75
61 6 0 2.75
117 4 0 3.0
340 11 0 2.75
202 10 0 2.75
279 18 0 2.0
266 13 0 4.0
216 11 0 2.25
197 11 0 2.75
282 9 0 2.5
337 20 0 2.25
185 20 0 1.75
181 3 0 1.5
85 11 0 2.75
341 20 0 1.75
168 13 0 1.75
190 6 0 2.25
188 2 0 2.25
266 56 0 3.75
273 18 0 2.5
267 2 0 3.25
38 18 0 2.0
97 0 0 2.0
128 13 0 2.75
229 5 0 4.0
217 20 0 2.25
319 7 0 3.0
314 20 0 2.25
329 16 0 3.5
277 16 0 4.0
251 0 0 3.75
98 5 0 3.5
47 13 0 3.75
260 8 0 3.75
322 9 0 2.0
322 6 0 3.0
40 12 0 3.75
51 6 0 2.25
52 15 0 4.0
292 46 0 2.5
47 9 0 3.5
178 7 0 2.5
195 20 0 2.25
244 59 0 3.75
70 19 0 3.5
343 2 0 4.0
105 0 0 2.75
176 5 0 3.75
241 17 0 3.5
50 13 0 1.5
77 5 0 3.75
208 20 0 1.75
201 13 0 2.0
253 8 0 3.75
294 6 0 1.75
38 17 0 3.75
95 4 0 2.75
88 5 0 3.75
74 1 0 1.5
68 9 0 3.0
193 16 0 3.75
304 17 0 3.0
209 67 0 2.25
346 28 0 2.0
284 5 0 2.75
258 16 0 2.75
253 0 0 1.5
67 19 0 3.5
312 4 0 1.5
296 1 0 2.75
329 6 0 3.75
278 17 0 3.75
301 12 0 2.75
213 12 0 3.0
333 12 0 3.0
291 8 0 1.5
151 4 0 3.5
7 4 0 2.25
94 15 0 3.75
235 1 0 3.75
242 0 0 2.5
15 4 0 1.75
159 48 0 2.5
58 11 0 1.5
1 5 0 4.0
7 5 0 4.0
212 1 0 3.0
80 7 0 4.0
200 8 0 3.75
332 15 0 2.25
325 3 0 3.5
72 3 0 1.5
48 15 0 3.75
211 0 0 3.25
244 0 0 1.75
3 0 0 3.75
166 11 0 3.75
61 19 0 1.75
309 12 0 3.5
319 2 0 3.0
158 17 0 1.5
302 9 0 2.25
169 1 0 3.75
128 15 0 3.0
83 8 0 3.25
83 17 0 3.5
258 29 0 3.25
273 5 0 2.75
62 57 0 1.5
101 15 0 2.0
92 14 0 1.75
249 19 0 1.5
88 10 0 1.75
341 20 0 2.5
283 18 0 2.5
122 6 0 2.5
288 4 0 2.25
356 4 0 2.0
203 3 0 2.0
196 10 0 3.25
270 7 0 3.25
249 13 0 2.25
11 28 0 3.5
5 12 0 2.0
84 8 0 2.25
188 8 0 1.5
275 18 0 4.0
20 17 0 3.25
32 5 0 2.5
175 8 0 3.25
170 14 0 3.25
197 6 0 2.25
229 18 0 4.0
40 19 0 1.75
23 15 0 3.25
32 5 0 1.75
284 6 0 3.25
337 14 0 2.25
269 6 0 2.5
168 0 0 2.75
143 15 0 3.0
107 48 0 3.0
163 7 0 3.25
76 19 0 2.0
285 3 0 3.75
20 7 0 4.0
132 9 0 3.0
197 2 0 1.75
352 19 0 4.0
23 6 0 1.75
175 3 0 4.0
257 6 0 4.0
24 15 0 3.0
39 16 0 1.5
162 28 0 2.75
80 16 0 3.5
321 10 0 2.5
47 18 0 2.25
10 16 0 2.5
194 14 0 1.75
328 29 0 2.0
255 17 0 4.0
131 9 0 4.0
279 18 0 3.25
287 6 0 3.75
98 14 0 2.0
235 4 0 2.0
151 2 0 1.75
324 13 0 3.0
204 11 0 2.0
37 15 0 3.5
178 3 0 3.75
321 7 0 2.25
184 5 0 1.75
153 5 0 1.75
176 3 0 1.5
111 22 0 2.0
219 0 0 3.5
332 15 0 2.0
1 15 0 3.5
132 1 0 3.25
249 4 0 4.0
113 8 0 2.25
116 10 0 3.5
150 2 0 4.0
333 20 0 2.25
161 5 0 2.75
230 11 0 3.75
250 5 0 3.5
219 9 0 4.0
347 11 0 3.5
140 10 0 1.75
141 15 0 1.75
158 4 0 4.0
46 4 0 3.25
2 1 0 3.0
331 0 0 3.25
281 7 0 1.5
300 5 0 3.0
233 2 0 3.25
300 20 0 1.5
292 8 0 3.25
344 14 0 3.25
354 17 0 1.75
56 8 0 2.0
270 6 0 2.25
313 6 0 2.0
117 12 0 2.75
120 20 0 2.5
94 1 0 3.0
317 11 0 3.0
7 14 0 3.75
192 35 0 2.25
208 2 0 3.0
206 10 0 4.0
17 9 0 2.0
275 11 0 2.0
169 1 0 2.75
257 10 0 1.5
134 5 0 2.5
357 11 0 4.0
121 15 0 2.0
31 7 0 2.0
325 13 0 2.5
117 4 0 3.5
195 12 0 3.75
190 20 0 3.0
87 0 0 4.0
32 10 0 1.5
84 7 0 3.75
230 11 0 2.5
14 9 0 3.0
157 5 0 3.75
118 10 0 2.25
58 13 0 2.5
134 19 0 3.0
322 11 0 4.0
183 3 0 1.5
151 17 0 4.0
310 13 0 3.75
344 1 0 2.5
164 7 0 1.5
98 8 0 3.0
346 14 0 1.75
20 11 0 3.0
54 5 0 3.25
103 18 0 2.25
43 7 0 2.75
294 0 0 4.0
129 20 0 3.25
194 11 0 2.5
7 1 0 3.5
129 1 0 1.5
221 10 0 3.0
260 14 0 2.25
73 3 0 1.75
287 5 0 1.75
219 8 0 3.0
151 19 0 2.75
193 4 0 2.0
173 0 0 3.75
48 3 0 3.75
21 9 0 1.75
211 16 0 3.25
311 0 0 4.0
89 9 0 4.0
145 5 0 3.75
355 19 0 2.75
70 12 0 4.0
106 18 0 2.25
241 15 0 3.75
343 6 0 2.5
237 13 0 1.5
122 15 0 2.0
45 17 0 3.75
148 12 0 2.5
27 1 0 2.5
299 10 0 2.75
110 9 0 4.0
196 19 0 4.0
42 6 0 4.0
0 5 0 3.75
114 57 0 1.5
302 16 0 3.0
84 4 0 3.25
63 15 0 2.5
157 8 0 2.0
73 5 0 3.0
212 7 0 3.75
116 4 0 2.5
276 27 0 2.75
315 18 0 2.5
192 6 0 4.0
265 2 0 2.75
50 8 0 3.5
299 18 0 3.0
337 9 0 2.5
44 8 0 3.0
306 19 0 2.0
296 69 0 3.75
8 9 0 3.25
112 9 0 1.75
54 34 0 1.75
223 19 0 2.5
270 66 0 2.5
220 40 0 3.0
308 16 0 2.0
149 7 0 2.5
135 10 0 3.0
105 1 0 2.0
256 8 0 3.0
167 3 0 3.25
172 17 0 2.25
283 11 0 3.5
69 19 0 1.5
134 20 0 2.5
212 16 0 3.5
17 17 0 3.75
116 8 0 1.75
347 1 0 3.25
320 11 0 3.25
117 18 0 4.0
24 7 0 1.5
281 19 0 3.5
285 15 0 1.75
359 11 0 2.5
287 10 0 2.25
306 9 0 3.5
218 11 0 3.0
128 7 0 2.0
310 1 0 2.0
67 4 0 4.0
246 30 0 2.25
352 14 0 4.0
286 18 0 3.25
65 41 0 3.5
214 1 0 2.75
62 22 0 2.0
176 6 0 2.5
204 12 0 3.0
114 20 0 3.0
57 5 0 2.25
210 2 0 2.5
176 0 0 1.5
250 7 0 4.0
122 13 0 1.75
42 20 0 4.0
298 2 0 3.5
23 18 0 4.0
234 11 0 2.5
279 53 0 2.5
61 20 0 2.0
33 0 0 2.0
341 8 0 3.0
145 0 0 3.5
7 13 0 2.75
348 9 0 3.0
321 6 0 3.0
298 18 0 1.75
356 19 0 3.75
264 9 0 3.5
240 1 0 2.5
341 15 0 2.0
300 13 0 2.25
66 12 0 1.75
315 16 0 3.5
61 12 0 1.75
316 6 0 1.75
117 1 0 3.75
244 8 0 2.5
53 19 0 2.75
73 11 0 2.0
257 20 0 2.5
66 60 0 3.0
68 12 0 2.75
314 15 0 2.0
231 7 0 3.25
313 6 0 3.5
27 12 0 3.25
350 1 0 3.0
213 9 0 3.0
169 11 0 2.75
226 20 0 3.0
357 11 0 1.5
215 0 0 2.5
117 9 0 3.0
248 1 0 1.75
264 10 0 2.0
274 8 0 3.5
249 57 0 2.25
145 7 0 2.5
34 4 0 3.25
144 25 0 2.25
16 20 0 2.0
228 1 0 3.75
343 31 0 3.25
178 7 0 2.75
279 12 0 3.75
97 19 0 2.0
158 13 0 1.75
276 14 0 2.25
239 17 0 3.0
82 12 0 3.25
334 12 0 2.25
186 8 0 1.75
288 17 0 3.0
267 4 0 2.0
42 18 0 3.0
308 0 0 2.75
153 3 0 1.75
162 73 0 3.75
129 19 0 1.5
275 7 0 3.25
301 3 0 3.75
102 7 0 2.25
12 10 0 1.5
273 0 0 3.25
39 12 0 2.5
30 12 0 2.5
103 57 0 3.5
330 3 0 2.25
17 13 0 1.75
354 15 0 3.25
150 8 0 3.5
57 20 0 2.5
347 12 0 1.75
27 8 0 1.75
122 4 0 2.5
11 15 0 3.75
66 1 0 2.0
332 2 0 2.75
234 14 0 3.0
333 11 0 2.0
156 17 0 1.5
289 15 0 4.0
288 20 0 2.25
8 18 0 3.75
23 8 0 3.0
120 20 0 1.75
334 4 0 1.5
110 14 0 1.5
279 4 0 2.25
310 19 0 4.0
73 14 0 2.0
183 10 0 2.25
105 16 0 3.5
176 6 0 1.5
153 14 0 1.75
96 2 0 4.0
19 16 0 2.0
181 20 0 2.75
3 11 0 3.0
337 19 0 4.0
180 13 0 3.5
194 8 0 2.0
197 9 0 3.5
343 17 0 2.5
248 7 0 3.5
122 2 0 4.0
191 22 0 1.75
111 53 0 3.25
25 17 0 3.75
3 27 0 1.5
56 17 0 3.25
96 13 0 1.75
13 69 0 4.0
217 4 0 3.25
164 1 0 2.25
131 13 0 2.25
79 7 0 2.0
313 15 0 3.25
318 14 0 3.25
51 12 0 3.75
292 8 0 1.5
45 12 0 1.5
206 13 0 3.25
312 8 0 4.0
132 17 0 3.25
92 26 0 3.25
276 10 0 2.25
279 15 0 2.0
306 0 0 1.5
121 12 0 3.5
252 13 0 2.0
136 10 0 3.75
48 4 0 3.25
347 6 0 2.0
181 16 0 3.75
119 2 0 2.0
130 12 0 3.25
207 18 0 3.25
6 12 0 3.0
224 19 0 4.0
112 14 0 1.75
146 12 0 2.0
299 16 0 4.0
158 4 0 3.5
152 5 0 1.75
235 16 0 3.25
75 0 0 3.0
171 5 0 2.0
259 11 0 2.0
125 13 0 3.25
176 2 0 1.75
150 3 0 2.25
278 19 0 3.0
96 20 0 2.25
147 21 0 3.0
155 1 0 3.0
128 9 0 2.0
139 10 0 2.0
136 16 0 3.75
277 9 0 1.5
335 20 0 3.75
91 10 0 3.75
127 16 0 3.25
119 12 0 3.5
348 6 0 1.5
24 4 0 2.75
284 2 0 1.75
64 16 0 3.5
62 2 0 3.5
64 43 0 1.75
104 2 0 1.75
36 56 0 4.0
16 2 0 3.0
346 9 0 1.75
161 8 0 4.0
58 0 0 3.25
50 7 0 1.5
112 13 0 2.75
91 15 0 4.0
282 12 0 2.5
165 12 0 1.75
143 19 0 1.5
79 18 0 3.5
340 14 0 2.5
276 5 0 1.5
308 13 0 2.0
132 14 0 2.0
131 11 0 3.75
139 18 0 4.0
276 7 0 2.5
179 29 0 2.25
223 3 0 3.25
241 51 0 2.5
285 11 0 1.75
53 18 0 3.25
226 13 0 3.75
171 1 0 2.25
210 10 0 2.75
354 0 0 4.0
310 59 0 4.0
225 18 0 3.0
110 2 0 1.5
85 4 0 3.75
237 44 0 4.0
165 15 0 2.25
310 19 0 2.0
167 20 0 1.5
185 2 0 2.25
62 18 0 3.25
309 1 0 3.75
268 2 0 3.25
214 8 0 1.5
146 8 0 3.25
127 9 0 4.0
143 3 0 3.25
172 9 0 3.75
121 16 0 3.75
53 12 0 2.0
163 23 0 4.0
306 5 0 2.75
114 11 0 2.75
219 16 0 1.75
29 5 0 3.75
325 8 0 2.25
135 4 0 1.75
46 11 0 3.25
132 0 0 2.5
238 45 0 3.5
22 58 0 2.25
208 14 0 1.75
284 5 0 2.5
158 51 0 3.0
236 2 0 2.25
10 3 0 2.0
304 11 0 3.0
63 6 0 2.25
210 6 0 2.5
152 0 0 3.75
152 17 0 2.5
323 5 0 2.75
225 7 0 1.75
185 10 0 2.5
55 0 0 3.25
163 9 0 2.25
111 10 0 3.5
32 17 0 3.75
353 13 0 4.0
8 2 0 4.0
321 7 0 2.75
264 3 0 2.25
156 8 0 3.25
352 6 0 3.25
43 4 0 2.75
165 5 0 3.0
186 7 0 3.5
26 4 0 2.0
333 5 0 2.0
52 14 0 2.5
108 14 0 3.25
143 13 0 3.0
180 19 0 2.5
172 4 0 3.75
74 2 0 1.75
77 20 0 1.5
8 10 0 1.75
108 15 0 3.0
173 5 0 2.5
20 16 0 1.75
137 2 0 1.5
101 19 0 2.5
103 7 0 4.0
117 7 0 3.25
300 17 0 2.75
356 14 0 1.75
184 15 0 3.0
329 14 0 3.75
265 12 0 3.75
114 16 0 3.0
122 6 0 2.0
121 16 0 2.5
323 9 0 3.0
303 1 0 2.75
90 18 0 2.5
130 15 0 2.5
120 11 0 1.5
207 3 0 1.5
70 9 0 3.75
66 6 0 1.5
133 12 0 3.75
322 17 0 2.0
238 43 0 1.5
161 3 0 3.0
232 8 0 1.5
66 17 0 2.25
255 13 0 2.0
345 9 0 1.75
143 5 0 2.5
204 5 0 3.25
265 6 0 1.75
332 6 0 3.5
163 12 0 1.5
337 78 0 2.0
261 0 0 3.25
126 15 0 1.5
134 11 0 3.25
106 18 0 3.0
170 9 0 3.5
353 2 0 3.25
92 10 0 4.0
316 7 0 3.75
5 15 0 2.0
83 16 0 3.25
40 8 0 4.0
357 19 0 2.5
55 4 0 2.75
178 20 0 3.5
136 8 0 3.5
345 18 0 1.5
346 2 0 2.25
175 10 0 1.75
27 18 0 4.0
55 13 0 3.75
120 6 0 3.75
239 19 0 3.0
137 5 0 3.25
40 19 0 3.25
220 1 0 2.0
163 12 0 3.75
55 16 0 3.0
343 9 0 1.75
176 6 0 2.0
232 13 0 3.5
303 5 0 2.0
138 8 0 3.25
44 0 0 3.0
167 1 0 2.25
25 17 0 2.0
170 11 0 1.5
139 16 0 3.25
154 43 0 3.5
93 3 0 3.25
81 13 0 2.5
61 13 0 2.25
118 1 0 3.25
185 5 0 2.25
223 21 0 1.75
179 13 0 2.25
83 12 0 2.5
185 19 0 2.25
219 7 0 1.5
291 29 0 3.25
142 19 0 3.75
305 17 0 1.75
264 7 0 2.75
121 20 0 3.25
108 7 0 1.75
96 16 0 2.75
150 7 0 3.5
133 3 0 2.25
29 7 0 1.75
214 14 0 3.0
142 5 0 3.0
147 40 0 3.0
278 5 0 1.75
211 6 0 3.75
298 9 0 3.0
326 2 0 2.0
325 3 0 2.75
240 4 0 2.5
284 11 0 3.75
168 10 0 2.5
153 1 0 1.75
28 12 0 3.25
326 8 0 3.25
161 8 0 2.0
292 7 0 1.5
258 6 0 4.0
346 11 0 1.5
101 7 0 2.25
63 12 0 2.25
358 3 0 3.25
66 3 0 2.5
8 4 0 1.75
207 20 0 2.75
265 6 0 3.75
253 12 0 3.0
150 53 0 3.25
78 4 0 2.5
71 2 0 3.25
318 22 0 1.75
232 5 0 3.0
316 17 0 4.0
152 8 0 3.75
60 5 0 2.75
142 40 0 2.75
200 18 0 3.5
264 6 0 3.0
68 4 0 4.0
135 12 0 4.0
328 20 0 1.5
290 39 0 3.75
144 4 0 2.25
123 4 0 2.0
103 7 0 2.75
33 5 0 2.25
47 27 0 2.5
151 54 0 3.0
123 5 0 1.5
351 3 0 2.0
298 5 0 3.75
291 8 0 2.5
22 15 0 3.5
142 16 0 2.25
159 0 0 3.25
120 31 0 2.5
62 42 0 4.0
177 0 0 1.75
127 11 0 2.0
239 14 0 2.0
228 8 0 3.0
187 16 0 3.0
231 61 0 3.75
68 8 0 2.0
338 1 0 3.5
297 11 0 3.0
146 3 0 2.5
182 16 0 3.25
133 0 0 2.5
264 2 0 2.25
73 11 0 3.75
223 19 0 3.25
275 12 0 2.5
320 5 0 2.5
3 59 0 1.75
302 2 0 4.0
226 12 0 3.0
297 19 0 2.5
313 10 0 1.5
29 16 0 2.25
178 4 0 2.0
176 1 0 2.25
41 5 0 3.5
3 14 0 1.75
284 16 0 3.0
322 16 0 1.5
128 2 0 1.5
60 7 0 3.25
6 12 0 3.75
19 13 0 1.75
157 10 0 2.25
159 0 0 2.0
93 17 0 2.25
299 17 0 1.5
45 19 0 3.25
220 45 0 3.25
105 1 0 4.0
271 25 0 2.75
20 75 0 3.5
14 19 0 3.75
270 4 0 3.5
59 2 0 2.0
333 0 0 1.5
310 1 0 2.5
111 16 0 4.0
264 20 0 1.5
260 17 0 3.0
81 11 0 2.0
226 3 0 1.5
175 45 0 3.0
304 11 0 2.5
132 17 0 1.75
213 4 0 3.75
330 2 0 1.5
201 6 0 3.0
132 17 0 2.5
78 18 0 1.75
292 12 0 2.0
156 16 0 1.75
186 1 0 3.0
175 8 0 1.75
306 15 0 1.75
134 16 0 4.0
69 18 0 1.75
284 13 0 3.5
286 44 0 2.0
316 12 0 3.75
198 24 0 3.75
242 15 0 1.75
329 17 0 2.0
352 10 0 4.0
350 11 0 3.75
59 0 0 2.75
104 14 0 2.5
359 6 0 3.0
89 20 0 3.75
21 6 0 2.0
355 15 0 4.0
91 36 0 3.5
150 19 0 2.0
247 4 0 3.25
189 14 0 2.0
226 33 0 3.75
80 12 0 4.0
73 1 0 3.5
66 16 0 2.0
265 0 0 2.5
70 3 0 2.25
206 2 0 1.5
98 6 0 1.75
193 20 0 2.75
49 20 0 2.5
70 10 0 3.5
18 11 0 3.75
231 5 0 3.75
224 12 0 2.0
92 10 0 2.5
234 20 0 2.5
209 19 0 2.25
325 11 0 3.5
249 10 0 1.75
240 4 0 3.5
70 15 0 1.75
84 1 0 3.5
182 2 0 2.75
73 40 0 2.25
332 12 0 2.5
195 8 0 2.25
201 5 0 3.0
270 9 0 3.5
194 10 0 3.25
263 5 0 3.5
45 15 0 3.75
152 6 0 2.25
232 1 0 2.75
102 11 0 1.5
199 18 0 2.25
102 18 0 1.5
358 15 0 4.0
57 15 0 3.25
277 18 0 3.25
256 12 0 2.0
252 41 0 3.0
90 19 0 2.75
90 8 0 2.75
239 19 0 2.25
191 9 0 3.25
279 9 0 2.25
222 14 0 1.5
51 0 0 2.5
233 4 0 4.0
149 5 0 3.5
318 19 0 1.5
209 12 0 3.5
14 9 0 2.0
125 15 0 3.0
309 1 0 1.75
178 14 0 3.0
58 17 0 2.25
178 2 0 2.75
336 38 0 1.75
263 18 0 2.0
93 19 0 2.75
203 6 0 4.0
123 7 0 2.5
66 12 0 2.5
18 10 0 3.0
21 8 0 2.25
136 12 0 3.0
270 16 0 3.75
299 18 0 2.0
311 16 0 1.75
120 14 0 1.75
145 6 0 3.5
191 9 0 2.25
82 11 0 2.0
107 2 0 3.0
266 3 0 2.25
170 0 0 3.25
322 19 0 3.75
96 15 0 2.75
256 6 0 2.25
176 1 0 4.0
43 10 0 3.75
200 20 0 1.5
308 2 0 3.0
118 20 0 2.5
147 17 0 1.5
48 10 0 4.0
41 15 0 4.0
221 1 0 3.25
49 17 0 3.0
9 12 0 1.5
84 9 0 1.75
17 53 0 3.75
147 3 0 2.75
316 3 0 3.0
50 8 0 1.5
279 1 0 3.0
97 18 0 3.0
318 7 0 2.75
255 9 0 3.75
357 13 0 2.75
137 36 0 2.0
91 1 0 2.0
83 16 0 3.0
292 8 0 2.25
330 5 0 3.75
10 52 0 2.5
333 5 0 1.75
25 20 0 2.0
328 12 0 2.5
115 0 0 3.75
163 12 0 2.25
202 48 0 1.5
40 14 0 3.75
57 0 0 2.75
145 3 0 3.25
168 8 0 2.5
242 64 0 3.5
23 0 0 4.0
142 60 0 3.25
51 5 0 2.5
103 2 0 3.75
37 10 0 2.5
197 12 0 2.0
237 2 0 2.5
7 14 0 1.5
126 2 0 1.5
110 3 0 2.0
318 1 0 3.5
25 9 0 1.5
109 6 0 3.25
46 0 0 3.0
341 14 0 4.0
154 10 0 3.5
115 0 0 3.5
302 7 0 4.0
210 5 0 2.75
101 4 0 3.0
191 56 0 3.0
232 10 0 1.75
82 20 0 2.5
138 16 0 2.75
65 8 0 2.75
234 1 0 1.75
21 12 0 2.5
240 3 0 3.0
26 13 0 4.0
270 2 0 1.75
266 19 0 2.75
22 11 0 1.5
24 0 0 2.5
192 4 0 2.5
159 20 0 2.25
170 11 0 2.0
13 2 0 1.5
116 12 0 1.5
62 8 0 4.0
141 1 0 4.0
186 1 0 3.75
271 17 0 2.25
22 22 0 2.75
141 12 0 2.5
320 13 0 2.5
220 4 0 3.25
267 5 0 1.5
140 34 0 4.0
345 1 0 2.75
139 13 0 2.25
247 5 0 3.5
278 54 0 3.25
257 15 0 2.75
172 10 0 1.75
86 7 0 3.25
313 17 0 3.0
15 7 0 2.5
1 5 0 1.5
316 19 0 1.75
337 16 0 3.25
59 7 0 3.0
124 3 0 2.0
321 8 0 2.75
219 20 0 4.0
217 3 0 2.75
165 3 0 4.0
222 6 0 1.75
341 17 0 2.0
282 5 0 3.5
333 58 0 3.75
220 4 0 1.5
213 5 0 3.5
165 16 0 3.0
239 7 0 2.0
349 73 0 3.5
158 14 0 2.75
86 3 0 3.0
42 8 0 2.0
40 0 0 1.5
48 3 0 3.5
321 1 0 3.75
42 17 0 4.0
292 11 0 2.5
217 1 0 1.75
152 13 0 4.0
105 11 0 4.0
262 11 0 2.5
256 1 0 1.75
66 12 0 3.25
215 18 0 3.5
296 7 0 3.75
130 29 0 3.0
308 13 0 1.75
220 12 0 1.75
94 14 0 2.25
151 7 0 3.0
3 7 0 4.0
336 4 0 3.5
230 4 0 4.0
230 5 0 3.25
242 10 0 1.5
60 2 0 2.5
0 5 0 2.0
7 3 0 3.75
192 9 0 1.5
230 20 0 3.0
12 14 0 3.0
234 14 0 2.0
171 5 0 2.25
341 12 0 3.0
109 13 0 3.75
1 11 0 4.0
75 0 0 2.0
117 4 0 3.25
120 18 0 2.75
303 2 0 1.75
273 9 0 3.75
19 1 0 2.75
230 9 0 4.0
312 11 0 3.75
36 16 0 2.5
194 19 0 2.25
311 17 0 3.5
183 5 0 1.5
313 7 0 2.25
351 12 0 2.0
286 6 0 3.25
297 2 0 3.0
283 0 0 3.5
74 10 0 3.0
182 3 0 3.5
116 3 0 2.25
59 79 0 3.0
297 11 0 4.0
162 14 0 3.25
29 20 0 1.5
296 13 0 2.5
88 7 0 3.5
273 14 0 3.25
2 6 0 1.5
101 13 0 2.25
9 18 0 2.0
210 5 0 1.5
116 4 0 3.75
73 20 0 4.0
260 15 0 3.0
276 3 0 2.75
291 14 0 3.0
274 52 0 2.5
22 13 0 3.0
118 10 0 1.75
39 18 0 2.25
283 7 0 3.75
12 11 0 3.0
348 7 0 3.5
165 0 0 3.75
77 16 0 3.75
89 28 0 1.75
139 14 0 1.75
262 6 0 1.5
89 5 0 1.5
309 44 0 3.5
225 18 0 2.75
104 16 0 2.75
270 2 0 3.0
123 18 0 3.75
72 14 0 1.5
315 15 0 3.25
33 20 0 3.75
253 19 0 1.75
144 17 0 1.5
89 8 0 4.0
224 51 0 2.25
266 3 0 1.75
307 11 0 2.75
74 16 0 2.0
27 14 0 3.75
171 9 0 3.75
81 17 0 3.25
351 16 0 2.25
171 14 0 2.0
168 20 0 3.5
69 2 0 3.5
118 3 0 1.5
41 7 0 2.75
36 27 0 1.75
201 14 0 2.0
72 0 0 1.75
339 15 0 2.75
170 9 0 4.0
15 11 0 4.0
118 4 0 3.5
86 17 0 3.25
22 3 0 1.75
246 18 0 2.5
336 10 0 2.5
101 13 0 2.5
122 8 0 1.75
357 13 0 3.5
119 9 0 3.25
23 20 0 3.75
280 2 0 2.75
338 14 0 2.75
52 13 0 3.75
41 12 0 4.0
269 1 0 3.25
195 19 0 2.5
188 48 0 2.5
325 9 0 3.0
166 17 0 2.0
238 12 0 2.75
20 1 0 3.25
174 9 0 3.25
356 9 0 2.25
352 17 0 2.0
93 11 0 3.5
295 4 0 2.25
124 18 0 3.25
326 10 0 2.75
311 0 0 3.0
142 17 0 3.75
311 18 0 2.75
39 16 0 3.75
197 7 0 3.75
31 5 0 2.25
212 11 0 2.5
242 11 0 1.5
254 34 0 3.0
191 0 0 3.75
264 3 0 3.25
260 12 0 3.5
95 1 0 2.5
27 2 0 2.0
48 7 0 3.0
28 8 0 2.25
274 7 0 2.5
322 8 0 3.5
155 7 0 3.75
225 20 0 1.75
326 9 0 3.25
163 18 0 3.5
353 1 0 4.0
160 18 0 2.5
7 19 0 1.75
235 12 0 2.0
349 62 0 4.0
207 9 0 1.5
257 9 0 2.75
143 19 0 2.25
273 10 0 2.5
178 12 0 1.5
262 11 0 2.25
28 9 0 4.0
161 8 0 1.75
179 15 0 1.75
161 1 0 1.75
93 16 0 3.5
275 16 0 2.0
153 8 0 2.25
15 14 0 1.75
5 10 0 2.75
346 9 0 2.5
269 1 0 2.5
258 11 0 2.0
159 20 0 2.0
16 18 0 3.0
336 13 0 1.75
76 17 0 2.25
174 14 0 3.75
329 2 0 2.5
65 20 0 3.25
130 8 0 1.75
291 27 0 2.25
240 15 0 2.25
41 5 0 2.25
8 3 0 2.75
267 18 0 2.75
2 8 0 1.5
168 18 0 3.5
282 13 0 4.0
53 4 0 2.0
180 7 0 4.0
77 66 0 3.75
12 14 0 3.25
248 17 0 3.75
256 7 0 2.5
183 17 0 1.75
342 18 0 2.75
230 2 0 3.75
105 49 0 2.25
319 11 0 2.5
200 0 0 3.0
45 6 0 3.0
60 15 0 2.5
252 55 0 3.25
268 11 0 3.25
273 4 0 4.0
206 20 0 2.75
257 5 0 1.5
22 1 0 4.0
5 8 0 1.75
205 12 0 4.0
172 8 0 3.25
230 16 0 2.75
102 17 0 3.0
77 9 0 3.25
9 10 0 3.5
163 4 0 1.75
125 14 0 2.0
247 10 0 2.0
139 20 0 1.75
226 7 0 3.75
82 5 0 4.0
270 80 0 1.75
266 16 0 3.75
235 11 0 2.0
180 4 0 2.0
120 32 0 2.75
262 0 0 3.75
328 13 0 2.5
155 5 0 3.5
311 11 0 3.5
240 18 0 1.75
87 59 0 2.0
68 18 0 4.0
15 18 0 3.75
249 2 0 1.5
297 17 0 2.25
7 14 0 1.75
178 9 0 1.75
304 13 0 3.0
338 7 0 1.75
295 3 0 3.75
146 13 0 2.0
166 19 0 1.5
327 20 0 2.5
199 7 0 3.75
234 16 0 3.25
199 11 0 2.0
164 17 0 1.75
171 11 0 2.25
177 6 0 1.5
138 13 0 4.0
119 59 0 2.5
330 3 0 3.5
196 13 0 2.5
209 10 0 4.0
292 41 0 4.0
161 9 0 1.5
126 4 0 2.75
177 3 0 3.5
205 8 0 1.75
2 3 0 1.75
243 16 0 3.25
100 7 0 2.0
67 1 0 3.75
132 20 0 2.25
52 7 0 2.25
47 1 0 2.75
262 0 0 3.5
336 2 0 2.75
226 44 0 3.75
168 5 0 2.0
22 15 0 2.25
320 14 0 3.25
268 4 0 3.75
286 6 0 1.75
285 1 0 2.5
113 20 0 2.0
257 4 0 1.5
339 20 0 2.25
142 2 0 4.0
316 10 0 3.0
194 20 0 3.75
77 0 0 1.5
143 8 0 2.5
215 39 0 3.25
18 11 0 3.5
218 2 0 3.75
73 3 0 3.25
230 4 0 1.75
345 12 0 2.25
314 16 0 1.75
6 47 0 2.75
245 20 0 3.75
315 15 0 3.5
68 7 0 3.0
280 8 0 3.5
241 18 0 3.5
101 12 0 1.5
210 8 0 3.5
69 13 0 4.0
36 18 0 2.25
304 1 0 2.75
122 20 0 3.75
93 20 0 4.0
302 12 0 3.0
44 13 0 1.75
264 31 0 3.5
314 14 0 2.25
69 4 0 3.75
186 6 0 1.75
41 51 0 1.5
202 20 0 3.0
107 3 0 3.0
55 17 0 1.75
169 20 0 3.0
109 2 0 3.5
227 16 0 1.75
20 1 0 2.25
238 10 0 3.75
30 13 0 4.0
40 14 0 1.5
237 12 0 1.5
53 17 0 3.0
90 18 0 2.75
235 11 0 3.75
151 18 0 3.75
323 13 0 1.75
61 7 0 2.75
80 16 0 3.0
111 20 0 1.5
236 17 0 3.0
59 16 0 2.5
176 62 0 2.25
343 5 0 2.0
259 12 0 3.5
221 13 0 4.0
176 0 0 2.75
75 18 0 2.75
8 20 0 2.0
10 4 0 4.0
134 17 0 3.75
251 16 0 4.0
225 14 0 3.25
140 18 0 2.25
31 1 0 2.0
304 16 0 3.5
245 11 0 3.5
209 2 0 3.25
195 11 0 4.0
274 17 0 2.5
239 18 0 2.25
112 8 0 3.75
118 2 0 4.0
89 7 0 3.75
114 15 0 1.75
255 9 0 2.0
254 13 0 2.5
312 5 0 1.5
72 3 0 2.5
43 16 0 2.5
177 8 0 2.75
232 0 0 3.25
282 60 0 2.25
221 8 0 2.75
122 11 0 2.0
265 18 0 2.75
343 15 0 2.0
316 0 0 2.0
144 2 0 2.25
247 16 0 4.0
127 7 0 3.0
162 16 0 3.5
192 43 0 2.75
7 18 0 1.5
200 19 0 3.0
121 15 0 1.5
9 2 0 1.75
131 16 0 2.25
354 15 0 3.75
235 2 0 1.75
56 9 0 1.75
313 9 0 1.5
226 19 0 3.5
198 9 0 3.75
314 17 0 1.5
46 19 0 2.75
260 1 0 3.0
172 4 0 2.25
107 20 0 1.75
258 19 0 3.25
117 18 0 2.75
2 5 0 3.25
127 11 0 2.75
165 14 0 3.0
191 14 0 2.75
253 5 0 1.5
188 14 0 2.75
28 13 0 3.75
11 5 0 3.25
100 16 0 2.5
328 19 0 2.5
174 5 0 3.25
341 3 0 2.0
90 3 0 3.75
294 9 0 2.75
88 20 0 3.25
187 2 0 4.0
104 6 0 3.75
151 0 0 2.5
105 17 0 3.75
50 11 0 2.0
301 20 0 3.25
345 10 0 4.0
176 3 0 2.75
47 11 0 2.75
45 13 0 2.75
75 18 0 2.25
22 16 0 3.0
96 1 0 1.5
225 3 0 2.5
109 6 0 1.5
28 1 0 3.5
354 1 0 3.5
94 12 0 2.75
237 19 0 1.5
248 10 0 3.5
258 14 0 2.0
255 20 0 2.75
3 4 0 3.25
136 3 0 2.25
235 0 0 3.0
153 18 0 2.25
304 6 0 3.0
141 12 0 2.75
137 16 0 3.0
65 9 0 2.5
310 0 0 1.5
67 14 0 2.5
179 11 0 3.25
29 5 0 2.5
6 19 0 2.25
343 7 0 2.0
332 20 0 1.5
226 13 0 2.25
4 5 0 3.5
197 2 0 2.75
210 46 0 2.5
6 8 0 2.0
316 10 0 4.0
214 2 0 2.5
277 8 0 3.5
320 10 0 3.75
160 1 0 2.75
145 1 0 2.75
294 4 0 3.75
310 17 0 4.0
66 0 0 3.25
177 27 0 2.25
278 38 0 2.0
94 12 0 1.75
273 2 0 3.0
198 19 0 1.75
171 17 0 2.75
179 2 0 4.0
90 4 0 2.75
202 0 0 2.0
10 19 0 4.0
131 5 0 2.75
207 7 0 1.5
53 2 0 4.0
306 18 0 2.0
40 12 0 2.0
147 17 0 2.0
42 8 0 3.75
36 13 0 2.75
125 5 0 2.0
97 3 0 3.75
321 9 0 3.25
193 13 0 2.5
143 38 0 2.75
7 12 0 2.25
317 10 0 2.5
327 11 0 3.5
148 13 0 3.75
335 4 0 3.5
300 14 0 1.75
15 9 0 2.0
109 13 0 1.5
241 9 0 2.5
256 8 0 4.0
109 4 0 1.75
98 14 0 1.75
177 15 0 4.0
31 11 0 2.25
114 24 0 2.25
358 16 0 2.0
302 3 0 1.75
194 75 0 3.5
46 15 0 3.25
272 8 0 2.75
133 5 0 3.0
267 7 0 3.5
328 19 0 4.0
21 16 0 3.5
174 3 0 2.0
271 7 0 4.0
245 16 0 3.75
338 13 0 4.0
324 6 0 3.0
271 20 0 3.5
145 1 0 3.25
180 19 0 2.25
263 3 0 2.75
313 17 0 2.75
137 3 0 2.25
165 2 0 3.5
202 14 0 4.0
144 14 0 4.0
287 20 0 2.25
21 17 0 2.5
94 6 0 4.0
164 17 0 2.5
291 3 0 3.0
71 17 0 4.0
65 19 0 2.25
30 20 0 2.5
229 3 0 2.75
350 10 0 2.5
300 2 0 2.0
189 1 0 3.75
124 2 0 2.5
64 2 0 2.25
97 55 0 2.75
119 9 0 2.75
264 0 0 4.0
54 13 0 1.5
61 17 0 2.25
211 10 0 3.75
342 8 0 3.5
349 7 0 3.5
106 14 0 3.0
147 14 0 3.5
250 15 0 1.75
263 10 0 2.0
159 12 0 2.5
16 13 0 3.25
204 19 0 2.25
30 3 0 3.25
269 4 0 1.5
22 14 0 1.75
342 4 0 2.5
94 3 0 1.5
316 6 0 2.25
95 17 0 2.5
350 12 0 3.25
187 52 0 1.75
199 15 0 4.0
179 6 0 3.75
269 0 0 4.0
307 47 0 4.0
105 9 0 3.5
182 0 0 2.25
188 10 0 3.0
175 11 0 3.75
40 12 0 2.75
5 6 0 1.75
113 2 0 3.5
110 20 0 2.75
303 18 0 3.75
85 49 0 1.75
16 2 0 3.25
190 3 0 3.0
169 1 0 1.75
34 2 0 4.0
68 4 0 2.25
108 11 0 4.0
342 15 0 3.5
99 5 0 2.5
60 17 0 1.5
200 3 0 1.75
133 11 0 2.5
268 4 0 2.5
275 9 0 3.5
236 6 0 4.0
251 6 0 4.0
133 14 0 2.25
53 12 0 3.25
217 2 0 2.75
219 6 0 2.0
126 19 0 1.75
136 8 0 2.75
303 8 0 3.25
63 8 0 3.5
250 9 0 1.75
167 2 0 1.75
258 0 0 3.5
172 31 0 4.0
139 0 0 2.75
329 12 0 3.5
227 60 0 3.5
358 11 0 2.0
74 20 0 4.0
152 12 0 1.5
8 19 0 3.25
348 3 0 2.75
162 13 0 1.5
224 1 0 3.5
57 3 0 1.75
161 15 0 1.75
35 9 0 2.5
157 2 0 3.5
13 16 0 2.0
225 17 0 1.5
268 10 0 2.5
24 5 0 4.0
155 2 0 3.5
43 53 0 1.5
193 9 0 1.5
107 17 0 2.75
82 6 0 3.75
81 18 0 3.0
288 2 0 2.75
73 6 0 1.5
114 19 0 1.5
87 12 0 2.0
120 16 0 1.75
184 14 0 3.75
61 15 0 3.75
48 7 0 2.0
135 7 0 4.0
18 15 0 3.5
168 12 0 1.5
259 10 0 3.0
26 7 0 2.5
15 2 0 3.0
269 18 0 3.75
296 10 0 2.0
35 15 0 3.5
256 21 0 2.75
6 6 0 1.5
96 9 0 1.5
333 11 0 3.0
83 12 0 3.75
329 16 0 4.0
101 20 0 1.75
303 10 0 2.0
239 12 0 1.5
100 7 0 2.5
184 4 0 3.75
180 2 0 3.0
109 31 0 3.25
183 10 0 3.25
179 18 0 3.75
254 15 0 4.0
91 28 0 2.25
324 39 0 2.5
245 17 0 2.0
277 1 0 1.5
249 5 0 4.0
40 1 0 1.5
56 10 0 3.0
356 11 0 2.75
249 11 0 2.75
46 15 0 2.5
260 18 0 3.25
83 13 0 3.75
7 2 0 1.5
137 6 0 2.5
353 3 0 2.0
117 1 0 1.75
74 8 0 2.0
50 5 0 3.75
301 45 0 2.25
71 1 0 3.25
158 20 0 3.25
266 10 0 2.75
340 13 0 1.75
310 9 0 4.0
156 1 0 2.5
315 9 0 3.0
270 8 0 3.75
357 16 0 1.75
53 6 0 2.25
6 0 0 3.25
278 18 0 4.0
226 20 0 2.0
1 26 0 3.75
204 5 0 2.5
24 17 0 3.25
337 2 0 2.5
52 20 0 2.0
26 10 0 1.5
264 8 0 4.0
114 0 0 2.25
210 3 0 3.25
28 20 0 3.0
40 17 0 2.25
328 8 0 2.5
345 16 0 2.5
162 12 0 2.25
139 2 0 3.5
90 1 0 2.25
14 11 0 2.5
71 1 0 2.75
303 13 0 4.0
195 13 0 2.75
268 20 0 2.0
316 49 0 1.75
319 12 0 3.5
128 9 0 2.25
18 12 0 1.5
78 16 0 2.75
259 12 0 3.25
130 18 0 3.5
247 3 0 3.5
99 2 0 2.0
346 14 0 3.0
27 20 0 3.0
190 16 0 2.25
255 1 0 3.0
159 14 0 2.0
136 18 0 3.0
72 12 0 2.0
23 7 0 3.25
344 14 0 1.75
207 17 0 2.5
18 0 0 2.5
269 16 0 3.0
219 18 0 2.0
2 10 0 3.75
189 1 0 2.0
145 17 0 3.0
93 15 0 3.25
196 7 0 2.5
28 3 0 2.75
11 0 0 2.75
107 0 0 4.0
306 13 0 2.0
246 10 0 4.0
78 17 0 3.25
252 2 0 1.5
96 10 0 1.5
182 12 0 2.25
51 8 0 3.75
64 31 0 2.75
345 12 0 2.0
140 18 0 3.5
206 18 0 3.0
243 17 0 3.25
261 1 0 1.5
195 9 0 3.25
59 26 0 2.25
238 3 0 4.0
33 9 0 4.0
348 7 0 2.5
203 1 0 3.75
56 14 0 1.75
320 5 0 3.75
172 19 0 3.5
171 10 0 3.5
238 18 0 1.75
256 20 0 2.5
105 16 0 3.25
122 11 0 3.25
145 5 0 2.75
239 19 0 2.5
216 19 0 3.75
64 4 0 4.0
227 12 0 3.75
126 17 0 3.5
46 6 0 3.25
299 16 0 3.0
139 12 0 3.75
230 34 0 3.0
18 1 0 3.75
264 5 0 2.5
343 3 0 4.0
71 4 0 1.5
18 2 0 1.5
352 13 0 3.25
213 17 0 4.0
250 7 0 1.5
27 1 0 3.0
241 9 0 4.0
343 2 0 3.5
301 11 0 3.5
198 3 0 4.0
20 11 0 2.5
240 20 0 3.5
279 16 0 4.0
250 17 0 2.75
259 30 0 3.0
56 1 0 1.5
303 13 0 1.5
4 0 0 3.75
287 9 0 1.75
249 31 0 3.5
290 8 0 3.0
339 15 0 2.0
111 6 0 2.75
338 0 0 2.75
10 5 0 3.25
23 18 0 1.5
56 8 0 2.25
38 63 0 3.0
160 15 0 2.25
238 10 0 3.5
112 20 0 3.5
235 20 0 2.75
90 23 0 2.0
15 19 0 2.25
232 14 0 3.75
155 6 0 2.5
281 18 0 2.25
344 2 0 3.0
326 10 0 3.25
223 20 0 2.75
337 4 0 3.25
108 0 0 2.0
121 9 0 2.25
189 14 0 1.75
304 20 0 1.75
231 19 0 3.0
354 16 0 2.75
133 19 0 1.75
20 9 0 3.0
82 9 0 1.5
218 0 0 3.25
291 6 0 3.75
324 24 0 3.75
259 10 0 2.75
65 18 0 1.5
229 18 0 2.0
35 6 0 1.5
237 3 0 2.5
66 8 0 4.0
101 18 0 3.25
270 1 0 3.0
105 15 0 2.5
22 17 0 2.25
55 10 0 3.25
10 19 0 2.25
167 10 0 3.75
30 18 0 3.0
183 4 0 2.75
105 47 0 3.0
325 14 0 3.0
117 17 0 2.75
105 14 0 2.0
118 3 0 2.0
87 1 0 3.75
139 14 0 2.25
137 2 0 2.25
19 4 0 3.5
62 11 0 3.5
266 0 0 2.0
240 9 0 2.25
121 10 0 2.75
35 3 0 1.75
0 17 0 2.5
192 6 0 3.25
187 11 0 2.5
117 0 0 3.75
149 6 0 3.75
276 12 0 3.0
295 15 0 2.5
179 9 0 3.25
255 18 0 3.0
48 16 0 3.75
189 11 0 4.0
237 40 0 2.5
341 30 0 3.5
267 19 0 1.75
190 15 0 3.5
262 15 0 1.5
296 19 0 3.25
304 9 0 1.75
98 16 0 2.0
198 35 0 2.25
324 9 0 3.75
351 12 0 3.5
192 0 0 2.5
168 1 0 2.75
91 18 0 2.5
284 2 0 1.5
321 35 0 1.5
288 12 0 3.0
155 7 0 3.0
47 19 0 2.25
282 1 0 2.75
185 14 0 3.0
98 14 0 3.5
175 16 0 4.0
17 9 0 3.0
21 20 0 3.5
94 5 0 3.25
241 20 0 3.0
0 16 0 3.5
42 10 0 3.5
123 2 0 2.0
66 5 0 3.5
116 44 0 3.75
316 12 0 2.75
189 59 0 2.25
113 8 0 3.0
129 0 0 3.5
20 8 0 3.25
144 0 0 1.75
163 9 0 4.0
93 10 0 2.0
317 15 0 1.5
321 8 0 1.5
122 48 0 4.0
213 2 0 2.0
104 33 0 1.75
273 6 0 2.25
354 19 0 3.5
189 19 0 2.25
291 8 0 3.5
5 63 0 2.0
51 11 0 3.25
3 11 0 1.5
224 3 0 3.25
324 20 0 2.0
156 11 0 3.0
114 36 0 1.75
113 14 0 4.0
41 8 0 2.0
320 29 0 3.0
352 20 0 1.5
161 2 0 2.5
122 3 0 2.0
64 8 0 2.5
131 41 0 1.5
121 14 0 3.25
178 6 0 3.5
71 13 0 2.75
251 3 0 3.5
214 18 0 3.25
332 28 0 3.75
199 20 0 2.25
266 6 0 3.0
155 80 0 2.5
36 8 0 2.25
113 6 0 3.5
290 12 0 1.5
39 18 0 1.5
351 51 0 1.5
350 16 0 3.25
184 0 0 2.25
343 6 0 3.0
71 12 0 3.75
274 0 0 2.25
266 17 0 3.75
282 37 0 2.0
218 1 0 2.5
117 15 0 2.75
35 5 0 4.0
330 6 0 3.5
333 9 0 1.5
111 16 0 3.25
31 19 0 2.75
217 17 0 1.75
216 20 0 2.25
196 15 0 2.75
318 1 0 2.25
257 10 0 2.5
272 1 0 2.0
126 1 0 3.0
146 8 0 3.5
245 8 0 1.5
54 14 0 2.75
252 3 0 3.5
216 16 0 3.0
53 6 0 2.0
7 5 0 2.75
31 3 0 2.5
118 19 0 3.5
325 14 0 1.75
304 3 0 1.75
179 18 0 1.75
185 38 0 3.5
299 6 0 3.0
221 6 0 2.5
248 0 0 1.75
303 13 0 3.75
124 16 0 1.5
302 9 0 2.75
185 7 0 3.75
94 12 0 3.25
22 9 0 2.25
256 11 0 2.0
1 15 0 2.25
197 20 0 3.75
71 10 0 2.75
41 27 0 1.5
7 18 0 2.0
120 5 0 4.0
264 11 0 1.75
310 10 0 3.0
216 17 0 3.25
13 18 0 3.0
316 16 0 2.25
285 6 0 2.25
132 29 0 4.0
151 20 0 2.5
355 7 0 3.0
50 14 0 4.0
65 18 0 2.0
200 15 0 2.75
245 6 0 2.25
279 5 0 1.5
219 19 0 2.0
106 19 0 2.5
246 13 0 1.75
288 6 0 1.75
322 9 0 1.5
227 1 0 1.5
359 8 0 3.25
200 6 0 3.75
241 20 0 2.75
266 5 0 3.0
256 13 0 2.0
125 8 0 2.5
213 15 0 3.5
7 2 0 4.0
302 37 0 3.5
228 9 0 1.75
90 17 0 2.75
246 17 0 3.5
221 4 0 2.25
159 15 0 1.75
177 13 0 1.5
288 10 0 2.25
81 17 0 2.0
248 9 0 2.25
48 1 0 2.0
20 7 0 3.5
91 11 0 3.75
70 26 0 3.25
2 19 0 3.0
298 7 0 2.5
213 15 0 2.5
228 10 0 2.25
307 16 0 2.5
263 0 0 2.0
335 19 0 3.75
67 5 0 1.5
76 5 0 1.5
200 16 0 3.25
8 12 0 1.5
75 14 0 3.25
194 16 0 3.75
297 7 0 3.75
162 8 0 3.25
50 16 0 3.5
296 5 0 2.75
98 46 0 3.25
255 19 0 2.5
105 3 0 1.75
251 1 0 2.0
83 0 0 2.75
272 11 0 3.5
130 4 0 2.75
24 10 0 3.5
268 1 0 1.5
113 0 0 3.5
85 10 0 3.5
87 55 0 3.5
31 44 0 3.25
109 18 0 3.25
99 9 0 4.0
104 15 0 1.75
257 11 0 2.5
126 17 0 2.75
151 16 0 2.75
265 17 0 3.0
326 47 0 2.0
172 5 0 3.75
19 20 0 3.0
318 48 0 2.0
358 1 0 1.5
247 0 0 1.75
182 17 0 2.75
243 18 0 1.5
224 9 0 3.0
342 0 0 3.25
108 3 0 2.5
232 13 0 3.0
252 3 0 3.75
111 5 0 1.5
229 14 0 4.0
80 14 0 1.5
283 0 0 1.75
210 0 0 1.5
156 30 0 2.5
356 20 0 3.75
346 6 0 3.75
124 7 0 1.5
100 5 0 1.5
200 14 0 2.0
344 2 0 2.0
317 4 0 2.75
208 2 0 2.25
34 13 0 3.5
22 15 0 1.75
197 1 0 2.0
100 3 0 2.5
348 13 0 3.5
297 18 0 3.25
245 4 0 2.0
78 16 0 3.75
93 0 0 1.5
80 16 0 2.25
154 17 0 3.0
265 10 0 2.5
214 17 0 2.5
272 6 0 3.0
44 18 0 1.5
315 11 0 3.5
220 8 0 2.5
256 13 0 3.5
266 13 0 3.25
94 6 0 3.75
34 12 0 4.0
256 1 0 3.75
312 1 0 2.0
20 17 0 2.0
257 14 0 2.5
68 5 0 1.75
252 4 0 3.5
208 2 0 1.5
134 33 0 1.75
303 9 0 2.0
221 1 0 1.75
68 11 0 2.75
150 2 0 2.5
305 77 0 2.75
154 3 0 4.0
253 5 0 2.0
177 16 0 1.75
96 10 0 2.75
182 5 0 3.75
354 13 0 2.5
92 1 0 2.25
350 16 0 2.0
99 46 0 1.75
202 9 0 4.0
123 8 0 1.5
257 18 0 3.0
61 6 0 2.25
166 3 0 2.5
211 13 0 4.0
244 20 0 2.5
73 9 0 2.75
223 28 0 2.25
294 10 0 3.25
172 15 0 2.5
68 10 0 3.75
112 7 0 3.0
100 4 0 1.5
151 5 0 3.5
81 49 0 2.75
259 0 0 3.0
293 12 0 3.25
85 38 0 2.75
159 6 0 4.0
338 1 0 2.0
72 1 0 4.0
112 0 0 3.75
151 10 0 3.75
221 1 0 3.0
188 11 0 2.0
75 12 0 2.0
124 17 0 3.75
107 20 0 2.5
125 20 0 3.5
68 27 0 3.25
258 16 0 3.25
87 1 0 2.0
50 7 0 4.0
284 12 0 3.25
344 19 0 2.5
273 1 0 4.0
17 0 0 3.25
48 4 0 2.0
97 10 0 2.5
85 15 0 2.75
311 6 0 1.5
63 7 0 3.75
276 5 0 2.75
6 2 0 3.0
73 7 0 2.75
144 13 0 2.25
164 16 0 1.5
328 9 0 4.0
132 3 0 3.0
298 8 0 3.25
340 13 0 2.75
42 4 0 4.0
13 18 0 1.5
58 13 0 1.5
281 15 0 2.75
1 18 0 2.5
236 0 0 3.0
219 13 0 4.0
335 18 0 3.0
179 18 0 2.0
321 18 0 2.0
30 4 0 3.75
261 12 0 2.0
3 4 0 2.75
343 5 0 3.0
249 19 0 2.25
256 14 0 4.0
115 12 0 3.75
47 4 0 1.75
259 15 0 3.75
37 17 0 2.75
352 7 0 1.75
315 6 0 3.75
132 6 0 1.5
349 15 0 3.5
73 14 0 3.25
64 7 0 1.75
301 14 0 2.25
96 9 0 2.25
83 17 0 1.75
18 6 0 2.0
101 15 0 3.0
42 8 0 1.75
62 13 0 3.5
64 7 0 2.75
342 13 0 1.75
138 7 0 1.5
93 0 0 3.5
71 2 0 4.0
352 1 0 1.5
152 16 0 2.75
81 7 0 2.25
50 12 0 3.75
188 7 0 2.0
24 18 0 2.25
330 8 0 1.5
76 0 0 2.0
301 3 0 1.75
181 56 0 1.5
193 0 0 2.75
230 12 0 2.5
322 12 0 1.75
17 44 0 3.75
98 34 0 1.5
218 7 0 2.5
24 13 0 2.25
157 3 0 2.75
255 16 0 1.75
350 66 0 1.5
184 17 0 2.0
25 7 0 1.5
120 9 0 3.25
173 58 0 3.25
110 7 0 3.25
225 13 0 2.0
246 0 0 3.5
223 73 0 1.5
46 7 0 1.5
237 16 0 1.75
307 30 0 2.75
150 12 0 2.75
1 5 0 2.75
14 9 0 1.5
206 14 0 3.75
31 8 0 3.75
329 14 0 2.0
265 16 0 2.0
359 16 0 4.0
224 15 0 3.75
314 14 0 2.75
274 4 0 3.0
30 1 0 1.75
145 2 0 2.0
207 14 0 2.75
49 7 0 3.25
144 28 0 2.5
240 3 0 2.0
24 14 0 3.25
155 62 0 3.25
349 20 0 1.5
92 35 0 1.75
19 6 0 3.5
310 14 0 4.0
202 19 0 1.75
194 12 0 4.0
326 18 0 2.25
90 17 0 1.75
121 16 0 2.0
347 6 0 2.5
306 9 0 2.0
355 19 0 3.0
172 11 0 1.5
7 32 0 2.0
262 17 0 2.25
1 14 0 3.25
74 10 0 3.5
19 19 0 2.75
153 15 0 2.25
133 18 0 3.0
358 9 0 3.75
321 13 0 2.0
294 50 0 3.25
179 4 0 3.75
343 20 0 3.75
254 20 0 1.75
189 0 0 3.0
203 5 0 2.5
257 18 0 1.75
10 3 0 1.5
15 17 0 2.0
163 21 0 1.75
177 19 0 2.5
332 4 0 2.75
37 15 0 3.25
32 51 0 3.5
95 14 0 2.25
324 14 0 1.5
238 12 0 3.75
106 13 0 2.25
263 20 0 3.0
55 8 0 1.75
184 3 0 2.0
302 48 0 3.0
251 12 0 3.5
213 17 0 2.0
1 3 0 3.0
272 10 0 2.5
273 3 0 3.75
154 9 0 2.5
151 0 0 2.75
221 19 0 3.0
17 15 0 4.0
175 16 0 2.5
31 7 0 1.5
172 1 0 3.75
42 14 0 4.0
341 21 0 1.5
336 7 0 2.25
292 41 0 3.5
263 7 0 2.0
42 54 0 1.5
195 10 0 1.75
78 9 0 2.75
288 2 0 3.75
223 5 0 3.0
37 27 0 1.75
152 15 0 3.5
106 5 0 3.75
22 10 0 1.75
116 6 0 3.25
219 9 0 3.75
142 1 0 3.0
301 32 0 3.5
162 6 0 1.75
67 18 0 3.0
319 7 0 4.0
86 5 0 1.5
81 2 0 3.5
356 20 0 4.0
251 20 0 3.0
321 2 0 3.0
261 10 0 1.5
160 14 0 3.0
312 52 0 2.0
10 13 0 3.5
167 19 0 1.75
315 10 0 4.0
225 11 0 2.25
155 6 0 2.75
268 11 0 3.5
253 11 0 3.0
89 8 0 2.75
247 51 0 1.75
81 15 0 2.25
105 13 0 3.5
303 11 0 2.25
90 20 0 3.0
242 4 0 3.25
296 16 0 2.0
274 5 0 2.5
242 11 0 3.5
306 5 0 2.25
61 20 0 3.75
18 69 0 3.75
174 3 0 2.75
197 18 0 2.5
353 2 0 1.5
156 10 0 2.5
190 20 0 3.5
217 14 0 4.0
79 2 0 3.75
268 7 0 1.75
256 16 0 3.5
225 47 0 2.0
299 6 0 2.5
258 4 0 3.5
106 56 0 2.75
165 12 0 3.0
313 6 0 2.75
163 62 0 3.0
315 4 0 1.75
118 6 0 1.5
294 12 0 3.5
117 9 0 1.75
232 25 0 4.0
234 54 0 4.0
224 5 0 2.0
112 45 0 4.0
328 8 0 2.0
44 11 0 4.0
204 27 0 1.5
144 12 0 2.5
119 19 0 2.25
218 5 0 1.5
153 4 0 1.75
296 8 0 3.5
30 3 0 2.0
31 14 0 3.5
8 10 0 1.5
183 12 0 2.25
49 20 0 4.0
172 11 0 2.75
65 0 0 2.75
344 3 0 2.5
263 10 0 3.0
92 17 0 3.75
349 13 0 3.75
168 3 0 1.5
326 16 0 2.25
174 10 0 1.75
314 13 0 3.75
306 16 0 3.75
206 9 0 2.0
128 4 0 1.5
21 19 0 3.5
252 2 0 3.25
298 15 0 4.0
282 6 0 2.5
49 7 0 1.5
256 2 0 2.0
81 36 0 2.25
309 13 0 3.75
157 10 0 2.0
66 11 0 3.75
153 5 0 3.25
289 1 0 2.5
262 48 0 3.75
10 13 0 3.75
84 8 0 2.0
332 12 0 3.0
8 6 0 2.25
18 5 0 4.0
232 11 0 3.25
31 7 0 4.0
207 6 0 3.0
116 15 0 2.25
268 20 0 2.75
302 5 0 2.25
186 3 0 2.5
163 37 0 4.0
337 19 0 3.25
90 4 0 1.75
354 17 0 3.75
55 12 0 3.5
304 10 0 3.0
81 16 0 4.0
311 17 0 2.75
314 16 0 2.75
140 0 0 1.5
37 8 0 1.5
50 3 0 2.75
159 19 0 3.0
121 7 0 3.25
81 0 0 3.75
182 9 0 3.0
135 24 0 3.75
112 5 0 2.5
204 4 0 3.5
169 18 0 2.5
294 3 0 1.5
184 11 0 2.0
200 14 0 1.5
196 4 0 1.5
22 19 0 2.5
162 19 0 3.5
228 5 0 1.75
279 19 0 1.5
153 3 0 3.0
287 16 0 3.75
173 18 0 2.5
213 8 0 1.5
5 16 0 2.5
208 20 0 2.0
103 6 0 4.0
336 9 0 1.5
283 10 0 2.25
228 8 0 3.25
182 11 0 2.75
142 19 0 3.0
85 2 0 2.0
15 6 0 1.75
225 28 0 3.5
249 9 0 1.75
204 17 0 3.0
292 6 0 1.5
124 17 0 3.5
165 9 0 2.25
14 4 0 1.75
331 6 0 2.0
340 1 0 2.5
80 10 0 3.75
308 16 0 2.75
88 14 0 3.25
278 6 0 2.5
37 6 0 2.5
119 4 0 4.0
39 7 0 3.25
323 11 0 2.0
208 11 0 3.75
350 13 0 2.25
268 17 0 1.75
127 6 0 2.75
279 19 0 2.0
51 19 0 3.5
36 9 0 1.75
187 17 0 1.5
72 20 0 2.75
199 11 0 1.5
334 10 0 2.75
89 4 0 1.5
85 8 0 2.0
338 75 0 1.5
233 8 0 3.25
13 3 0 3.25
343 8 0 2.5
151 9 0 2.0
288 19 0 4.0
296 56 0 3.0
85 12 0 2.5
93 9 0 3.0
24 19 0 3.25
185 13 0 1.75
191 8 0 1.75
274 5 0 3.0
181 11 0 2.5
325 8 0 3.0
310 2 0 2.25
159 12 0 3.75
92 1 0 3.75
342 11 0 1.5
34 1 0 1.5
320 0 0 4.0
204 17 0 3.75
332 8 0 2.5
99 6 0 2.0
353 30 0 4.0
194 12 0 2.25
272 19 0 3.0
27 15 0 3.0
112 9 0 2.5
157 17 0 3.0
169 19 0 2.75
87 8 0 2.25
312 0 0 2.0
175 5 0 3.5
146 11 0 2.25
267 9 0 3.25
218 5 0 2.5
184 2 0 2.0
33 7 0 1.75
173 16 0 1.75
130 31 0 1.5
142 7 0 3.75
221 58 0 2.5
155 19 0 3.25
164 3 0 1.5
36 8 0 1.5
165 3 0 3.75
347 26 0 3.0
37 3 0 2.0
160 20 0 3.5
92 8 0 2.75
16 12 0 3.25
353 8 0 4.0
172 15 0 3.5
136 14 0 1.5
44 8 0 2.0
238 11 0 1.5
216 5 0 2.75
200 5 0 2.75
70 11 0 1.75
101 5 0 2.75
345 5 0 2.25
343 28 0 1.5
145 12 0 4.0
216 15 0 1.5
330 16 0 4.0
315 4 0 1.5
295 6 0 3.0
254 15 0 3.75
158 20 0 2.25
358 18 0 3.25
282 7 0 2.0
34 5 0 2.75
238 10 0 2.5
208 14 0 2.0
30 17 0 2.75
204 4 0 4.0
327 40 0 2.75
105 1 0 2.5
72 67 0 2.25
15 9 0 1.75
281 9 0 2.0
253 5 0 3.5
4 14 0 3.0
344 52 0 1.5
261 6 0 1.5
31 16 0 3.25
250 17 0 1.5
223 1 0 4.0
100 12 0 3.25
34 10 0 3.75
38 10 0 2.5
80 16 0 2.75
218 6 0 2.75
8 60 0 3.0
122 3 0 3.75
268 7 0 2.5
189 3 0 2.75
303 9 0 2.75
26 5 0 3.5
344 12 0 3.25
148 4 0 2.75
23 0 0 2.75
37 4 0 3.5
329 17 0 3.5
96 19 0 3.5
120 1 0 2.5
195 10 0 3.5
143 17 0 2.5
218 7 0 2.75
147 4 0 3.75
240 9 0 4.0
280 5 0 4.0
183 2 0 2.0
317 0 0 3.25
71 19 0 3.25
322 3 0 3.0
62 5 0 3.75
256 53 0 2.25
239 9 0 3.5
73 12 0 3.5
350 8 0 3.25
262 4 0 1.75
131 18 0 1.5
221 2 0 3.5
66 4 0 3.0
137 7 0 3.0
68 6 0 1.75
218 20 0 3.5
355 5 0 2.0
181 12 0 2.5
2 56 0 1.5
290 21 0 3.75
161 20 0 2.25
259 37 0 3.0
31 1 0 4.0
58 19 0 1.5
322 4 0 2.5
298 11 0 3.75
150 20 0 2.25
94 13 0 4.0
154 1 0 1.5
305 15 0 4.0
351 33 0 3.25
93 5 0 3.5
321 12 0 1.75
31 19 0 4.0
169 6 0 2.5
61 3 0 2.0
151 20 0 3.25
118 19 0 3.25
62 6 0 2.5
261 19 0 3.0
126 0 0 1.5
42 44 0 3.25
115 9 0 1.75
139 14 0 2.75
317 2 0 3.5
352 3 0 3.5
313 16 0 1.75
218 16 0 3.5
80 5 0 2.0
201 2 0 4.0
121 5 0 2.5
171 7 0 2.0
257 13 0 3.5
307 32 0 3.5
80 0 0 3.25
253 16 0 3.5
128 0 0 3.75
6 6 0 1.75
156 11 0 3.5
140 2 0 2.5
116 0 0 4.0
237 11 0 3.0
227 5 0 1.5
244 9 0 2.25
172 17 0 3.5
60 7 0 1.75
192 6 0 2.25
40 1 0 3.0
96 13 0 1.5
103 2 0 2.0
23 5 0 3.75
116 6 0 3.0
278 45 0 1.5
275 8 0 2.5
78 13 0 2.5
354 6 0 3.0
311 3 0 1.5
247 20 0 4.0
271 0 0 2.25
187 15 0 1.75
293 70 0 2.5
106 4 0 4.0
234 10 0 3.75
269 3 0 2.5
260 16 0 3.75
14 24 0 2.25
61 7 0 4.0
319 5 0 2.0
229 16 0 2.75
167 4 0 2.0
53 12 0 2.5
14 12 0 1.5
317 8 0 2.75
191 6 0 2.5
282 2 0 2.75
43 17 0 3.25
199 8 0 1.75
331 15 0 2.25
199 20 0 3.75
4 15 0 2.0
317 1 0 3.5
97 0 0 2.25
206 3 0 2.0
356 20 0 2.25
334 52 0 1.5
191 13 0 1.5
6 13 0 2.0
118 5 0 4.0
223 3 0 1.5
318 14 0 3.75
332 0 0 2.75
265 8 0 3.25
69 11 0 2.5
285 9 0 3.25
138 8 0 2.75
236 18 0 1.75
335 0 0 2.75
303 19 0 3.0
163 5 0 2.0
15 2 0 2.0
280 20 0 2.75
323 17 0 3.25
284 18 0 3.5
123 18 0 1.75
29 8 0 2.75
321 18 0 3.5
10 4 0 3.75
316 13 0 3.75
304 24 0 2.0
52 55 0 1.75
310 11 0 3.5
217 15 0 3.0
47 16 0 3.75
273 17 0 2.75
71 14 0 1.75
88 57 0 4.0
167 59 0 2.25
197 15 0 2.0
207 9 0 3.25
246 1 0 3.75
141 4 0 3.5
34 7 0 2.75
258 7 0 1.5
248 18 0 4.0
162 4 0 3.0
176 19 0 4.0
76 3 0 1.75
134 11 0 2.25
14 7 0 2.5
151 7 0 2.25
0 15 0 2.5
174 19 0 1.5
29 17 0 3.0
57 19 0 1.75
88 18 0 1.5
234 15 0 4.0
35 0 0 4.0
278 0 0 2.0
260 3 0 1.75
166 2 0 3.0
103 8 0 1.75
291 11 0 2.5
338 2 0 3.0
187 14 0 3.25
78 11 0 1.75
39 18 0 4.0
122 76 0 2.25
55 13 0 1.75
42 18 0 1.75
123 8 0 3.75
172 12 0 1.5
80 15 0 2.5
209 44 0 1.75
251 3 0 2.25
234 10 0 1.75
156 16 0 3.25
99 4 0 2.75
328 8 0 3.75
156 7 0 1.5
227 6 0 3.25
254 0 0 3.25
61 1 0 4.0
202 14 0 1.75
100 38 0 3.5
35 12 0 2.75
141 6 0 3.25
276 2 0 3.25
6 0 0 3.75
305 15 0 3.75
59 18 0 3.75
151 2 0 2.0
355 2 0 2.75
48 9 0 2.25
14 13 0 2.0
12 0 0 2.75
304 7 0 4.0
303 7 0 2.25
255 17 0 3.0
176 2 0 3.0
193 0 0 2.25
78 12 0 2.0
192 29 0 3.75
226 17 0 2.75
343 1 0 2.0
202 13 0 2.0
351 1 0 2.0
277 59 0 3.0
281 3 0 2.75
234 3 0 3.75
273 13 0 2.75
27 2 0 4.0
98 0 0 2.0
239 6 0 3.5
188 0 0 2.75
99 9 0 2.75
199 41 0 2.25
350 3 0 4.0
180 17 0 3.0
41 16 0 3.5
154 8 0 2.5
109 14 0 4.0
218 64 0 3.5
324 5 0 1.75
9 6 0 2.75
125 15 0 4.0
257 16 0 2.0
314 12 0 1.75
208 20 0 3.0
140 11 0 2.5
104 2 0 3.0
157 9 0 2.5
7 9 0 2.5
46 7 0 2.5
113 14 0 2.25
229 6 0 2.75
187 15 0 2.0
55 15 0 4.0
182 1 0 2.75
186 20 0 3.25
71 5 0 4.0
175 36 0 2.5
55 6 0 2.5
358 18 0 2.25
288 8 0 3.5
289 6 0 3.5
334 5 0 2.0
96 8 0 1.5
1 15 0 1.5
93 20 0 2.0
76 16 0 3.0
99 25 0 2.75
227 10 0 4.0
130 6 0 3.25
234 0 0 2.25
112 29 0 3.75
91 13 0 1.5
58 6 0 2.5
304 6 0 3.5
143 14 0 3.5
339 5 0 2.75
29 29 0 1.75
216 20 0 3.75
266 20 0 3.0
285 18 0 2.25
253 11 0 1.75
294 16 0 3.0
248 18 0 3.5
344 19 0 1.5
198 13 0 1.5
159 5 0 1.5
57 12 0 3.25
254 3 0 3.25
79 13 0 4.0
9 8 0 3.5
225 39 0 3.0
104 10 0 2.5
50 12 0 3.5
283 17 0 2.75
13 2 0 2.0
265 15 0 1.75
77 31 0 3.0
132 3 0 3.5
273 10 0 2.0
204 4 0 3.0
81 12 0 3.0
196 14 0 3.0
190 12 0 3.5
103 4 0 3.5
201 16 0 2.75
200 17 0 2.75
0 3 0 2.5
17 4 0 1.75
202 16 0 3.5
152 0 0 4.0
321 3 0 2.25
176 7 0 1.5
201 10 0 2.25
315 6 0 3.0
55 19 0 2.25
223 40 0 2.25
233 10 0 3.25
340 2 0 3.75
262 9 0 3.75
114 8 0 3.25
190 12 0 2.5
86 11 0 2.0
117 13 0 3.25
248 12 0 4.0
186 16 0 2.0
100 49 0 2.25
305 7 0 2.25
72 18 0 2.25
106 19 0 2.25
316 14 0 2.5
301 6 0 3.5
338 26 0 3.0
59 55 0 3.0
20 57 0 2.75
98 13 0 3.25
325 7 0 2.75
46 8 0 4.0
44 14 0 3.0
198 15 0 4.0
243 5 0 3.25
18 5 0 3.5
221 11 0 3.25
224 14 0 2.5
91 9 0 1.5
94 18 0 2.5
118 11 0 2.25
134 20 0 4.0
32 6 0 3.5
46 1 0 2.75
168 9 0 3.5
123 2 0 2.25
265 3 0 2.25
77 20 0 3.25
63 12 0 1.75
67 13 0 2.0
299 2 0 1.75
197 19 0 2.25
