119 36 0 3.0
67 2 0 3.0
87 16 0 2.75
277 28 0 3.0
168 13 0 3.0
130 30 0 3.0
144 50 0 3.5
149 17 0 1.75
260 28 0 3.5
346 25 0 3.25
144 2 0 2.5
1 25 0 3.5
251 24 0 3.5
37 4 0 1.5
309 26 0 2.0
18 29 0 2.75
335 5 0 4.0
272 61 0 2.75
156 11 0 2.0
125 -4 0 2.75
141 13 0 3.0
310 20 0 4.0
91 17 0 2.75
276 10 0 2.5
91 24 0 2.5
337 14 0 3.5
40 27 0 2.25
67 4 0 2.25
147 4 0 1.5
148 16 0 2.25
336 -38 0 2.25
37 21 0 3.0
307 24 0 1.75
100 10 0 4.0
318 23 0 1.75
185 5 0 3.75
221 -47 0 4.0
17 5 0 2.0
202 30 0 2.5
257 8 0 2.25
172 11 0 1.5
174 0 0 3.75
326 9 0 3.25
201 19 0 2.75
279 -31 0 2.0
312 14 0 2.0
178 8 0 4.0
198 16 0 3.25
68 1 0 3.5
58 19 0 4.0
300 7 0 2.75
156 5 0 2.75
98 74 0 4.0
158 19 0 2.5
227 30 0 1.75
294 10 0 3.25
274 24 0 1.75
209 24 0 1.75
180 2 0 3.5
257 23 0 3.25
76 28 0 3.25
278 -30 0 1.5
286 22 0 1.75
187 16 0 1.75
306 10 0 3.75
346 -24 0 3.75
4 14 0 4.0
255 16 0 2.25
232 22 0 2.0
311 1 0 3.5
271 54 0 3.0
81 13 0 3.75
181 9 0 2.0
137 12 0 3.5
153 10 0 1.5
259 14 0 3.75
325 -9 0 4.0
22 20 0 3.25
251 12 0 2.75
358 11 0 3.5
203 -41 0 3.75
152 19 0 2.5
100 11 0 2.75
129 9 0 1.5
168 19 0 3.5
86 12 0 3.5
152 22 0 3.75
265 26 0 2.5
267 29 0 2.5
10 18 0 2.75
156 6 0 1.5
267 3 0 3.75
175 -46 0 1.5
118 63 0 3.75
338 11 0 2.75
11 12 0 3.5
51 18 0 1.5
280 49 0 2.0
154 0 0 3.75
333 5 0 2.75
120 11 0 3.0
85 17 0 3.75
48 13 0 1.5
43 0 0 3.0
317 12 0 2.75
206 20 0 3.5
87 29 0 2.5
12 21 0 1.75
359 0 0 2.25
296 17 0 3.5
22 14 0 2.0
320 27 0 4.0
233 10 0 2.0
17 19 0 2.25
36 15 0 3.5
169 -23 0 2.0
76 8 0 3.75
353 -8 0 3.25
42 10 0 1.5
0 16 0 3.0
14 3 0 3.75
294 29 0 3.25
20 19 0 3.25
6 21 0 2.25
177 14 0 1.5
37 4 0 2.75
290 4 0 4.0
47 9 0 2.25
150 22 0 3.5
109 8 0 2.25
302 29 0 3.0
38 29 0 3.25
57 23 0 3.75
173 14 0 3.5
183 13 0 3.0
310 -6 0 1.5
197 8 0 2.25
359 8 0 3.75
310 1 0 3.25
91 18 0 3.5
152 5 0 2.5
253 29 0 3.5
293 20 0 1.5
118 28 0 1.75
122 7 0 3.5
83 1 0 3.5
319 5 0 3.25
165 25 0 1.5
239 10 0 1.75
208 -20 0 2.5
321 18 0 1.5
308 2 0 3.5
249 12 0 1.5
279 -27 0 3.0
188 27 0 2.75
0 18 0 2.25
83 48 0 2.5
181 23 0 1.75
99 28 0 3.5
182 18 0 2.75
272 29 0 3.0
31 18 0 1.75
342 26 0 4.0
192 -27 0 2.75
194 14 0 2.25
177 26 0 1.75
197 24 0 1.5
194 0 0 2.0
17 76 0 2.5
249 22 0 3.75
23 -23 0 2.25
315 16 0 2.75
282 29 0 2.5
26 3 0 2.75
308 12 0 4.0
238 20 0 1.75
333 20 0 1.75
304 23 0 3.75
80 18 0 3.25
66 -19 0 3.0
31 1 0 2.0
9 12 0 1.5
284 29 0 3.75
181 -13 0 2.5
140 34 0 2.75
68 -4 0 4.0
101 24 0 3.0
36 13 0 2.0
158 17 0 2.0
295 0 0 3.5
75 18 0 3.75
286 20 0 3.0
166 -22 0 2.0
316 13 0 4.0
163 26 0 2.5
152 13 0 3.0
353 10 0 2.25
63 20 0 1.75
304 39 0 2.5
6 14 0 2.25
233 56 0 2.0
217 14 0 2.25
162 -35 0 2.5
9 22 0 2.5
256 8 0 1.75
298 22 0 2.5
357 4 0 2.0
186 27 0 2.5
181 60 0 1.75
223 21 0 2.0
134 12 0 2.75
36 15 0 3.0
182 1 0 2.25
93 16 0 3.25
153 4 0 3.25
331 19 0 3.0
17 5 0 3.5
154 9 0 3.75
330 30 0 1.75
61 -20 0 3.0
348 16 0 2.5
88 30 0 3.5
266 28 0 2.0
113 -3 0 3.5
352 9 0 3.25
199 7 0 2.5
54 1 0 3.0
254 9 0 3.25
194 15 0 3.25
266 47 0 2.0
326 6 0 4.0
11 8 0 2.5
106 5 0 2.75
45 -23 0 2.75
67 20 0 2.0
75 12 0 2.0
265 -8 0 2.25
122 41 0 2.5
39 12 0 3.0
47 20 0 1.75
44 -12 0 3.0
303 27 0 3.0
291 -22 0 3.0
356 14 0 2.75
98 -4 0 1.75
3 2 0 1.5
195 8 0 2.75
179 30 0 2.5
124 17 0 2.0
308 26 0 2.0
223 -15 0 3.5
202 10 0 3.25
216 18 0 2.0
45 25 0 3.5
158 12 0 2.75
292 10 0 2.25
261 1 0 3.75
153 3 0 3.25
57 60 0 3.0
46 6 0 3.75
38 -6 0 4.0
273 14 0 3.75
291 2 0 3.5
269 15 0 2.0
110 17 0 2.75
221 0 0 2.75
345 -20 0 3.5
84 7 0 3.0
355 0 0 4.0
317 5 0 2.25
270 25 0 3.5
194 61 0 3.25
149 20 0 4.0
57 0 0 2.25
186 22 0 3.5
321 58 0 1.75
189 27 0 1.75
183 21 0 2.25
298 11 0 1.75
83 23 0 2.75
167 21 0 3.5
176 8 0 1.5
52 25 0 2.0
285 23 0 3.75
304 6 0 1.75
341 41 0 1.5
28 7 0 3.0
236 19 0 4.0
72 -17 0 3.25
133 1 0 2.75
116 22 0 3.75
18 3 0 1.75
38 8 0 1.5
75 24 0 2.25
23 19 0 2.75
117 11 0 3.75
258 7 0 2.0
153 30 0 3.0
67 21 0 2.75
75 6 0 3.0
345 11 0 2.25
86 4 0 3.75
161 3 0 3.75
121 -2 0 2.5
318 -27 0 3.5
225 29 0 4.0
321 20 0 2.5
110 23 0 3.25
299 13 0 1.5
273 1 0 2.0
131 -12 0 2.0
327 39 0 2.75
261 11 0 3.5
334 25 0 4.0
254 3 0 3.5
1 -49 0 1.5
358 9 0 4.0
13 7 0 2.5
199 9 0 1.5
234 21 0 1.5
278 6 0 2.75
174 20 0 2.75
176 10 0 4.0
309 11 0 3.5
32 25 0 1.5
14 -27 0 2.75
23 -7 0 3.5
345 3 0 1.5
75 24 0 3.0
256 5 0 3.75
353 -30 0 3.75
100 11 0 4.0
61 -14 0 4.0
295 29 0 2.75
150 7 0 2.25
268 25 0 3.75
97 26 0 4.0
112 30 0 2.0
132 -20 0 4.0
304 16 0 2.0
222 -20 0 3.0
190 21 0 1.5
76 12 0 3.25
202 35 0 2.75
112 13 0 2.0
212 -29 0 1.75
59 0 0 2.5
22 14 0 2.5
107 38 0 2.0
303 18 0 3.5
98 19 0 1.75
175 18 0 3.75
271 28 0 1.75
130 11 0 2.5
301 3 0 3.0
292 29 0 3.5
358 25 0 3.5
346 5 0 4.0
115 19 0 2.25
213 16 0 3.0
80 24 0 3.25
326 16 0 1.5
59 -48 0 3.0
94 13 0 1.5
168 5 0 1.5
5 7 0 2.25
68 26 0 1.5
56 16 0 4.0
80 5 0 1.5
7 75 0 2.25
285 3 0 2.25
127 25 0 3.25
243 23 0 2.5
250 0 0 2.5
275 -14 0 1.5
205 15 0 3.75
201 11 0 1.75
212 1 0 2.75
148 14 0 3.0
82 12 0 4.0
19 3 0 1.75
105 14 0 3.5
27 8 0 2.75
77 1 0 4.0
321 16 0 4.0
325 5 0 4.0
106 19 0 1.5
259 -28 0 1.5
29 23 0 4.0
358 30 0 4.0
95 19 0 2.0
233 29 0 2.5
299 16 0 3.0
216 20 0 1.5
243 22 0 2.0
166 19 0 2.25
281 -13 0 3.5
262 -27 0 3.0
134 17 0 2.0
116 7 0 3.75
242 5 0 2.75
121 17 0 3.0
339 9 0 1.5
141 -28 0 2.25
21 7 0 1.5
102 0 0 2.25
193 14 0 2.25
313 18 0 3.5
299 37 0 4.0
256 28 0 1.75
359 10 0 2.5
83 -40 0 1.75
352 30 0 2.75
96 21 0 2.25
20 21 0 3.0
143 2 0 2.75
312 60 0 2.25
147 1 0 2.25
327 8 0 3.75
51 17 0 1.75
65 -8 0 3.25
321 37 0 1.5
328 13 0 3.25
22 16 0 2.5
164 5 0 3.75
25 17 0 1.75
298 18 0 2.75
67 1 0 3.0
299 21 0 3.75
98 15 0 3.75
338 2 0 2.25
134 11 0 3.0
102 -16 0 3.25
84 -27 0 2.75
101 16 0 3.5
285 16 0 3.25
89 18 0 3.5
259 -5 0 3.75
24 22 0 1.75
287 29 0 1.5
37 10 0 3.0
151 1 0 2.75
120 17 0 3.25
241 28 0 3.5
192 70 0 2.0
248 30 0 3.0
88 -30 0 3.0
178 -13 0 3.25
226 11 0 1.75
33 -3 0 3.25
351 23 0 4.0
206 20 0 2.25
222 -9 0 3.75
93 16 0 2.75
153 20 0 2.0
239 24 0 3.5
236 0 0 3.75
47 13 0 3.5
19 11 0 3.25
357 7 0 4.0
30 18 0 2.75
197 12 0 1.75
114 29 0 2.75
45 16 0 1.5
203 5 0 2.25
76 -9 0 3.25
212 29 0 2.5
110 -18 0 3.0
290 30 0 4.0
127 8 0 3.5
289 44 0 2.5
31 28 0 2.25
278 1 0 4.0
217 8 0 2.5
198 16 0 2.75
354 -26 0 3.0
352 16 0 3.0
72 20 0 1.5
282 -18 0 1.75
38 6 0 2.25
214 26 0 1.5
249 1 0 2.75
255 27 0 3.5
266 5 0 3.25
352 -2 0 2.75
356 25 0 2.0
46 16 0 2.75
243 30 0 4.0
125 4 0 2.0
103 15 0 1.5
326 12 0 2.75
18 18 0 1.5
146 3 0 3.75
273 25 0 4.0
135 30 0 3.75
102 75 0 2.25
350 11 0 3.0
42 -28 0 1.75
319 0 0 3.25
199 15 0 3.0
0 4 0 2.0
343 28 0 1.75
4 26 0 1.5
18 30 0 3.75
326 14 0 4.0
308 -50 0 1.5
229 -44 0 2.75
224 26 0 2.5
247 16 0 2.75
68 17 0 2.25
176 23 0 3.0
294 28 0 1.5
163 3 0 4.0
233 -2 0 2.0
166 1 0 4.0
347 -33 0 2.0
33 3 0 3.25
59 6 0 2.0
165 10 0 3.75
6 26 0 3.5
97 -21 0 2.25
140 49 0 2.0
343 1 0 2.0
126 14 0 3.25
102 26 0 1.5
194 8 0 1.5
227 10 0 2.75
212 16 0 3.0
136 27 0 2.25
150 8 0 2.0
80 27 0 1.5
12 19 0 3.25
331 6 0 2.5
263 5 0 1.5
322 20 0 4.0
181 5 0 3.25
50 25 0 1.75
271 78 0 3.25
188 29 0 2.75
259 6 0 3.5
59 28 0 2.5
97 14 0 3.75
190 18 0 3.0
229 21 0 3.25
273 12 0 4.0
3 5 0 3.5
72 22 0 1.75
152 18 0 2.5
206 17 0 2.75
0 19 0 2.5
214 13 0 3.0
218 26 0 1.75
263 5 0 3.0
122 9 0 2.5
169 22 0 1.75
339 14 0 1.5
53 24 0 2.75
127 16 0 3.0
87 1 0 3.75
344 17 0 3.5
47 7 0 2.0
316 13 0 3.75
202 -3 0 2.0
141 25 0 3.25
161 0 0 2.25
141 16 0 2.0
245 11 0 1.5
187 22 0 1.75
332 22 0 3.0
245 27 0 3.5
180 5 0 2.75
161 4 0 3.5
38 29 0 3.75
131 20 0 1.5
24 25 0 3.5
146 25 0 4.0
64 0 0 3.0
27 18 0 3.75
322 26 0 2.5
223 1 0 1.75
318 9 0 2.25
98 23 0 3.25
261 27 0 2.0
45 11 0 2.5
69 24 0 2.75
5 23 0 3.0
215 49 0 2.25
261 18 0 2.25
151 16 0 2.75
9 18 0 3.5
67 6 0 2.25
277 5 0 3.75
136 24 0 2.0
127 7 0 3.5
191 6 0 2.75
3 21 0 1.75
84 8 0 1.75
70 7 0 2.25
265 10 0 3.5
15 25 0 1.75
294 28 0 1.75
284 14 0 4.0
51 5 0 3.5
330 15 0 2.25
141 27 0 4.0
343 12 0 3.25
20 11 0 3.5
110 29 0 3.25
349 23 0 2.25
44 30 0 3.75
184 -20 0 3.25
40 22 0 3.5
2 29 0 1.5
310 26 0 2.75
39 19 0 3.5
152 13 0 2.25
13 57 0 1.5
226 22 0 3.0
179 -45 0 4.0
236 19 0 2.25
6 13 0 1.75
313 22 0 2.5
163 21 0 3.5
258 25 0 3.0
6 12 0 2.0
185 29 0 1.5
218 29 0 2.75
123 -13 0 1.75
338 20 0 3.5
146 6 0 4.0
226 -22 0 2.5
49 1 0 2.0
2 10 0 2.5
18 9 0 2.5
0 30 0 3.5
259 16 0 2.0
273 25 0 2.25
6 27 0 2.75
68 5 0 2.25
102 5 0 4.0
274 17 0 4.0
73 27 0 3.75
351 26 0 2.75
131 15 0 2.75
62 0 0 2.0
165 -42 0 2.0
56 17 0 3.5
317 28 0 1.75
34 5 0 2.25
204 24 0 3.25
47 17 0 3.0
162 -39 0 1.5
297 25 0 4.0
355 14 0 3.0
259 6 0 3.0
212 19 0 2.0
166 -42 0 4.0
71 28 0 3.25
3 15 0 1.5
240 3 0 2.75
229 5 0 2.5
229 18 0 3.25
215 2 0 1.75
174 2 0 3.5
79 5 0 4.0
317 9 0 2.75
265 25 0 3.5
201 30 0 2.5
267 18 0 2.0
97 12 0 1.5
102 21 0 1.75
336 3 0 2.25
247 44 0 3.25
91 -19 0 3.75
342 9 0 3.0
143 30 0 2.75
157 -12 0 1.75
176 28 0 1.75
348 18 0 3.0
5 20 0 3.75
205 12 0 4.0
131 0 0 2.5
297 8 0 3.0
217 1 0 1.75
51 11 0 3.5
270 28 0 3.25
178 21 0 2.75
39 23 0 2.25
164 6 0 3.75
158 -8 0 2.25
205 2 0 3.75
119 2 0 2.0
222 30 0 2.25
120 7 0 3.0
131 3 0 2.25
29 19 0 2.25
197 28 0 4.0
98 67 0 3.0
142 0 0 3.5
63 26 0 2.75
342 5 0 2.75
313 14 0 2.5
130 14 0 3.0
168 4 0 2.25
162 16 0 2.75
358 26 0 4.0
314 26 0 4.0
182 24 0 3.0
264 14 0 2.25
88 29 0 2.5
236 -27 0 2.25
95 51 0 1.75
12 29 0 1.5
224 0 0 2.0
183 4 0 3.0
300 8 0 3.0
287 9 0 2.75
356 30 0 3.0
208 8 0 3.0
0 4 0 3.75
345 0 0 2.75
141 19 0 3.5
339 22 0 2.25
180 7 0 4.0
95 13 0 2.0
158 3 0 1.75
170 9 0 2.75
137 0 0 4.0
84 0 0 3.25
207 39 0 4.0
256 19 0 2.0
280 28 0 1.75
281 -20 0 3.25
159 7 0 3.5
83 13 0 2.75
322 20 0 2.5
58 27 0 2.0
138 16 0 1.75
243 -9 0 1.75
210 -10 0 3.5
7 2 0 3.5
92 14 0 3.75
175 1 0 1.5
83 28 0 1.75
213 12 0 4.0
333 22 0 1.5
299 3 0 2.25
271 -7 0 4.0
178 22 0 3.75
246 17 0 4.0
67 22 0 4.0
217 0 0 3.75
47 78 0 3.0
241 19 0 3.75
350 27 0 1.75
251 20 0 2.0
96 -11 0 2.5
331 16 0 4.0
231 5 0 4.0
66 8 0 3.25
46 29 0 2.5
208 50 0 3.5
253 2 0 2.75
140 22 0 1.75
131 8 0 1.5
228 22 0 3.25
54 28 0 3.5
197 -16 0 3.0
331 18 0 3.0
295 16 0 2.75
359 19 0 1.5
175 -30 0 3.5
182 72 0 3.5
2 5 0 4.0
140 23 0 4.0
89 2 0 4.0
98 3 0 2.75
272 29 0 2.25
154 -2 0 3.25
206 2 0 4.0
52 -16 0 4.0
144 24 0 4.0
131 4 0 2.75
140 20 0 2.5
164 9 0 3.75
213 0 0 4.0
348 16 0 3.0
123 26 0 1.75
279 23 0 3.75
349 9 0 2.75
141 34 0 1.75
261 12 0 4.0
111 19 0 2.5
88 7 0 3.0
307 11 0 3.75
92 30 0 1.75
36 -4 0 2.0
133 23 0 2.5
320 7 0 3.75
314 26 0 3.25
81 6 0 2.25
217 13 0 2.25
14 9 0 2.5
150 7 0 2.0
91 0 0 2.75
12 26 0 2.25
44 18 0 2.5
167 12 0 2.5
133 22 0 2.75
17 23 0 3.75
278 0 0 3.0
190 22 0 1.75
187 8 0 2.5
17 19 0 3.25
350 14 0 3.75
198 24 0 2.75
165 22 0 3.25
299 8 0 2.5
259 16 0 2.5
321 -15 0 3.25
255 31 0 1.5
209 25 0 3.0
11 19 0 2.75
166 37 0 4.0
324 13 0 3.5
138 9 0 2.5
48 72 0 3.75
121 12 0 3.25
260 19 0 4.0
133 22 0 1.5
122 4 0 2.0
181 -18 0 2.25
8 30 0 1.75
2 8 0 1.5
1 12 0 3.75
322 16 0 3.25
98 6 0 2.0
291 5 0 1.75
173 12 0 3.0
201 12 0 2.0
238 24 0 2.75
117 28 0 1.75
221 18 0 3.5
177 -27 0 2.5
77 7 0 2.0
138 29 0 2.25
292 47 0 2.5
104 11 0 3.25
22 11 0 2.75
193 -9 0 3.0
96 10 0 2.25
268 9 0 3.25
152 0 0 3.75
67 27 0 3.5
281 8 0 1.5
39 10 0 3.5
121 -26 0 1.5
258 22 0 3.5
58 0 0 3.25
122 19 0 1.75
54 11 0 3.5
92 -50 0 3.75
92 2 0 1.75
173 1 0 2.25
274 18 0 4.0
144 4 0 2.5
244 26 0 1.75
25 41 0 1.75
294 8 0 2.25
167 24 0 3.75
36 -9 0 1.5
104 6 0 3.25
257 12 0 4.0
342 15 0 3.75
143 -43 0 2.5
168 17 0 2.25
237 27 0 2.25
321 27 0 2.25
355 12 0 3.5
234 9 0 3.0
140 26 0 3.25
137 6 0 3.5
124 8 0 2.25
254 20 0 2.25
105 4 0 3.25
309 10 0 2.5
267 23 0 1.5
252 29 0 3.75
33 28 0 3.25
173 10 0 2.75
136 15 0 2.0
168 9 0 3.5
60 27 0 3.25
152 30 0 1.75
155 15 0 3.0
18 5 0 3.75
57 9 0 4.0
163 30 0 3.0
8 1 0 4.0
224 5 0 1.5
288 38 0 1.5
326 33 0 2.5
180 27 0 2.25
119 19 0 2.25
268 27 0 4.0
105 6 0 1.5
295 -27 0 2.5
17 1 0 1.75
3 7 0 3.0
275 25 0 3.25
88 23 0 3.75
174 15 0 3.5
186 30 0 1.5
323 7 0 3.75
62 6 0 2.5
343 20 0 3.25
278 28 0 3.25
323 1 0 1.75
27 2 0 3.25
252 3 0 3.0
25 26 0 2.25
287 1 0 2.0
305 10 0 3.5
315 11 0 2.5
89 20 0 1.75
309 14 0 3.0
37 5 0 2.75
238 29 0 2.5
268 17 0 3.5
224 11 0 2.25
258 14 0 3.25
354 27 0 1.5
27 18 0 3.25
55 14 0 3.75
257 29 0 3.0
95 14 0 3.75
346 30 0 1.75
20 5 0 1.75
19 27 0 2.5
345 20 0 1.5
61 25 0 1.5
245 16 0 3.75
185 26 0 3.25
266 30 0 3.75
131 17 0 3.5
317 4 0 4.0
225 24 0 2.75
107 18 0 2.0
287 8 0 3.5
263 7 0 3.5
339 18 0 3.5
278 20 0 2.75
84 47 0 2.0
42 16 0 3.25
216 21 0 3.5
8 20 0 1.5
273 -1 0 2.0
91 4 0 2.25
301 7 0 3.0
195 2 0 1.75
9 26 0 3.5
1 10 0 2.0
11 22 0 2.5
191 8 0 2.25
91 12 0 4.0
355 3 0 1.5
15 29 0 3.0
56 24 0 3.5
58 9 0 3.25
14 12 0 3.0
87 28 0 2.25
90 20 0 3.25
246 25 0 2.25
140 3 0 1.75
127 4 0 3.25
321 -2 0 4.0
199 27 0 2.0
356 58 0 3.5
330 0 0 1.5
142 28 0 3.75
213 16 0 1.5
289 4 0 3.25
342 30 0 1.5
345 2 0 2.25
10 2 0 2.75
29 22 0 3.0
336 27 0 2.0
53 19 0 2.25
118 10 0 3.0
98 25 0 3.75
277 0 0 3.75
285 7 0 2.0
147 13 0 2.5
210 17 0 2.0
80 15 0 1.75
331 -12 0 3.25
70 16 0 3.75
202 12 0 3.25
301 13 0 3.5
314 0 0 3.25
232 -4 0 3.5
316 3 0 2.5
309 24 0 3.5
101 1 0 4.0
77 -12 0 2.75
154 28 0 1.5
106 13 0 1.5
34 -12 0 2.0
40 24 0 2.75
146 27 0 3.5
293 30 0 2.5
268 1 0 3.25
147 11 0 3.5
76 11 0 1.75
282 54 0 4.0
58 0 0 1.5
9 2 0 3.5
85 6 0 3.0
241 18 0 3.75
192 1 0 3.5
250 15 0 2.5
259 53 0 2.0
213 -8 0 1.75
314 27 0 2.25
144 -8 0 2.25
140 12 0 2.5
53 12 0 4.0
161 26 0 3.25
141 26 0 2.0
352 15 0 1.5
72 0 0 2.0
33 6 0 2.75
124 21 0 1.5
161 21 0 3.75
232 12 0 3.75
263 10 0 3.75
222 -18 0 2.5
102 60 0 4.0
112 10 0 2.5
55 27 0 2.75
263 28 0 2.25
307 7 0 3.25
56 22 0 2.0
288 4 0 1.5
194 22 0 1.5
146 21 0 2.25
81 21 0 2.75
298 17 0 1.5
265 26 0 2.75
356 12 0 3.0
63 11 0 3.75
233 19 0 2.0
174 28 0 2.25
111 -49 0 2.0
264 23 0 2.5
269 22 0 3.25
101 20 0 3.0
254 20 0 3.5
223 17 0 3.75
60 9 0 1.5
292 7 0 2.5
351 4 0 3.5
6 11 0 1.75
161 25 0 1.75
30 27 0 4.0
218 -6 0 3.25
215 9 0 4.0
353 9 0 2.5
45 13 0 3.25
166 15 0 3.25
218 30 0 1.5
156 25 0 2.0
259 1 0 3.0
57 5 0 2.0
249 22 0 3.5
91 24 0 3.0
163 13 0 1.75
216 0 0 2.25
123 20 0 3.5
171 -5 0 3.75
260 13 0 4.0
175 9 0 2.25
261 7 0 2.25
186 14 0 4.0
71 23 0 3.0
15 0 0 3.5
164 25 0 2.0
105 11 0 3.5
206 26 0 4.0
237 12 0 3.0
198 19 0 4.0
11 -47 0 2.25
50 23 0 2.5
179 9 0 3.5
93 13 0 2.25
75 14 0 2.75
157 -13 0 4.0
180 22 0 3.25
173 -17 0 4.0
277 12 0 2.25
295 40 0 3.75
100 1 0 3.25
101 8 0 3.5
86 18 0 2.75
207 14 0 2.5
116 8 0 2.75
303 0 0 1.5
252 -8 0 3.75
98 17 0 1.75
202 18 0 2.5
197 45 0 4.0
29 20 0 2.5
116 4 0 3.25
4 17 0 3.25
29 18 0 1.5
323 13 0 3.0
85 14 0 3.25
149 7 0 2.25
224 29 0 2.25
310 9 0 2.0
162 -7 0 1.75
251 -13 0 2.25
329 16 0 3.75
219 18 0 3.75
205 1 0 2.5
318 21 0 3.0
315 27 0 3.75
119 30 0 2.5
221 9 0 3.0
156 7 0 2.5
318 3 0 2.25
203 30 0 4.0
322 -2 0 2.75
27 18 0 2.25
215 6 0 1.5
44 -26 0 2.5
99 13 0 2.5
229 20 0 2.5
92 29 0 2.5
179 24 0 1.75
151 25 0 1.5
52 -4 0 2.0
104 26 0 3.5
25 27 0 3.75
56 15 0 2.0
56 2 0 2.25
245 -5 0 1.75
273 -18 0 4.0
201 15 0 3.75
226 7 0 3.0
75 21 0 4.0
137 7 0 4.0
318 19 0 3.75
86 21 0 4.0
183 15 0 2.0
312 75 0 3.25
41 22 0 3.0
74 6 0 2.75
206 25 0 1.5
170 2 0 2.0
202 16 0 2.0
296 13 0 4.0
265 28 0 2.25
27 -8 0 2.25
142 3 0 2.0
63 -20 0 1.75
330 5 0 2.75
16 26 0 2.5
129 3 0 1.75
321 1 0 2.25
304 -50 0 2.75
242 21 0 1.5
252 9 0 2.25
302 0 0 2.5
87 5 0 2.25
253 1 0 3.25
210 14 0 3.0
253 8 0 1.5
350 9 0 4.0
285 11 0 2.5
43 13 0 3.75
66 8 0 2.5
271 16 0 2.0
183 5 0 3.5
111 6 0 3.75
196 1 0 3.5
99 17 0 1.75
352 20 0 3.5
23 13 0 4.0
12 20 0 2.25
195 14 0 2.5
321 -28 0 2.0
348 67 0 2.75
191 8 0 3.75
195 23 0 1.5
155 12 0 2.75
32 22 0 3.0
45 1 0 3.0
294 26 0 2.5
270 20 0 4.0
14 7 0 3.25
145 16 0 2.0
201 4 0 3.5
326 28 0 3.5
82 1 0 3.0
107 -15 0 4.0
41 11 0 2.0
251 9 0 4.0
304 18 0 3.5
246 27 0 3.5
255 11 0 2.75
204 3 0 1.75
68 6 0 3.5
240 7 0 2.0
57 6 0 3.0
246 19 0 4.0
84 25 0 2.5
154 29 0 3.25
282 25 0 3.75
14 22 0 3.25
358 24 0 2.5
335 23 0 3.25
157 24 0 2.75
158 18 0 4.0
186 11 0 1.5
305 29 0 2.75
296 11 0 1.75
223 65 0 2.5
334 17 0 3.75
267 14 0 2.0
338 -19 0 3.5
207 24 0 2.25
68 -24 0 2.25
70 12 0 2.5
140 7 0 3.0
191 4 0 4.0
30 11 0 4.0
27 20 0 3.25
13 28 0 1.5
137 -48 0 3.5
140 22 0 1.5
55 10 0 1.75
51 6 0 3.5
51 11 0 3.0
223 26 0 4.0
90 13 0 2.25
85 15 0 2.75
285 20 0 4.0
16 0 0 1.75
299 7 0 3.0
183 29 0 2.0
246 14 0 3.25
71 18 0 3.25
342 28 0 4.0
151 23 0 3.0
38 26 0 1.5
89 29 0 3.75
279 30 0 2.75
308 12 0 2.25
304 17 0 1.5
230 -28 0 2.0
38 19 0 2.75
57 1 0 2.0
70 26 0 2.75
132 8 0 2.25
229 19 0 3.0
179 10 0 1.75
232 6 0 3.75
60 17 0 1.5
354 -5 0 3.75
47 14 0 3.0
329 13 0 2.25
213 13 0 3.75
235 0 0 3.25
101 18 0 3.5
62 19 0 2.25
241 4 0 2.0
194 10 0 3.25
150 25 0 3.75
45 23 0 2.25
188 12 0 3.75
11 15 0 2.5
237 28 0 3.25
275 49 0 4.0
245 44 0 1.75
240 16 0 1.5
115 51 0 2.5
246 10 0 3.25
214 -4 0 3.5
265 -30 0 2.0
249 19 0 2.0
220 22 0 1.75
355 25 0 2.25
348 8 0 3.0
220 23 0 2.5
304 27 0 2.0
95 15 0 1.75
210 21 0 3.5
91 30 0 2.5
28 27 0 1.75
154 9 0 3.5
8 4 0 1.5
209 11 0 2.25
258 3 0 3.25
25 16 0 2.0
270 13 0 3.75
1 18 0 2.5
262 27 0 3.5
258 29 0 3.5
89 24 0 1.5
100 23 0 4.0
111 30 0 2.25
8 27 0 4.0
257 24 0 2.0
88 9 0 2.5
80 28 0 2.75
210 13 0 3.25
39 17 0 2.75
116 27 0 2.75
77 4 0 3.75
77 27 0 3.0
162 16 0 3.5
234 16 0 2.75
246 24 0 1.5
146 10 0 3.75
134 9 0 1.75
195 47 0 1.75
237 27 0 3.75
103 -18 0 2.5
112 16 0 3.5
9 13 0 3.75
170 22 0 4.0
118 19 0 1.75
184 60 0 2.0
353 -40 0 3.75
293 -7 0 2.25
335 -18 0 1.5
166 5 0 3.25
187 16 0 3.25
150 29 0 2.0
348 0 0 3.0
61 22 0 1.5
102 31 0 3.75
278 6 0 2.5
163 5 0 3.75
285 26 0 2.5
350 12 0 3.75
237 49 0 3.0
93 2 0 2.5
6 4 0 2.25
36 6 0 4.0
179 48 0 2.75
82 2 0 2.0
330 23 0 3.25
330 17 0 2.5
132 23 0 3.25
46 27 0 4.0
8 2 0 3.75
24 0 0 3.5
345 25 0 2.0
274 6 0 3.0
168 15 0 1.75
121 27 0 3.25
53 23 0 2.0
251 3 0 2.25
62 10 0 3.75
291 27 0 1.75
216 8 0 3.5
246 20 0 3.5
123 6 0 3.0
50 5 0 4.0
18 25 0 2.75
253 13 0 4.0
329 48 0 2.75
34 26 0 2.25
24 -10 0 3.75
144 8 0 2.75
111 18 0 3.25
30 11 0 3.0
234 80 0 2.75
45 16 0 2.0
153 23 0 2.5
140 6 0 2.75
305 23 0 2.75
83 9 0 3.0
10 -47 0 3.5
206 9 0 2.0
253 46 0 1.75
120 21 0 4.0
172 -19 0 3.75
219 -4 0 3.25
240 19 0 2.0
255 23 0 3.5
177 0 0 2.5
282 13 0 3.5
217 69 0 2.5
314 6 0 2.0
211 0 0 2.0
125 16 0 3.25
302 15 0 3.0
198 26 0 2.0
80 19 0 4.0
358 6 0 2.75
337 1 0 1.75
314 -30 0 1.5
9 22 0 3.5
13 68 0 2.5
279 22 0 3.5
100 -36 0 2.25
4 23 0 1.75
112 17 0 1.5
87 10 0 1.75
225 48 0 1.75
64 3 0 2.75
65 1 0 1.5
235 30 0 3.5
119 6 0 2.25
193 27 0 3.25
190 24 0 4.0
48 9 0 4.0
216 1 0 3.75
135 2 0 1.75
147 1 0 2.0
251 6 0 1.5
175 29 0 3.5
284 54 0 3.5
230 -42 0 4.0
213 29 0 3.75
153 15 0 2.75
87 5 0 2.75
299 -1 0 2.5
62 7 0 2.75
186 15 0 3.0
189 28 0 2.75
204 2 0 3.0
179 5 0 1.75
39 11 0 4.0
116 9 0 2.5
28 30 0 3.25
62 26 0 2.75
109 17 0 4.0
122 12 0 2.75
292 -19 0 4.0
313 23 0 2.5
170 35 0 1.75
260 67 0 2.5
66 47 0 1.5
326 0 0 3.0
1 29 0 2.0
321 -30 0 2.5
107 15 0 4.0
357 5 0 2.5
217 -23 0 1.75
216 20 0 3.75
271 9 0 2.5
304 16 0 3.0
147 18 0 1.75
111 27 0 3.25
67 17 0 1.5
36 25 0 2.75
269 27 0 4.0
267 2 0 1.75
210 -28 0 3.5
92 29 0 3.25
208 8 0 4.0
172 5 0 3.0
309 26 0 4.0
7 22 0 2.5
143 5 0 2.5
351 3 0 2.5
224 22 0 2.5
268 29 0 1.75
324 5 0 3.75
53 15 0 2.5
357 30 0 1.5
218 26 0 2.0
151 20 0 1.5
54 8 0 3.75
115 17 0 3.0
349 27 0 3.5
245 11 0 2.25
261 30 0 3.75
65 10 0 2.5
84 0 0 2.25
96 16 0 1.75
199 13 0 4.0
345 17 0 1.5
23 8 0 3.75
129 4 0 2.25
142 16 0 2.75
242 16 0 3.75
30 19 0 3.75
138 8 0 1.5
339 23 0 2.75
16 5 0 3.75
320 5 0 2.25
166 26 0 3.25
301 28 0 4.0
288 3 0 2.25
268 19 0 2.25
205 4 0 3.0
107 28 0 3.25
315 2 0 2.75
187 7 0 1.75
166 17 0 3.75
334 25 0 3.75
97 -28 0 3.0
105 -2 0 4.0
239 17 0 2.0
181 27 0 2.75
269 6 0 2.75
127 4 0 1.75
166 18 0 2.75
152 21 0 2.25
219 21 0 2.5
310 7 0 3.75
293 45 0 2.5
14 27 0 2.25
110 9 0 1.75
15 30 0 3.5
200 23 0 2.75
133 18 0 4.0
172 28 0 4.0
222 27 0 4.0
116 18 0 2.5
317 44 0 3.75
56 1 0 1.5
72 19 0 3.25
279 10 0 3.25
58 20 0 4.0
319 11 0 1.5
44 29 0 3.25
208 16 0 3.25
116 0 0 3.75
353 6 0 3.25
108 6 0 4.0
203 6 0 2.0
345 -21 0 2.0
185 -8 0 3.0
17 -22 0 1.5
74 27 0 3.0
340 6 0 3.25
322 15 0 2.75
197 45 0 1.5
161 25 0 2.75
219 16 0 3.25
279 17 0 3.5
126 18 0 3.75
200 20 0 1.5
325 16 0 4.0
150 12 0 3.25
45 5 0 2.0
12 3 0 1.5
224 -21 0 1.5
15 21 0 3.75
279 12 0 2.25
65 13 0 1.5
306 11 0 1.5
124 0 0 2.5
110 13 0 3.75
5 3 0 1.75
302 2 0 3.0
291 20 0 3.0
199 4 0 2.0
205 -1 0 4.0
16 25 0 3.0
8 2 0 2.5
193 7 0 3.75
283 14 0 2.0
208 20 0 3.25
29 0 0 2.5
28 30 0 1.5
267 5 0 2.25
311 2 0 4.0
280 48 0 1.75
83 2 0 2.75
154 15 0 2.5
273 8 0 4.0
278 25 0 1.75
36 16 0 3.25
355 1 0 3.0
235 -9 0 4.0
109 24 0 1.5
283 13 0 1.5
4 0 0 1.5
136 11 0 1.75
28 22 0 1.75
48 47 0 3.0
277 10 0 1.75
133 23 0 3.75
199 28 0 3.25
292 7 0 3.0
119 15 0 3.75
133 20 0 2.75
127 19 0 4.0
348 29 0 4.0
269 9 0 2.25
297 10 0 2.25
136 30 0 2.25
138 5 0 4.0
191 9 0 4.0
19 17 0 2.0
273 18 0 3.5
106 26 0 3.5
317 5 0 2.5
65 25 0 2.25
57 29 0 1.5
293 29 0 2.75
207 -35 0 2.0
348 -27 0 3.25
168 -22 0 3.75
63 33 0 1.75
316 -10 0 3.75
355 54 0 4.0
45 -15 0 2.25
310 18 0 2.25
259 14 0 2.25
250 17 0 1.5
168 28 0 3.0
41 16 0 3.75
161 2 0 3.75
242 12 0 3.25
255 0 0 3.5
73 18 0 3.25
244 28 0 3.0
335 30 0 3.75
279 6 0 2.5
0 24 0 3.75
67 26 0 3.0
293 27 0 2.0
163 -13 0 1.75
152 3 0 1.75
85 28 0 1.75
312 0 0 3.25
70 30 0 4.0
14 10 0 2.25
210 -23 0 3.0
343 60 0 3.0
57 8 0 4.0
254 4 0 2.25
0 -17 0 2.5
285 29 0 3.5
292 15 0 1.75
186 10 0 4.0
47 21 0 4.0
324 -4 0 2.75
63 20 0 2.25
268 28 0 2.5
358 1 0 2.5
136 3 0 2.5
240 2 0 2.25
278 18 0 2.5
36 36 0 3.25
237 21 0 2.75
309 25 0 2.25
116 16 0 1.75
212 3 0 3.75
72 9 0 2.5
314 12 0 4.0
252 12 0 1.75
273 29 0 1.75
71 19 0 2.5
319 18 0 1.75
2 29 0 2.75
240 19 0 3.75
301 25 0 3.5
294 9 0 1.75
54 20 0 1.75
303 3 0 1.5
302 26 0 2.75
36 25 0 2.0
19 23 0 2.25
102 30 0 3.25
300 29 0 1.75
31 22 0 2.25
148 1 0 2.0
164 -13 0 2.5
240 25 0 3.0
15 -36 0 3.0
61 -3 0 3.0
160 -9 0 1.75
43 12 0 4.0
54 12 0 2.0
346 24 0 2.75
89 30 0 3.5
127 3 0 1.75
6 29 0 1.75
322 13 0 4.0
129 28 0 4.0
158 -15 0 3.5
78 6 0 2.0
54 -30 0 2.75
263 -11 0 1.75
288 0 0 2.75
237 -29 0 1.5
236 10 0 2.0
336 3 0 2.75
349 3 0 3.25
101 6 0 2.75
14 14 0 3.25
171 -5 0 4.0
180 0 0 2.0
8 23 0 3.25
77 27 0 2.25
342 13 0 2.25
174 6 0 2.5
257 51 0 4.0
141 -20 0 2.25
255 24 0 3.25
359 17 0 2.5
126 16 0 3.75
269 -23 0 2.75
62 28 0 2.0
49 9 0 1.5
102 19 0 1.75
345 18 0 3.25
340 -17 0 2.0
291 6 0 1.75
129 24 0 2.75
357 11 0 2.25
57 27 0 3.5
228 1 0 3.25
170 30 0 3.75
285 10 0 4.0
10 0 0 2.0
303 2 0 2.75
229 29 0 1.5
191 6 0 3.5
3 -14 0 2.0
166 27 0 2.5
130 12 0 2.0
137 30 0 1.75
187 8 0 3.0
300 29 0 3.75
236 6 0 1.75
284 11 0 1.5
212 10 0 3.75
335 21 0 2.25
297 17 0 1.5
352 -20 0 3.5
212 -30 0 2.75
118 9 0 1.5
132 27 0 3.0
80 16 0 3.25
24 2 0 2.5
300 19 0 2.25
10 6 0 2.5
64 -14 0 2.5
275 24 0 2.25
265 14 0 1.75
338 12 0 3.0
87 0 0 1.75
323 8 0 1.75
284 14 0 3.75
297 27 0 2.0
279 9 0 3.25
154 23 0 2.5
156 26 0 3.75
95 3 0 3.5
320 7 0 2.75
180 2 0 2.75
214 0 0 3.5
271 3 0 2.25
282 9 0 3.5
252 4 0 1.75
313 14 0 3.5
63 12 0 3.0
45 6 0 2.75
158 0 0 1.5
160 5 0 2.25
256 22 0 1.75
152 7 0 3.5
135 4 0 2.5
84 5 0 2.0
13 28 0 2.5
96 26 0 2.25
354 18 0 3.0
222 0 0 2.0
234 2 0 2.0
38 20 0 3.0
219 13 0 2.75
61 5 0 3.25
262 12 0 3.5
29 21 0 3.75
175 23 0 4.0
255 -9 0 1.75
26 18 0 4.0
318 2 0 3.75
354 20 0 3.75
101 25 0 3.75
137 24 0 3.75
16 -3 0 2.25
67 10 0 1.5
37 20 0 2.75
352 10 0 2.25
209 28 0 2.75
189 13 0 3.5
231 8 0 2.75
213 14 0 3.75
139 -23 0 3.75
67 27 0 3.75
37 0 0 2.0
127 26 0 2.25
236 22 0 3.25
339 4 0 2.25
179 19 0 2.75
315 59 0 1.75
93 1 0 2.0
25 10 0 2.5
146 -28 0 1.75
275 15 0 2.75
114 6 0 2.5
53 25 0 2.5
216 30 0 2.5
176 20 0 1.5
197 2 0 4.0
68 7 0 3.25
17 25 0 2.5
81 12 0 3.25
356 14 0 3.5
328 15 0 1.5
192 27 0 2.5
300 17 0 2.0
217 29 0 3.0
46 16 0 3.0
101 8 0 1.75
42 20 0 2.0
129 2 0 2.0
334 15 0 2.5
351 7 0 2.75
294 26 0 2.0
35 30 0 3.25
155 -19 0 3.5
33 9 0 3.5
279 10 0 2.0
113 1 0 2.0
228 32 0 1.75
323 16 0 2.25
139 20 0 1.5
21 19 0 1.75
191 21 0 3.75
243 -48 0 4.0
74 8 0 3.5
203 25 0 2.5
292 20 0 2.25
71 22 0 3.5
242 7 0 3.25
348 -8 0 3.25
226 62 0 3.25
213 24 0 1.75
17 6 0 4.0
162 13 0 1.5
11 7 0 3.0
82 15 0 3.0
283 64 0 4.0
34 6 0 3.25
43 -16 0 3.0
327 21 0 1.5
297 -34 0 1.75
152 17 0 2.0
273 30 0 4.0
301 -25 0 2.25
271 -46 0 3.5
105 28 0 2.5
325 21 0 3.0
263 3 0 3.5
138 8 0 2.0
216 12 0 3.5
132 27 0 3.25
313 30 0 1.5
301 11 0 2.0
321 -42 0 2.5
354 28 0 2.25
257 27 0 2.0
144 2 0 2.0
327 60 0 2.75
89 6 0 1.5
314 28 0 3.5
268 54 0 2.0
87 14 0 2.0
171 2 0 2.5
288 8 0 1.75
222 28 0 2.5
332 9 0 4.0
188 20 0 2.0
285 -13 0 3.25
180 10 0 2.5
324 21 0 2.75
124 8 0 3.0
144 1 0 1.75
223 12 0 3.5
285 1 0 3.0
136 9 0 1.5
259 10 0 2.0
159 12 0 3.75
175 22 0 2.5
91 -21 0 3.0
355 -6 0 3.25
308 5 0 4.0
6 -9 0 3.0
276 24 0 2.25
259 26 0 3.25
67 1 0 2.25
298 -4 0 2.25
121 16 0 3.0
169 17 0 2.5
153 25 0 3.5
345 44 0 1.5
149 12 0 1.5
172 23 0 2.5
18 33 0 2.25
158 15 0 2.75
291 1 0 3.0
210 12 0 2.25
153 23 0 3.75
98 7 0 3.75
179 22 0 3.0
58 28 0 2.75
320 19 0 1.5
120 29 0 3.25
118 18 0 2.5
301 -22 0 2.25
212 19 0 1.5
199 25 0 1.5
91 22 0 2.75
263 17 0 1.75
326 -25 0 3.0
266 16 0 2.75
235 18 0 2.5
136 22 0 2.5
249 15 0 2.75
78 29 0 1.5
356 25 0 3.25
122 30 0 3.0
294 18 0 4.0
167 24 0 2.25
41 5 0 3.0
1 6 0 2.75
123 14 0 4.0
41 22 0 2.0
173 19 0 2.75
318 12 0 2.75
19 18 0 4.0
58 15 0 1.5
21 6 0 2.5
111 2 0 3.0
157 21 0 3.5
250 14 0 1.5
247 4 0 3.0
243 26 0 3.5
129 14 0 2.75
105 27 0 1.5
76 30 0 1.5
182 18 0 1.5
111 27 0 1.75
168 13 0 2.75
52 18 0 3.25
4 0 0 1.75
12 -17 0 2.0
37 9 0 2.5
286 3 0 2.0
46 23 0 3.0
202 27 0 3.5
255 4 0 3.0
177 -8 0 2.5
352 25 0 2.5
143 30 0 4.0
190 14 0 3.75
9 15 0 3.0
348 6 0 1.75
213 -30 0 2.0
88 2 0 3.5
101 30 0 2.25
284 10 0 2.25
55 0 0 3.0
18 23 0 1.75
136 38 0 3.75
240 55 0 2.75
16 22 0 3.75
108 19 0 2.25
32 28 0 1.5
210 1 0 3.75
12 18 0 1.75
232 30 0 4.0
110 15 0 1.75
287 11 0 2.5
269 20 0 3.0
179 44 0 3.5
108 5 0 2.0
13 59 0 3.5
185 23 0 2.0
86 27 0 2.5
217 2 0 3.0
82 43 0 1.75
3 17 0 1.75
249 -19 0 3.5
140 28 0 3.0
151 18 0 1.5
13 6 0 2.5
256 30 0 2.5
287 16 0 2.5
314 2 0 3.75
291 21 0 3.25
218 0 0 3.25
167 19 0 3.75
282 11 0 4.0
56 -5 0 1.75
142 20 0 2.25
258 13 0 3.75
111 2 0 3.5
262 21 0 2.0
15 27 0 2.25
18 28 0 3.75
339 16 0 3.5
30 15 0 4.0
228 18 0 3.0
109 24 0 3.0
239 -2 0 3.25
91 10 0 2.5
330 8 0 2.5
44 2 0 2.0
82 6 0 3.75
232 25 0 2.25
9 1 0 2.25
187 3 0 1.75
84 8 0 2.75
31 3 0 2.75
167 3 0 3.0
33 22 0 2.0
308 19 0 3.75
91 8 0 2.0
201 -50 0 1.75
66 -16 0 2.0
76 5 0 1.75
247 22 0 1.75
236 4 0 2.25
249 45 0 2.25
61 -24 0 1.5
237 13 0 3.75
173 23 0 2.5
27 23 0 3.0
154 30 0 2.0
26 23 0 3.5
50 64 0 2.75
47 26 0 3.25
296 16 0 3.5
158 -14 0 4.0
183 7 0 3.75
100 26 0 1.5
332 5 0 3.25
112 30 0 2.5
84 16 0 1.75
297 5 0 3.0
355 21 0 3.0
306 42 0 2.0
337 0 0 2.5
293 17 0 2.25
274 27 0 4.0
186 2 0 1.5
87 30 0 3.75
30 4 0 2.0
220 10 0 3.5
293 55 0 4.0
129 18 0 2.75
27 29 0 3.25
133 0 0 1.75
82 21 0 2.5
283 0 0 2.0
322 25 0 3.0
137 5 0 3.25
270 7 0 2.25
300 9 0 3.75
89 11 0 3.75
339 28 0 2.0
23 20 0 4.0
346 -44 0 1.5
99 -12 0 4.0
221 26 0 2.25
1 22 0 2.5
24 -19 0 1.5
248 23 0 2.0
261 23 0 1.75
122 2 0 3.0
37 17 0 3.25
10 1 0 2.5
165 19 0 3.5
185 17 0 3.5
359 -36 0 3.25
100 27 0 2.5
346 21 0 2.0
87 -24 0 2.75
249 39 0 4.0
87 6 0 3.25
346 -38 0 1.75
81 7 0 2.25
258 29 0 1.75
154 27 0 2.75
83 7 0 1.5
63 -40 0 2.5
171 17 0 2.75
66 21 0 2.75
82 12 0 3.5
215 -44 0 1.5
338 13 0 4.0
147 30 0 2.25
67 3 0 1.5
225 24 0 3.75
213 3 0 3.5
142 5 0 2.25
15 7 0 2.75
61 11 0 3.25
98 11 0 2.25
80 20 0 3.75
228 11 0 3.0
131 24 0 3.75
141 55 0 1.5
260 18 0 2.75
101 4 0 2.75
105 -18 0 2.25
352 25 0 2.25
42 10 0 2.0
124 15 0 2.0
87 23 0 2.25
278 17 0 2.75
57 -38 0 1.75
240 0 0 3.25
228 14 0 2.0
170 28 0 2.5
243 23 0 2.0
107 7 0 3.0
149 -8 0 2.0
234 28 0 2.75
302 26 0 3.75
238 4 0 2.25
333 44 0 2.0
200 21 0 4.0
219 -16 0 4.0
197 23 0 2.75
12 26 0 2.0
31 25 0 3.0
276 15 0 2.25
12 13 0 1.75
270 -26 0 1.5
192 1 0 4.0
133 3 0 1.75
273 6 0 1.5
239 30 0 2.5
151 20 0 3.25
121 5 0 2.0
63 3 0 2.5
187 8 0 2.25
316 39 0 1.75
323 12 0 2.5
24 28 0 2.5
315 1 0 2.75
265 16 0 4.0
51 7 0 2.5
154 8 0 1.75
190 24 0 2.75
177 4 0 3.5
106 1 0 2.25
157 26 0 2.25
355 -3 0 2.0
227 26 0 3.5
49 18 0 3.25
17 14 0 2.25
323 15 0 4.0
92 47 0 2.25
107 24 0 2.25
126 3 0 2.5
306 2 0 2.75
295 21 0 1.75
12 20 0 1.5
248 4 0 3.0
182 2 0 2.0
346 -9 0 4.0
82 22 0 3.25
286 5 0 3.5
280 21 0 4.0
234 8 0 3.75
132 4 0 2.5
63 0 0 1.5
71 2 0 3.0
222 -9 0 3.5
303 19 0 3.25
30 8 0 1.5
336 29 0 2.5
278 22 0 4.0
111 -11 0 2.75
138 2 0 2.75
181 30 0 3.5
263 4 0 3.0
353 28 0 3.25
78 -46 0 3.75
156 46 0 1.5
187 25 0 3.0
214 8 0 3.0
169 6 0 4.0
151 -48 0 3.25
2 30 0 3.75
219 20 0 3.25
18 24 0 3.5
54 22 0 3.25
144 29 0 3.0
280 -28 0 1.5
23 27 0 3.0
269 16 0 2.5
339 27 0 3.5
71 1 0 3.5
171 -8 0 2.0
177 56 0 2.25
205 24 0 4.0
150 80 0 2.25
316 10 0 3.25
267 10 0 1.5
177 3 0 4.0
96 4 0 2.25
244 0 0 3.5
1 6 0 3.5
102 5 0 3.75
172 21 0 2.5
161 14 0 3.25
63 23 0 2.0
109 0 0 2.75
238 30 0 2.25
229 17 0 3.5
169 26 0 2.5
65 29 0 3.25
116 30 0 3.0
99 12 0 4.0
231 4 0 4.0
195 25 0 2.25
328 1 0 1.5
152 1 0 2.0
79 12 0 4.0
160 19 0 3.5
56 2 0 2.75
47 67 0 2.25
332 28 0 3.5
254 1 0 2.25
235 15 0 4.0
186 5 0 3.0
356 19 0 3.5
30 7 0 3.75
257 2 0 1.75
45 1 0 1.5
154 -29 0 2.75
66 0 0 4.0
294 13 0 1.5
231 3 0 3.25
239 20 0 2.0
232 21 0 2.5
238 58 0 3.75
275 26 0 1.5
96 29 0 3.5
343 8 0 2.0
217 57 0 3.5
98 26 0 2.25
348 36 0 4.0
119 45 0 3.5
18 16 0 2.5
239 1 0 1.5
354 20 0 3.0
20 -29 0 3.0
126 23 0 2.0
158 16 0 2.25
170 9 0 1.5
133 4 0 3.75
21 0 0 1.5
297 -39 0 3.0
182 1 0 2.75
93 30 0 2.25
233 1 0 3.0
200 30 0 2.5
25 -23 0 3.75
115 26 0 2.5
250 22 0 1.5
29 8 0 2.75
296 1 0 2.25
204 17 0 2.25
163 14 0 1.75
2 -22 0 3.5
220 26 0 3.5
183 7 0 2.25
183 -8 0 3.25
47 25 0 1.5
230 5 0 3.0
67 22 0 3.75
36 8 0 2.25
348 10 0 1.75
240 11 0 1.5
51 29 0 3.25
224 14 0 1.75
118 14 0 2.0
130 24 0 3.75
213 1 0 2.75
299 20 0 2.75
136 1 0 1.75
191 62 0 2.5
58 18 0 2.75
105 6 0 3.5
263 5 0 3.5
321 15 0 3.75
26 22 0 1.5
74 -19 0 2.0
146 3 0 3.0
201 24 0 3.5
36 9 0 3.75
179 8 0 1.75
314 19 0 3.0
328 5 0 3.75
94 60 0 3.0
197 28 0 2.0
115 29 0 4.0
152 26 0 3.25
98 1 0 3.75
302 13 0 3.75
127 3 0 3.5
335 22 0 3.0
240 6 0 3.0
305 15 0 1.75
28 4 0 3.0
238 29 0 3.75
45 20 0 3.75
335 0 0 3.75
42 -13 0 4.0
147 1 0 3.0
307 0 0 3.5
342 11 0 1.75
284 17 0 2.0
297 8 0 2.5
303 21 0 4.0
150 20 0 3.0
136 17 0 3.5
290 25 0 3.0
215 17 0 3.0
186 4 0 2.5
343 15 0 2.5
161 15 0 1.75
261 23 0 2.25
300 -11 0 2.5
331 30 0 2.5
329 -11 0 2.75
126 -18 0 2.75
171 15 0 3.75
190 24 0 2.0
115 19 0 3.25
314 -8 0 1.5
323 25 0 2.75
129 19 0 2.25
264 9 0 3.0
293 8 0 3.75
291 10 0 3.0
197 19 0 1.5
35 20 0 2.0
284 17 0 3.25
145 7 0 1.5
83 17 0 3.5
89 6 0 2.25
4 20 0 3.25
53 26 0 1.75
265 11 0 3.5
236 28 0 2.0
112 12 0 3.25
59 6 0 4.0
86 3 0 1.5
213 28 0 2.75
274 20 0 2.5
17 40 0 1.5
284 11 0 3.0
7 1 0 4.0
150 5 0 1.75
101 5 0 3.5
273 20 0 3.0
41 29 0 2.5
215 5 0 3.25
185 9 0 2.25
55 25 0 2.5
135 27 0 1.5
283 28 0 4.0
90 2 0 1.75
121 16 0 2.75
278 24 0 2.75
309 20 0 1.75
155 18 0 3.75
226 12 0 3.75
322 4 0 2.0
278 14 0 3.25
32 27 0 3.0
356 24 0 3.75
130 3 0 2.5
229 3 0 3.75
117 29 0 3.75
276 18 0 3.5
306 29 0 1.75
232 14 0 2.75
69 26 0 3.5
266 23 0 3.75
228 10 0 2.75
354 26 0 3.75
230 26 0 1.5
52 19 0 3.0
171 43 0 2.25
225 4 0 1.5
195 7 0 3.25
346 14 0 3.75
137 16 0 3.5
144 28 0 1.75
122 22 0 1.75
133 -4 0 1.5
6 8 0 1.75
310 7 0 2.5
105 4 0 3.75
43 37 0 4.0
331 7 0 4.0
38 14 0 1.5
141 9 0 3.0
255 47 0 2.5
346 17 0 2.25
276 30 0 2.5
140 12 0 3.75
106 17 0 4.0
52 4 0 3.0
37 20 0 3.25
221 7 0 1.5
346 5 0 2.0
342 29 0 2.75
19 -32 0 1.5
184 -2 0 1.5
322 27 0 3.75
275 19 0 1.5
359 30 0 2.75
164 0 0 1.5
93 22 0 2.25
129 30 0 3.5
18 10 0 2.75
267 25 0 1.5
209 19 0 2.0
155 2 0 1.75
63 29 0 3.25
305 30 0 4.0
9 2 0 1.5
189 15 0 3.75
293 17 0 1.75
114 30 0 1.5
302 2 0 2.5
88 30 0 2.25
334 8 0 4.0
331 17 0 2.75
6 7 0 2.25
192 28 0 2.25
174 14 0 1.75
261 17 0 2.25
198 15 0 2.5
35 2 0 4.0
289 61 0 1.5
288 22 0 2.75
313 4 0 1.75
122 28 0 3.75
278 19 0 1.5
130 5 0 3.0
38 1 0 1.75
170 28 0 3.25
283 23 0 3.25
186 -6 0 2.25
72 9 0 3.75
18 -17 0 1.75
270 10 0 1.75
72 11 0 3.75
53 15 0 4.0
77 3 0 3.5
182 1 0 1.5
163 31 0 2.75
9 17 0 2.25
282 14 0 1.5
239 -22 0 2.0
312 27 0 2.5
179 23 0 3.0
344 -6 0 3.75
112 26 0 3.5
36 6 0 3.0
297 6 0 1.75
33 19 0 1.5
145 28 0 3.25
348 17 0 1.5
177 15 0 2.75
151 -28 0 1.75
112 62 0 3.25
178 24 0 3.25
188 28 0 2.0
103 21 0 2.5
278 18 0 2.25
302 11 0 3.75
315 5 0 3.75
94 20 0 2.75
27 21 0 2.75
92 29 0 4.0
246 19 0 3.5
280 3 0 2.25
186 7 0 3.75
277 20 0 2.5
77 7 0 2.5
341 8 0 2.75
133 16 0 2.5
286 8 0 4.0
93 -42 0 3.0
346 2 0 2.0
359 24 0 3.0
132 22 0 2.25
31 26 0 2.75
14 0 0 2.0
148 9 0 2.75
336 15 0 3.0
320 10 0 3.25
95 80 0 3.5
19 30 0 3.5
230 -16 0 1.5
235 24 0 2.0
274 19 0 3.25
307 25 0 4.0
279 59 0 2.5
189 2 0 3.5
262 17 0 2.75
193 1 0 2.75
293 -8 0 2.0
32 -35 0 1.75
189 56 0 4.0
191 49 0 2.5
252 28 0 3.0
264 -6 0 3.5
174 13 0 2.75
100 -1 0 1.75
165 8 0 2.5
38 15 0 3.5
112 14 0 2.75
321 50 0 4.0
349 6 0 4.0
350 18 0 3.5
68 4 0 3.0
189 29 0 2.75
186 17 0 4.0
46 23 0 2.25
51 22 0 1.75
72 0 0 1.75
289 30 0 1.75
131 4 0 2.0
243 10 0 1.75
102 20 0 1.75
330 22 0 3.75
282 2 0 3.25
161 21 0 3.5
358 15 0 2.75
51 23 0 2.25
243 14 0 3.5
346 15 0 2.0
68 9 0 2.25
167 1 0 3.75
356 2 0 1.5
172 9 0 2.5
99 21 0 3.25
171 24 0 2.0
314 21 0 2.0
263 15 0 2.25
25 3 0 3.25
322 -23 0 2.0
27 15 0 3.75
312 14 0 3.0
223 0 0 1.75
160 24 0 3.0
308 12 0 3.75
179 40 0 3.75
341 29 0 2.5
328 -27 0 2.75
88 8 0 3.5
228 16 0 3.25
147 12 0 2.25
235 20 0 2.0
104 13 0 1.75
98 -27 0 2.0
134 25 0 3.75
180 3 0 4.0
299 23 0 3.5
100 17 0 2.0
172 0 0 3.0
143 30 0 2.5
99 4 0 1.75
23 13 0 1.5
348 14 0 3.75
63 11 0 2.0
113 22 0 1.75
280 1 0 3.75
34 27 0 1.5
180 16 0 3.75
44 43 0 2.25
39 13 0 2.0
207 6 0 2.25
318 0 0 2.5
326 27 0 3.0
108 21 0 4.0
334 25 0 2.5
291 62 0 3.75
331 21 0 2.5
220 26 0 3.25
177 26 0 3.25
40 13 0 1.5
302 16 0 2.25
30 25 0 2.75
112 4 0 2.5
232 6 0 3.25
49 11 0 3.25
158 10 0 3.75
249 8 0 3.75
359 53 0 2.25
337 21 0 1.75
45 6 0 3.75
165 21 0 3.25
298 25 0 2.25
148 1 0 1.75
58 19 0 3.0
301 10 0 3.5
25 12 0 1.5
286 29 0 2.25
349 -9 0 3.5
134 24 0 3.75
185 1 0 1.75
17 13 0 2.75
316 4 0 4.0
58 30 0 3.0
81 9 0 3.25
171 8 0 3.25
230 26 0 2.75
255 14 0 3.5
0 12 0 3.25
29 12 0 3.5
268 28 0 3.0
299 22 0 4.0
313 3 0 2.25
181 28 0 3.5
100 24 0 1.75
194 13 0 3.25
347 5 0 1.5
180 3 0 2.0
267 3 0 2.0
192 18 0 1.5
173 3 0 3.25
355 1 0 3.5
279 16 0 3.25
331 21 0 4.0
237 -18 0 2.25
323 0 0 2.5
232 -24 0 2.75
329 26 0 2.75
278 22 0 2.25
144 23 0 2.5
37 7 0 2.0
68 2 0 4.0
6 -15 0 3.5
190 2 0 2.5
54 4 0 2.0
340 1 0 1.5
168 1 0 2.5
209 1 0 3.5
115 5 0 4.0
149 4 0 2.75
173 1 0 2.5
256 -12 0 2.75
34 26 0 1.5
333 0 0 3.75
94 7 0 2.0
83 21 0 2.5
340 15 0 2.25
323 4 0 1.5
159 10 0 4.0
323 25 0 3.75
33 3 0 2.5
207 30 0 2.25
292 67 0 1.5
239 6 0 1.75
192 28 0 1.5
109 29 0 1.75
63 4 0 1.5
335 9 0 1.5
49 14 0 3.5
288 23 0 1.5
197 16 0 1.75
186 -19 0 1.75
205 13 0 1.5
228 20 0 3.5
269 5 0 3.5
153 5 0 2.5
281 -12 0 1.75
280 5 0 2.0
70 11 0 2.75
50 23 0 3.25
138 -3 0 2.0
65 12 0 1.5
286 3 0 3.0
248 14 0 2.25
241 19 0 2.5
278 31 0 1.5
44 4 0 3.25
125 10 0 4.0
175 18 0 2.0
349 1 0 4.0
215 80 0 2.75
194 5 0 2.25
31 29 0 2.75
205 3 0 2.75
59 11 0 1.75
89 29 0 2.0
33 14 0 1.75
294 6 0 2.75
143 28 0 2.5
195 17 0 3.75
198 1 0 1.5
154 26 0 1.5
287 17 0 3.5
188 29 0 2.5
71 44 0 4.0
282 27 0 3.0
249 16 0 1.5
96 -49 0 1.5
168 45 0 2.5
168 26 0 1.75
10 18 0 2.0
201 59 0 1.5
37 4 0 1.75
329 13 0 3.5
149 8 0 1.5
342 4 0 3.0
78 24 0 3.5
77 11 0 2.0
18 9 0 2.75
89 1 0 3.0
99 21 0 2.25
249 30 0 3.25
152 19 0 3.5
122 23 0 4.0
303 1 0 3.0
275 -5 0 2.0
271 10 0 3.5
211 22 0 2.0
186 13 0 2.5
211 7 0 1.5
148 28 0 2.25
23 24 0 2.0
350 4 0 3.5
207 24 0 3.5
324 -2 0 2.25
106 7 0 1.5
225 17 0 4.0
71 9 0 1.75
287 18 0 3.75
244 27 0 3.25
159 5 0 2.25
331 11 0 4.0
277 8 0 2.25
73 23 0 2.25
208 5 0 3.0
197 26 0 2.0
28 25 0 3.0
131 7 0 2.5
253 27 0 2.75
197 53 0 3.0
274 10 0 3.5
145 2 0 3.0
267 23 0 2.5
7 13 0 2.0
35 37 0 3.75
310 -25 0 2.25
332 45 0 3.5
164 42 0 3.5
192 20 0 3.75
67 6 0 1.5
276 -8 0 3.75
183 24 0 2.5
115 -15 0 2.5
35 0 0 1.75
262 24 0 2.25
236 10 0 3.25
286 20 0 2.75
125 22 0 2.75
244 18 0 3.25
339 21 0 4.0
67 22 0 3.5
306 0 0 2.5
213 5 0 2.75
283 18 0 2.5
134 10 0 1.75
42 3 0 2.75
44 14 0 2.0
351 16 0 1.5
216 27 0 2.5
156 24 0 3.0
182 16 0 3.5
309 25 0 3.5
252 27 0 2.25
341 10 0 4.0
24 14 0 2.5
221 17 0 3.0
299 2 0 1.5
119 -10 0 1.5
277 -25 0 3.5
356 21 0 3.0
237 21 0 3.25
279 12 0 2.5
192 -8 0 3.25
218 19 0 3.25
329 15 0 1.5
36 -1 0 3.0
251 19 0 1.75
167 11 0 1.5
309 8 0 2.75
73 26 0 3.75
25 11 0 2.25
349 -33 0 2.25
108 25 0 2.25
299 5 0 1.5
257 5 0 3.75
290 0 0 2.75
305 25 0 3.5
107 18 0 2.75
334 46 0 3.0
213 18 0 1.5
304 23 0 4.0
100 2 0 3.0
31 3 0 4.0
21 51 0 4.0
147 -45 0 2.0
78 21 0 2.25
83 15 0 1.5
254 27 0 2.0
213 19 0 3.0
180 26 0 3.25
184 18 0 1.5
52 25 0 3.75
227 13 0 3.75
150 0 0 1.5
293 0 0 4.0
319 27 0 1.75
326 14 0 2.75
293 11 0 4.0
347 1 0 3.0
241 10 0 2.75
92 9 0 2.5
323 -13 0 4.0
67 21 0 1.75
178 13 0 2.25
18 13 0 4.0
217 30 0 2.75
44 27 0 2.75
313 13 0 4.0
95 20 0 3.0
14 28 0 3.0
292 25 0 1.5
300 14 0 3.75
235 -23 0 1.75
259 15 0 3.5
94 19 0 3.25
121 16 0 3.5
198 3 0 1.75
119 0 0 1.75
232 1 0 2.25
307 12 0 3.25
344 13 0 2.0
30 2 0 1.5
95 24 0 3.0
209 3 0 2.5
247 3 0 2.0
250 21 0 1.5
300 6 0 3.5
272 6 0 3.25
184 24 0 2.0
110 17 0 3.5
168 20 0 3.75
31 28 0 3.0
265 26 0 1.75
354 -27 0 3.75
33 15 0 3.75
43 12 0 2.5
52 -14 0 1.75
204 -26 0 4.0
143 6 0 3.5
131 4 0 2.5
48 23 0 3.25
243 28 0 2.5
274 6 0 4.0
122 29 0 3.75
244 5 0 2.25
87 25 0 2.5
89 17 0 2.75
64 -12 0 2.25
9 28 0 2.75
127 19 0 2.75
64 71 0 3.75
196 16 0 3.0
0 10 0 1.75
219 25 0 2.5
245 3 0 2.75
222 4 0 2.25
250 16 0 2.25
318 12 0 1.5
125 17 0 1.75
69 15 0 1.5
171 17 0 3.25
281 5 0 2.5
226 0 0 3.5
272 11 0 3.5
235 29 0 3.25
341 19 0 1.75
88 33 0 2.5
40 25 0 2.25
1 6 0 1.75
162 1 0 3.25
41 2 0 1.75
282 27 0 2.25
308 3 0 2.25
6 -4 0 3.5
312 15 0 2.0
245 55 0 1.75
276 11 0 4.0
338 11 0 3.0
326 12 0 1.75
191 -23 0 2.75
115 30 0 1.5
208 30 0 2.5
30 30 0 2.25
19 -15 0 3.5
142 24 0 3.75
326 21 0 2.0
54 30 0 2.75
267 1 0 2.25
139 16 0 1.75
296 16 0 1.5
106 2 0 2.0
236 21 0 2.5
309 15 0 2.75
93 -8 0 3.5
273 0 0 3.25
314 30 0 2.5
176 6 0 2.5
16 -1 0 1.75
102 9 0 1.75
314 30 0 3.25
89 9 0 1.5
162 1 0 2.0
340 20 0 2.0
57 -12 0 2.0
283 19 0 2.75
175 30 0 4.0
177 9 0 2.0
352 29 0 3.75
301 14 0 2.75
330 4 0 1.5
2 -13 0 1.5
342 65 0 3.5
342 2 0 3.25
278 -7 0 3.75
28 6 0 3.75
354 27 0 4.0
205 11 0 2.5
27 9 0 2.0
258 5 0 3.25
282 10 0 2.0
84 -34 0 2.75
337 24 0 1.75
159 9 0 2.5
147 -44 0 1.75
112 22 0 1.75
136 7 0 3.0
249 14 0 4.0
234 -5 0 2.5
149 17 0 3.5
61 18 0 2.0
340 17 0 2.25
300 56 0 3.25
118 80 0 2.0
75 -12 0 2.25
210 4 0 3.0
341 -20 0 2.5
73 14 0 2.0
248 24 0 3.0
344 30 0 2.25
327 4 0 1.75
101 14 0 2.25
299 -17 0 2.0
329 22 0 1.75
151 37 0 1.75
211 26 0 3.5
71 6 0 1.5
201 27 0 1.75
169 14 0 4.0
69 15 0 2.5
85 9 0 3.25
224 11 0 3.25
68 25 0 2.5
316 30 0 2.5
187 18 0 3.5
79 21 0 2.25
247 7 0 2.5
318 27 0 4.0
175 57 0 4.0
116 8 0 2.0
344 21 0 4.0
315 62 0 3.5
132 17 0 2.5
278 3 0 3.0
105 2 0 3.25
217 -6 0 2.0
29 -28 0 2.75
131 9 0 2.5
46 25 0 3.5
210 25 0 2.75
339 0 0 2.25
319 32 0 4.0
278 -32 0 1.5
353 7 0 2.75
122 30 0 3.25
268 2 0 2.5
203 11 0 2.5
7 15 0 1.5
338 20 0 2.75
323 30 0 3.0
262 2 0 3.25
194 -13 0 2.25
353 17 0 1.5
202 29 0 2.25
178 45 0 3.0
340 16 0 1.75
278 9 0 2.0
318 22 0 4.0
32 18 0 3.25
293 1 0 2.0
39 11 0 3.0
84 15 0 1.5
45 34 0 3.5
107 3 0 1.75
256 4 0 3.25
314 51 0 2.25
240 18 0 2.75
86 30 0 1.5
88 16 0 3.5
272 27 0 3.5
174 4 0 3.0
152 9 0 3.75
306 22 0 3.0
267 26 0 1.75
338 2 0 3.25
67 60 0 3.5
137 26 0 3.0
11 -27 0 3.75
195 12 0 3.25
323 16 0 2.0
198 15 0 3.75
44 32 0 2.75
296 23 0 3.0
309 29 0 3.0
321 19 0 1.75
305 3 0 3.25
103 12 0 2.25
75 25 0 2.0
275 6 0 1.5
57 2 0 2.5
94 8 0 3.0
175 3 0 3.0
188 32 0 1.5
151 11 0 1.5
98 28 0 2.75
42 35 0 2.25
259 28 0 2.0
106 7 0 3.25
19 21 0 1.5
248 0 0 2.5
251 9 0 2.75
178 22 0 4.0
98 29 0 3.5
2 22 0 2.25
40 6 0 1.5
268 3 0 3.0
0 0 0 1.5
171 22 0 1.75
75 8 0 3.5
184 18 0 3.25
230 -13 0 3.5
20 16 0 2.0
205 25 0 2.0
131 29 0 3.75
158 -40 0 3.5
117 8 0 3.75
356 29 0 3.5
177 11 0 3.25
301 7 0 3.25
125 15 0 2.25
101 13 0 1.75
85 57 0 1.5
160 14 0 1.75
351 7 0 3.75
170 2 0 1.5
160 6 0 3.75
87 28 0 1.5
115 16 0 1.75
230 5 0 2.5
321 -7 0 3.5
109 7 0 3.75
122 4 0 3.5
246 26 0 3.5
115 14 0 2.25
331 5 0 2.5
163 8 0 3.5
144 30 0 1.5
155 8 0 1.75
320 27 0 3.75
295 18 0 3.5
69 29 0 3.0
335 8 0 3.5
344 2 0 2.25
194 19 0 2.75
262 -47 0 4.0
216 11 0 2.0
259 -22 0 1.75
168 10 0 1.75
210 12 0 1.75
11 6 0 3.0
353 22 0 2.25
186 0 0 3.5
52 10 0 2.25
178 10 0 2.25
236 2 0 2.75
171 0 0 2.25
183 13 0 3.75
36 18 0 3.5
60 29 0 2.5
87 -2 0 3.0
64 5 0 2.5
21 23 0 1.5
43 1 0 3.25
143 -30 0 1.75
9 -30 0 2.0
14 30 0 2.25
45 57 0 2.75
253 -17 0 2.5
344 11 0 2.25
359 6 0 2.75
355 15 0 3.5
136 5 0 2.5
227 3 0 2.75
23 12 0 1.75
254 24 0 3.75
192 19 0 3.0
308 12 0 3.5
151 24 0 2.75
177 2 0 3.25
338 -18 0 3.0
338 24 0 3.25
50 13 0 2.5
253 13 0 3.75
31 -40 0 3.5
125 9 0 3.5
173 15 0 2.25
222 11 0 3.75
92 2 0 2.25
352 20 0 1.5
338 9 0 3.5
257 11 0 3.5
251 8 0 3.0
131 5 0 2.0
177 8 0 2.5
8 54 0 4.0
177 24 0 1.5
267 2 0 4.0
209 21 0 2.75
141 5 0 1.75
61 27 0 2.0
333 23 0 2.25
221 -11 0 2.0
209 0 0 2.75
204 -1 0 1.75
10 0 0 4.0
145 20 0 3.75
73 18 0 1.5
148 26 0 2.25
353 5 0 3.0
104 16 0 2.25
209 15 0 3.0
204 20 0 2.5
315 18 0 1.75
29 18 0 1.75
253 5 0 3.75
211 -18 0 1.5
261 25 0 2.5
124 4 0 3.75
31 19 0 3.0
61 24 0 1.75
65 22 0 3.25
325 4 0 2.75
195 10 0 3.0
128 25 0 3.75
271 38 0 4.0
183 52 0 3.75
281 2 0 1.75
275 12 0 2.5
205 20 0 2.0
141 15 0 2.0
267 16 0 2.5
219 7 0 3.25
88 22 0 3.25
74 0 0 2.25
106 18 0 3.75
107 9 0 3.0
88 1 0 2.25
169 22 0 2.75
83 12 0 4.0
230 -33 0 3.5
77 -13 0 1.75
156 5 0 4.0
161 -25 0 2.75
232 24 0 2.75
132 15 0 3.25
313 26 0 3.5
353 16 0 4.0
251 12 0 3.0
45 30 0 2.5
167 17 0 2.0
32 18 0 2.0
63 19 0 2.25
312 0 0 3.75
36 16 0 1.5
251 24 0 2.5
222 19 0 3.0
10 22 0 3.25
164 19 0 3.75
82 2 0 3.75
190 10 0 1.75
137 -27 0 3.5
293 28 0 1.5
34 8 0 4.0
252 30 0 1.5
228 4 0 2.75
259 4 0 2.25
220 30 0 3.75
221 26 0 2.5
215 9 0 2.25
188 11 0 2.0
166 27 0 1.75
47 16 0 4.0
115 22 0 2.25
47 2 0 4.0
240 41 0 4.0
129 -19 0 3.75
353 23 0 2.25
65 0 0 2.5
107 23 0 3.0
282 19 0 1.5
205 21 0 2.75
208 29 0 2.0
243 13 0 2.75
357 4 0 3.75
332 21 0 3.5
249 20 0 4.0
123 7 0 2.75
215 19 0 3.75
97 12 0 3.75
322 0 0 3.5
288 5 0 2.5
234 10 0 3.0
348 -20 0 3.75
85 27 0 2.0
332 27 0 3.75
275 7 0 3.5
256 12 0 2.75
21 2 0 4.0
36 14 0 3.75
68 -13 0 3.75
275 15 0 4.0
163 8 0 3.0
358 17 0 1.75
266 -13 0 3.0
158 16 0 2.0
155 17 0 3.25
47 28 0 2.25
334 -7 0 2.0
332 12 0 3.75
109 54 0 3.25
98 16 0 2.75
307 24 0 1.5
272 15 0 3.75
218 30 0 3.75
154 19 0 2.25
122 21 0 2.25
6 7 0 3.75
228 -6 0 3.0
41 19 0 4.0
207 1 0 3.75
115 5 0 3.25
274 15 0 3.75
43 17 0 2.75
0 23 0 3.5
115 -4 0 3.75
304 28 0 3.75
177 6 0 3.5
29 30 0 2.25
253 8 0 3.5
86 26 0 3.75
17 23 0 4.0
263 20 0 2.0
17 30 0 2.5
115 28 0 2.25
176 44 0 2.5
79 -30 0 2.5
214 9 0 3.0
36 8 0 3.5
146 18 0 2.0
276 47 0 2.25
54 -16 0 3.0
197 0 0 4.0
64 24 0 3.5
137 23 0 3.5
290 18 0 3.25
74 20 0 2.5
259 14 0 2.0
318 -2 0 4.0
12 0 0 2.25
203 3 0 1.75
67 -10 0 3.5
125 24 0 2.5
263 -11 0 2.0
135 20 0 2.5
205 -24 0 2.25
112 2 0 3.25
338 14 0 3.75
5 9 0 2.25
291 29 0 3.75
11 12 0 4.0
121 16 0 1.5
205 14 0 3.0
260 24 0 3.5
206 29 0 3.25
231 11 0 2.5
342 14 0 3.5
64 6 0 3.5
245 -27 0 4.0
253 15 0 3.5
109 15 0 2.5
256 28 0 3.5
67 60 0 1.5
163 3 0 3.5
276 51 0 2.75
280 29 0 3.25
155 28 0 2.25
181 -18 0 3.5
102 -49 0 2.0
176 10 0 2.25
144 5 0 1.5
231 25 0 1.75
172 0 0 3.75
314 16 0 1.75
53 7 0 2.5
253 8 0 2.5
188 -14 0 4.0
80 5 0 3.0
9 4 0 3.25
79 26 0 1.5
100 10 0 2.25
112 11 0 2.5
347 -10 0 2.25
215 6 0 2.75
274 46 0 1.75
328 26 0 4.0
201 11 0 2.5
313 26 0 1.5
131 17 0 1.5
87 12 0 3.75
231 27 0 1.75
110 11 0 3.75
1 6 0 2.25
226 20 0 3.75
123 -20 0 2.75
220 10 0 3.75
176 23 0 1.5
153 13 0 4.0
42 44 0 3.5
239 64 0 4.0
8 -30 0 3.0
350 19 0 1.5
18 2 0 3.75
315 11 0 2.75
165 25 0 1.75
135 9 0 2.75
39 15 0 3.5
281 3 0 1.5
77 33 0 1.75
319 30 0 1.75
31 6 0 2.5
24 4 0 3.75
96 13 0 2.75
126 11 0 3.0
197 0 0 3.75
239 8 0 2.5
182 18 0 3.75
98 17 0 2.0
86 6 0 2.75
98 14 0 1.5
175 6 0 2.0
5 14 0 2.0
192 19 0 2.75
230 29 0 4.0
269 26 0 4.0
80 3 0 3.0
187 27 0 2.0
251 -21 0 3.0
263 12 0 3.25
55 22 0 2.0
153 16 0 1.75
176 8 0 3.25
177 16 0 3.0
321 10 0 3.5
141 23 0 2.5
356 28 0 2.5
123 22 0 4.0
45 2 0 4.0
57 25 0 1.5
95 50 0 3.0
11 21 0 1.5
82 0 0 3.75
297 11 0 2.5
294 -15 0 2.25
169 15 0 3.5
144 8 0 4.0
156 1 0 4.0
355 10 0 2.5
45 68 0 2.5
13 17 0 3.75
231 59 0 3.0
3 11 0 1.75
133 26 0 3.25
157 9 0 2.75
275 21 0 2.5
233 23 0 3.5
258 41 0 2.75
140 14 0 1.5
156 20 0 1.75
203 22 0 3.5
162 15 0 3.75
152 53 0 1.75
111 7 0 3.25
154 50 0 1.75
243 17 0 3.25
250 15 0 3.0
276 13 0 1.75
255 11 0 1.5
191 3 0 4.0
7 8 0 3.0
64 14 0 1.5
223 29 0 3.75
108 22 0 2.25
196 22 0 1.75
299 8 0 2.0
133 -8 0 1.75
28 1 0 2.0
103 3 0 1.5
177 16 0 2.0
30 17 0 4.0
193 18 0 2.0
339 18 0 2.25
176 1 0 3.25
91 22 0 2.5
316 25 0 3.25
160 -36 0 2.0
180 20 0 2.0
45 -29 0 3.0
285 11 0 3.75
142 8 0 3.5
30 16 0 1.5
176 12 0 1.5
217 9 0 2.0
86 3 0 3.0
162 18 0 2.5
71 1 0 3.0
7 25 0 2.0
96 10 0 1.75
200 6 0 2.0
355 21 0 2.5
297 15 0 3.0
328 13 0 2.5
230 7 0 2.75
151 6 0 3.75
328 10 0 1.5
161 -18 0 1.75
146 18 0 1.75
330 4 0 3.75
129 19 0 2.0
128 6 0 1.5
297 24 0 3.75
29 13 0 3.0
260 21 0 3.25
251 24 0 1.5
196 18 0 3.25
324 29 0 1.5
204 26 0 2.25
199 47 0 2.0
351 22 0 3.5
317 19 0 2.25
159 27 0 1.5
154 18 0 3.0
338 25 0 2.75
348 -34 0 3.0
10 13 0 4.0
316 -19 0 3.0
317 14 0 4.0
262 22 0 2.5
59 30 0 2.75
35 7 0 2.5
117 4 0 3.75
271 8 0 3.25
332 13 0 2.0
237 -11 0 3.0
144 2 0 3.75
292 24 0 3.75
19 19 0 3.5
82 11 0 1.75
308 29 0 3.5
93 24 0 1.5
237 20 0 2.75
113 5 0 3.0
47 30 0 3.5
276 19 0 3.5
294 4 0 2.0
240 26 0 3.75
258 25 0 4.0
12 29 0 2.5
65 10 0 3.5
286 8 0 3.0
250 20 0 4.0
35 16 0 1.75
102 -11 0 2.5
126 12 0 1.5
240 12 0 2.5
38 -13 0 2.75
331 0 0 4.0
163 0 0 2.75
316 20 0 2.25
332 21 0 3.75
158 42 0 2.75
266 18 0 1.5
163 32 0 3.75
286 16 0 3.5
238 19 0 1.5
46 21 0 1.5
41 21 0 4.0
308 15 0 2.75
117 11 0 2.5
133 10 0 2.75
81 6 0 4.0
351 19 0 3.5
173 16 0 3.75
60 21 0 4.0
293 10 0 3.75
308 11 0 3.25
356 19 0 1.5
105 22 0 3.75
230 6 0 3.0
265 18 0 3.25
217 15 0 2.5
198 3 0 1.5
251 22 0 3.0
212 7 0 1.75
129 10 0 2.0
157 19 0 3.0
185 16 0 3.75
187 9 0 1.5
247 10 0 3.75
340 26 0 3.5
39 27 0 2.25
164 30 0 1.75
22 26 0 3.25
278 21 0 1.75
216 14 0 4.0
232 28 0 3.75
105 -19 0 2.75
164 22 0 3.5
342 25 0 3.75
160 -7 0 3.25
190 12 0 3.75
336 4 0 3.25
8 44 0 1.5
307 17 0 3.25
134 22 0 3.0
38 9 0 1.75
158 49 0 4.0
340 5 0 3.5
125 6 0 2.0
239 22 0 4.0
40 19 0 2.5
338 27 0 3.25
170 13 0 2.5
107 26 0 2.25
244 2 0 2.5
217 19 0 2.25
75 8 0 3.25
230 11 0 3.0
296 21 0 2.0
39 3 0 2.75
205 2 0 1.5
100 -23 0 3.5
233 21 0 2.5
343 15 0 1.75
163 24 0 2.5
252 25 0 2.75
86 18 0 3.25
257 9 0 2.0
35 11 0 2.5
39 30 0 3.0
194 18 0 4.0
36 -47 0 1.5
124 9 0 2.5
166 14 0 2.5
219 28 0 2.75
81 27 0 2.0
246 14 0 3.5
90 22 0 2.5
38 16 0 3.25
326 16 0 3.25
106 24 0 3.5
102 23 0 2.75
332 14 0 2.25
214 5 0 3.5
256 29 0 2.5
44 29 0 2.25
324 0 0 2.5
353 8 0 1.75
177 9 0 3.0
300 26 0 3.25
348 42 0 3.25
231 1 0 1.75
84 17 0 3.5
78 26 0 1.75
293 1 0 4.0
354 21 0 2.25
35 9 0 1.5
248 28 0 3.75
134 18 0 3.25
204 7 0 2.0
146 14 0 2.0
205 0 0 2.0
24 18 0 3.0
306 18 0 2.25
162 -18 0 3.75
5 30 0 2.5
302 29 0 2.25
91 -17 0 3.0
264 22 0 3.75
93 7 0 4.0
309 21 0 3.5
129 29 0 2.75
67 15 0 4.0
243 27 0 2.75
214 0 0 2.25
174 29 0 1.5
57 16 0 2.0
316 9 0 1.75
295 4 0 1.5
59 14 0 3.25
55 1 0 3.25
135 18 0 3.25
272 67 0 3.75
265 19 0 2.5
138 47 0 2.0
290 20 0 3.0
255 19 0 3.0
357 13 0 3.75
92 5 0 2.75
140 3 0 3.25
11 14 0 2.75
154 6 0 3.75
344 28 0 4.0
30 9 0 3.75
317 13 0 3.5
89 11 0 4.0
343 1 0 3.25
77 29 0 1.75
234 28 0 1.5
224 -30 0 4.0
290 43 0 1.75
31 25 0 3.25
196 13 0 2.75
344 3 0 3.0
142 20 0 1.75
161 15 0 2.25
35 7 0 2.0
283 21 0 1.75
287 24 0 1.75
34 9 0 2.0
152 19 0 2.75
353 9 0 4.0
282 7 0 1.5
338 11 0 3.25
135 28 0 1.5
11 21 0 3.5
17 31 0 3.5
230 17 0 1.75
247 11 0 3.25
261 17 0 4.0
118 28 0 2.0
298 20 0 3.0
279 30 0 3.25
189 17 0 1.75
352 2 0 2.0
328 29 0 4.0
79 13 0 3.5
118 17 0 4.0
359 16 0 3.75
204 -5 0 2.75
255 20 0 2.5
88 -39 0 2.5
319 13 0 4.0
262 25 0 3.5
30 3 0 2.0
212 20 0 3.75
126 2 0 3.75
277 14 0 1.75
142 3 0 2.5
179 0 0 1.75
268 9 0 3.5
34 0 0 3.5
259 22 0 2.25
302 27 0 2.5
264 30 0 2.75
45 22 0 3.25
353 10 0 3.25
217 6 0 4.0
31 29 0 4.0
344 12 0 4.0
12 12 0 2.25
90 17 0 3.5
352 -33 0 3.75
72 1 0 1.5
24 28 0 4.0
280 20 0 4.0
273 25 0 1.75
124 6 0 3.0
39 28 0 1.5
152 21 0 4.0
2 6 0 3.5
209 -26 0 3.0
56 30 0 2.5
202 8 0 2.75
241 25 0 3.25
266 9 0 2.0
342 20 0 3.75
148 12 0 2.5
25 9 0 4.0
130 3 0 2.0
22 -9 0 3.0
193 64 0 2.0
143 28 0 2.75
141 12 0 4.0
185 14 0 2.5
34 0 0 4.0
109 27 0 3.5
209 10 0 2.75
44 3 0 2.5
41 4 0 3.0
109 20 0 2.0
86 29 0 1.75
168 21 0 1.75
96 3 0 3.25
153 10 0 3.5
132 6 0 2.75
151 10 0 4.0
45 25 0 3.0
97 7 0 2.0
277 30 0 2.75
252 26 0 4.0
291 11 0 3.5
297 21 0 2.5
220 -23 0 3.0
257 30 0 2.25
166 -40 0 3.75
189 17 0 4.0
241 4 0 1.75
157 20 0 2.75
200 10 0 2.5
211 -17 0 3.75
120 1 0 3.75
328 20 0 2.0
101 4 0 1.75
285 25 0 3.75
149 6 0 3.75
310 -18 0 3.5
209 21 0 1.5
246 11 0 2.25
188 26 0 1.75
223 18 0 2.75
149 22 0 4.0
359 -24 0 1.5
63 1 0 4.0
322 12 0 2.5
235 29 0 2.5
145 17 0 2.25
77 30 0 3.0
75 20 0 3.75
28 10 0 2.25
213 15 0 3.0
43 25 0 2.0
174 19 0 2.75
37 29 0 1.5
208 18 0 3.5
173 -21 0 3.75
277 24 0 1.75
26 5 0 3.75
157 41 0 4.0
346 3 0 2.75
10 12 0 2.75
324 3 0 3.0
77 21 0 3.0
289 21 0 3.0
234 12 0 3.25
273 16 0 2.25
60 28 0 1.5
211 -17 0 2.5
283 19 0 3.0
306 21 0 2.75
290 -13 0 3.0
356 40 0 2.75
357 -30 0 3.75
186 14 0 2.75
194 6 0 3.75
161 25 0 2.25
18 23 0 2.25
34 15 0 2.75
178 2 0 2.0
178 18 0 2.5
277 17 0 4.0
280 13 0 2.0
41 24 0 3.75
163 18 0 3.5
224 2 0 2.5
125 72 0 4.0
5 48 0 3.5
268 30 0 3.75
332 43 0 1.5
98 3 0 3.5
163 -27 0 3.0
57 14 0 3.75
227 8 0 1.5
101 13 0 1.5
341 16 0 1.75
205 27 0 2.0
296 3 0 3.5
135 18 0 3.75
94 8 0 4.0
322 23 0 3.0
228 9 0 2.0
117 7 0 2.0
25 20 0 3.25
210 1 0 2.25
58 4 0 1.75
24 18 0 1.75
223 17 0 2.0
315 3 0 2.0
41 7 0 3.75
304 5 0 4.0
214 28 0 1.75
52 13 0 2.5
277 11 0 4.0
339 22 0 3.5
239 16 0 3.75
11 17 0 4.0
219 3 0 1.5
108 24 0 4.0
242 4 0 2.0
242 -5 0 2.75
244 15 0 2.0
120 18 0 2.25
204 21 0 4.0
76 14 0 4.0
292 19 0 2.75
107 19 0 2.25
342 28 0 3.0
283 17 0 1.75
70 -2 0 1.75
187 12 0 3.5
111 22 0 4.0
31 19 0 1.75
248 1 0 1.75
51 0 0 2.25
354 4 0 3.0
283 2 0 3.25
122 27 0 2.25
100 78 0 3.75
126 -43 0 3.25
170 13 0 3.75
160 62 0 2.5
141 16 0 1.5
54 -24 0 2.0
217 19 0 1.5
154 14 0 2.75
351 24 0 1.5
87 1 0 3.5
334 24 0 1.75
148 27 0 4.0
52 20 0 3.5
75 1 0 2.0
16 9 0 3.75
28 24 0 2.75
250 36 0 3.0
51 17 0 2.0
100 15 0 3.5
231 19 0 3.25
160 10 0 2.5
275 5 0 3.25
298 3 0 3.75
15 -12 0 2.75
303 10 0 1.75
18 -22 0 2.75
310 25 0 4.0
325 15 0 3.0
157 22 0 2.25
261 29 0 3.0
131 15 0 3.0
165 21 0 1.5
97 21 0 1.5
228 -9 0 1.75
80 1 0 1.5
229 28 0 4.0
59 20 0 1.75
320 14 0 3.0
1 21 0 3.25
37 30 0 3.25
294 25 0 1.75
91 4 0 1.5
286 14 0 4.0
225 8 0 4.0
53 17 0 3.75
1 -9 0 2.25
179 15 0 2.5
272 30 0 1.75
119 16 0 3.25
309 24 0 1.75
103 10 0 3.0
125 1 0 3.25
73 28 0 3.0
111 19 0 2.0
108 8 0 4.0
8 26 0 2.5
256 22 0 3.0
332 17 0 2.0
275 -11 0 4.0
57 12 0 1.75
253 9 0 2.5
309 19 0 3.25
25 55 0 2.5
23 57 0 3.0
264 15 0 2.5
212 1 0 3.25
310 -37 0 2.25
60 8 0 1.75
293 5 0 1.75
250 3 0 2.0
229 2 0 2.0
167 13 0 3.0
199 2 0 2.75
311 28 0 1.75
254 18 0 4.0
51 11 0 3.25
