280 34 0 1.0
158 3 0 1.5
335 35 0 2.25
262 0 0 3.75
270 2 0 1.25
10 5 0 2.75
94 5 0 3.25
344 1 0 1.0
66 15 0 2.75
301 61 0 3.25
101 6 0 3.75
49 24 0 2.0
147 23 0 1.0
353 25 0 1.0
206 12 0 2.5
286 6 0 3.0
199 54 0 3.75
107 8 0 2.5
337 69 0 4.0
151 3 0 3.5
162 0 0 1.0
233 5 0 1.5
135 14 0 4.0
283 32 0 1.5
88 9 0 3.5
170 57 0 2.5
176 71 0 3.75
186 25 0 2.5
157 20 0 3.0
88 6 0 4.0
323 15 0 3.25
21 23 0 1.5
302 11 0 1.25
304 19 0 1.5
266 29 0 1.25
231 9 0 2.25
154 0 0 2.75
299 23 0 3.5
233 22 0 3.5
153 1 0 3.0
314 18 0 2.75
352 6 0 1.0
163 58 0 1.25
346 3 0 1.5
82 1 0 1.0
225 14 0 2.5
289 26 0 4.0
117 26 0 2.75
271 46 0 3.5
79 12 0 1.25
341 7 0 2.75
218 1 0 3.5
345 25 0 2.25
287 76 0 2.25
335 18 0 3.75
6 20 0 3.25
338 3 0 3.75
70 24 0 2.25
291 13 0 3.5
335 20 0 1.25
78 5 0 2.0
66 8 0 1.0
197 8 0 3.0
181 15 0 2.5
185 24 0 3.75
247 4 0 2.75
94 11 0 2.75
314 14 0 1.0
258 40 0 2.5
196 26 0 1.25
267 72 0 2.5
279 57 0 1.75
177 8 0 1.5
273 26 0 1.0
352 2 0 1.0
271 9 0 1.75
192 27 0 4.0
256 26 0 1.25
79 0 0 3.0
224 26 0 3.75
311 21 0 2.75
207 26 0 2.75
337 6 0 3.0
40 11 0 1.25
149 24 0 3.25
354 10 0 3.5
63 18 0 2.25
322 26 0 3.0
56 18 0 3.75
12 60 0 2.0
42 9 0 3.0
43 5 0 2.25
244 23 0 2.5
118 14 0 1.5
117 24 0 1.5
213 0 0 3.0
13 23 0 3.25
317 10 0 1.0
300 31 0 3.5
166 29 0 3.25
11 2 0 3.25
272 6 0 3.25
16 13 0 2.75
142 8 0 1.0
262 13 0 4.0
107 80 0 1.5
317 12 0 3.0
220 78 0 2.25
160 6 0 1.75
66 7 0 3.5
266 50 0 1.5
168 17 0 3.25
193 23 0 2.0
141 28 0 1.5
165 27 0 2.5
227 22 0 2.75
181 44 0 3.25
48 20 0 2.25
288 13 0 1.25
269 22 0 1.0
246 43 0 3.25
231 24 0 2.0
346 28 0 3.0
112 8 0 3.75
333 25 0 2.0
155 23 0 3.25
172 0 0 2.75
150 18 0 3.5
305 26 0 1.75
286 6 0 2.25
223 15 0 3.75
37 75 0 3.5
346 6 0 2.0
281 27 0 2.5
8 29 0 3.0
81 17 0 3.5
24 7 0 3.75
232 8 0 3.5
353 30 0 2.5
120 11 0 1.0
108 9 0 1.75
16 78 0 3.0
240 26 0 1.25
290 1 0 1.5
325 0 0 1.5
294 16 0 3.5
151 12 0 1.0
282 33 0 2.0
151 30 0 3.5
164 0 0 1.25
358 25 0 2.5
38 28 0 3.25
331 13 0 2.75
95 25 0 3.75
157 8 0 3.75
326 45 0 2.0
202 17 0 3.75
34 0 0 1.5
330 7 0 3.0
317 0 0 1.0
96 11 0 1.0
336 14 0 3.75
22 6 0 2.5
306 8 0 2.5
132 16 0 2.5
88 10 0 2.25
227 10 0 1.25
300 27 0 3.5
329 11 0 1.75
206 73 0 3.25
199 22 0 3.5
4 1 0 3.0
243 1 0 2.0
268 72 0 1.5
241 27 0 3.0
45 52 0 1.25
343 21 0 3.0
292 5 0 1.75
188 13 0 4.0
108 25 0 3.5
350 21 0 4.0
325 29 0 2.0
262 0 0 2.5
178 12 0 3.5
270 35 0 1.25
349 26 0 3.0
210 28 0 1.25
34 30 0 1.25
193 15 0 3.25
32 1 0 2.25
201 0 0 3.5
267 12 0 2.0
240 7 0 1.75
306 20 0 1.25
137 7 0 2.75
103 11 0 1.75
79 8 0 3.25
310 1 0 3.75
299 10 0 2.5
214 0 0 4.0
78 6 0 2.25
175 29 0 2.25
278 3 0 4.0
94 4 0 1.25
213 8 0 1.75
320 1 0 3.5
285 3 0 2.0
102 11 0 2.5
35 0 0 1.5
146 17 0 1.25
209 28 0 3.75
320 28 0 1.0
102 16 0 3.25
2 14 0 4.0
229 7 0 3.5
17 29 0 3.25
255 0 0 2.5
310 26 0 2.75
52 9 0 1.5
142 39 0 3.75
4 9 0 2.25
22 19 0 2.0
154 7 0 2.25
217 5 0 3.0
327 39 0 2.5
328 6 0 1.25
156 10 0 1.75
319 15 0 1.5
118 21 0 1.0
136 77 0 1.75
55 12 0 1.5
174 77 0 2.5
264 23 0 2.75
255 24 0 1.0
302 5 0 2.5
20 13 0 1.0
255 0 0 3.25
18 26 0 1.5
0 16 0 3.5
135 10 0 4.0
130 42 0 1.25
248 51 0 1.25
138 0 0 4.0
165 24 0 3.5
231 7 0 1.25
73 38 0 2.75
219 16 0 2.25
210 12 0 3.75
116 22 0 1.75
356 10 0 3.0
208 28 0 2.25
54 25 0 2.25
342 20 0 3.5
96 16 0 1.25
82 27 0 4.0
3 4 0 1.75
108 6 0 2.0
60 9 0 2.25
352 24 0 3.25
180 13 0 2.75
11 7 0 1.5
152 52 0 2.0
75 3 0 2.75
259 5 0 1.0
167 63 0 3.5
76 13 0 2.25
283 30 0 3.75
295 7 0 3.5
65 6 0 4.0
217 18 0 3.25
43 22 0 1.5
63 7 0 1.0
33 18 0 3.25
218 6 0 1.0
261 5 0 2.75
254 67 0 4.0
133 29 0 2.25
126 54 0 2.5
216 53 0 2.0
220 20 0 4.0
23 18 0 2.25
170 11 0 2.25
155 11 0 3.0
150 1 0 1.75
328 16 0 3.25
37 16 0 3.0
357 1 0 2.0
188 27 0 3.0
54 24 0 3.5
204 0 0 2.75
222 3 0 3.25
156 21 0 3.5
54 11 0 2.75
72 7 0 2.25
148 16 0 3.0
265 6 0 2.75
260 28 0 2.5
317 16 0 1.25
113 22 0 2.5
81 4 0 1.75
36 12 0 4.0
117 58 0 2.0
132 11 0 3.75
141 29 0 4.0
189 53 0 4.0
265 36 0 3.25
298 17 0 2.0
229 10 0 3.25
120 3 0 3.75
124 24 0 3.0
300 2 0 3.75
227 2 0 2.25
233 26 0 3.25
255 49 0 4.0
14 11 0 2.0
210 27 0 4.0
144 21 0 2.75
294 17 0 3.75
102 60 0 1.75
48 30 0 3.75
153 20 0 1.5
153 30 0 1.5
228 24 0 2.75
212 2 0 1.5
243 31 0 2.75
133 0 0 1.75
291 1 0 2.25
220 7 0 2.5
134 14 0 3.75
231 10 0 2.5
182 12 0 4.0
314 62 0 3.25
289 12 0 1.0
265 20 0 2.75
32 54 0 3.5
81 8 0 3.0
67 8 0 3.75
3 13 0 1.75
33 3 0 1.0
14 28 0 1.75
346 49 0 2.25
101 62 0 3.25
221 0 0 3.5
354 23 0 1.5
277 53 0 2.5
280 17 0 2.5
202 10 0 4.0
357 30 0 3.0
79 1 0 2.25
43 46 0 2.5
299 4 0 4.0
235 5 0 3.75
83 12 0 2.5
227 33 0 2.0
28 12 0 2.0
246 26 0 3.75
68 56 0 1.5
348 14 0 3.0
39 28 0 2.5
174 6 0 2.0
281 26 0 3.5
25 27 0 2.5
319 5 0 2.75
295 34 0 1.25
44 23 0 2.0
268 8 0 2.25
353 53 0 1.75
54 16 0 3.75
10 12 0 3.5
280 22 0 2.0
177 8 0 1.75
55 1 0 1.75
81 5 0 1.0
347 8 0 2.75
189 22 0 4.0
246 18 0 1.75
349 30 0 3.5
149 11 0 1.5
74 28 0 3.75
37 20 0 1.0
154 13 0 4.0
224 16 0 3.0
92 3 0 1.75
136 12 0 1.25
284 22 0 3.25
170 65 0 2.0
150 30 0 1.25
19 17 0 1.0
206 2 0 2.75
28 19 0 2.5
171 22 0 2.25
139 11 0 2.0
84 69 0 4.0
208 27 0 3.75
241 20 0 3.25
19 14 0 4.0
346 26 0 4.0
300 25 0 2.25
28 4 0 3.25
125 32 0 1.5
53 15 0 2.5
53 6 0 1.5
194 27 0 2.5
335 46 0 3.0
91 25 0 3.25
125 19 0 3.0
179 29 0 1.0
304 70 0 4.0
92 9 0 1.25
8 14 0 3.0
69 0 0 3.75
45 10 0 2.0
295 19 0 4.0
339 24 0 3.0
127 26 0 1.0
270 16 0 2.0
138 25 0 4.0
187 28 0 3.0
24 42 0 3.75
103 1 0 3.5
138 53 0 1.5
310 11 0 4.0
286 6 0 2.5
288 20 0 1.25
184 21 0 1.75
251 11 0 1.75
171 20 0 2.5
62 18 0 2.75
227 30 0 3.25
228 16 0 1.0
158 48 0 1.0
201 16 0 3.75
45 22 0 3.25
90 22 0 1.25
276 29 0 1.5
311 10 0 3.5
184 13 0 1.5
241 28 0 1.5
52 18 0 3.5
280 3 0 2.75
86 55 0 2.75
268 21 0 1.25
27 22 0 2.5
93 19 0 2.75
333 27 0 3.75
143 3 0 2.0
63 12 0 3.0
163 30 0 2.5
170 13 0 1.75
155 21 0 3.5
319 14 0 3.25
16 17 0 4.0
332 1 0 1.75
103 12 0 3.5
234 48 0 3.5
189 6 0 3.75
289 24 0 1.5
240 47 0 3.5
207 23 0 3.75
16 15 0 1.25
147 29 0 3.0
223 4 0 1.5
179 6 0 3.25
125 29 0 2.5
163 44 0 1.0
36 28 0 3.0
245 48 0 3.75
326 10 0 4.0
118 5 0 1.0
125 11 0 1.75
79 27 0 3.0
68 17 0 2.25
240 14 0 1.25
100 25 0 2.25
121 5 0 1.25
131 38 0 2.25
150 14 0 3.75
52 17 0 3.75
131 10 0 3.0
73 20 0 1.0
83 58 0 2.25
15 41 0 1.75
34 25 0 1.5
34 21 0 1.25
127 27 0 1.5
265 18 0 1.0
299 8 0 3.5
118 1 0 3.75
37 13 0 3.75
120 16 0 3.25
174 50 0 3.5
147 16 0 1.5
80 23 0 3.0
234 6 0 3.25
116 48 0 2.75
218 30 0 2.0
358 4 0 2.25
74 10 0 1.25
310 30 0 3.0
192 7 0 2.0
121 36 0 2.5
143 5 0 2.25
358 1 0 4.0
268 11 0 3.0
237 21 0 1.75
9 26 0 1.75
142 1 0 3.75
172 24 0 1.0
4 13 0 2.0
8 26 0 1.5
155 1 0 1.75
40 23 0 3.25
119 6 0 3.75
341 14 0 3.25
254 8 0 3.75
19 10 0 1.0
166 22 0 4.0
113 22 0 1.5
115 20 0 3.0
266 4 0 2.0
329 29 0 1.0
277 0 0 4.0
319 1 0 1.25
341 72 0 2.25
240 27 0 2.25
83 8 0 3.5
253 5 0 1.25
179 2 0 1.25
98 15 0 4.0
313 23 0 1.25
205 28 0 3.75
358 65 0 1.0
312 8 0 2.25
255 24 0 2.25
354 60 0 3.0
317 12 0 3.25
126 30 0 1.75
221 21 0 4.0
214 10 0 3.25
242 0 0 3.0
297 57 0 1.0
20 25 0 1.75
116 0 0 3.0
18 18 0 2.75
135 0 0 3.75
296 4 0 1.0
27 23 0 1.5
355 24 0 3.75
243 25 0 2.5
211 11 0 1.0
131 0 0 2.25
242 10 0 3.5
290 23 0 2.0
290 61 0 1.25
108 10 0 2.0
265 3 0 3.25
330 51 0 2.5
90 21 0 3.25
41 6 0 2.0
216 24 0 3.25
184 19 0 3.5
344 3 0 2.75
97 21 0 1.0
196 17 0 1.25
222 42 0 3.0
211 20 0 2.25
315 2 0 3.25
339 26 0 1.0
86 58 0 3.25
87 60 0 2.75
84 9 0 3.0
19 21 0 2.0
338 16 0 2.75
14 10 0 1.0
65 13 0 2.75
255 15 0 3.25
130 0 0 3.25
24 33 0 3.25
136 15 0 3.25
280 16 0 2.5
117 25 0 3.75
256 0 0 2.75
338 23 0 1.25
101 1 0 3.0
343 60 0 2.75
263 21 0 1.75
320 29 0 1.5
349 3 0 2.75
342 0 0 1.75
70 21 0 1.0
144 18 0 1.0
227 13 0 2.5
13 22 0 1.0
88 11 0 3.0
25 23 0 3.25
199 12 0 3.5
271 2 0 3.0
104 17 0 2.25
212 22 0 1.75
279 38 0 1.0
23 62 0 1.25
210 5 0 2.5
70 7 0 2.0
170 15 0 1.75
188 26 0 2.5
95 10 0 2.25
229 11 0 2.75
308 10 0 3.5
262 11 0 3.5
51 26 0 4.0
217 16 0 3.5
311 42 0 2.25
326 25 0 3.25
180 30 0 4.0
115 26 0 2.5
284 27 0 1.0
227 34 0 1.5
10 3 0 3.75
34 17 0 3.0
241 25 0 2.0
256 22 0 3.5
200 0 0 1.5
177 15 0 1.0
15 0 0 3.0
210 25 0 2.75
253 20 0 3.5
81 8 0 2.5
277 8 0 1.0
7 30 0 1.5
345 4 0 1.0
173 8 0 3.0
266 27 0 1.5
38 19 0 4.0
31 27 0 2.75
102 17 0 3.5
267 21 0 2.25
132 5 0 2.5
84 23 0 1.75
299 14 0 3.75
244 21 0 1.25
105 1 0 2.5
189 10 0 2.5
290 25 0 1.25
189 22 0 2.25
343 5 0 3.75
91 30 0 3.25
99 50 0 4.0
189 26 0 4.0
310 11 0 1.25
170 30 0 3.25
59 19 0 3.5
211 0 0 3.0
172 14 0 4.0
330 7 0 3.25
20 60 0 4.0
19 13 0 3.75
323 2 0 2.75
171 65 0 4.0
240 37 0 1.0
348 15 0 2.0
298 15 0 2.5
64 1 0 3.25
97 2 0 2.25
112 21 0 1.25
123 10 0 3.75
34 15 0 3.75
41 23 0 2.5
15 4 0 1.0
183 9 0 1.25
74 6 0 1.5
79 2 0 3.25
220 36 0 1.25
269 57 0 1.75
281 22 0 3.0
102 12 0 1.0
161 21 0 1.0
191 28 0 3.75
62 60 0 3.75
153 26 0 1.25
256 25 0 1.75
19 29 0 2.25
181 12 0 3.75
74 17 0 2.0
136 13 0 2.25
243 2 0 1.25
204 5 0 2.75
226 8 0 2.5
104 21 0 2.75
231 1 0 2.25
48 0 0 2.25
42 25 0 3.0
269 15 0 3.5
61 5 0 3.5
169 2 0 2.0
288 7 0 3.5
182 17 0 2.75
28 25 0 2.75
241 29 0 1.0
221 9 0 1.75
358 15 0 3.75
96 20 0 3.25
174 0 0 3.75
105 75 0 3.5
141 12 0 1.5
129 39 0 3.25
93 12 0 3.75
29 14 0 2.75
212 11 0 3.75
54 1 0 3.75
19 2 0 3.25
211 3 0 4.0
141 53 0 3.0
82 0 0 1.0
347 4 0 1.5
188 8 0 1.75
313 6 0 2.25
182 8 0 3.5
77 13 0 2.5
170 11 0 2.0
27 26 0 4.0
126 25 0 3.75
33 27 0 2.25
113 79 0 3.75
162 17 0 1.75
43 27 0 3.25
128 4 0 1.25
88 22 0 2.0
289 65 0 2.5
353 0 0 3.5
208 14 0 3.75
87 23 0 3.25
290 12 0 1.25
39 22 0 3.75
239 21 0 3.0
128 3 0 1.25
177 14 0 3.0
263 3 0 2.75
136 68 0 2.25
254 16 0 1.0
281 58 0 2.0
248 4 0 2.0
297 20 0 3.75
259 22 0 3.0
239 1 0 2.0
241 12 0 2.5
235 11 0 2.5
263 17 0 2.75
156 24 0 2.25
356 29 0 2.0
201 33 0 1.25
27 10 0 1.75
179 14 0 2.0
49 19 0 3.25
267 16 0 2.25
237 10 0 2.25
83 2 0 1.5
188 28 0 2.5
68 2 0 2.25
346 14 0 3.5
29 18 0 3.0
241 25 0 1.75
214 17 0 2.75
4 10 0 2.25
255 20 0 2.0
36 38 0 3.75
124 9 0 4.0
267 29 0 4.0
289 16 0 1.0
40 5 0 3.5
306 9 0 1.5
201 27 0 3.25
218 12 0 3.75
283 12 0 3.75
348 5 0 4.0
6 15 0 2.5
191 25 0 1.75
69 21 0 3.0
93 26 0 2.25
86 13 0 1.75
130 14 0 1.75
322 8 0 4.0
188 12 0 3.75
136 28 0 3.75
119 41 0 1.0
232 50 0 1.25
290 12 0 2.0
89 4 0 2.25
265 7 0 2.0
2 12 0 1.0
115 23 0 2.75
323 4 0 4.0
203 12 0 1.25
161 21 0 1.75
143 19 0 3.5
344 11 0 2.5
11 27 0 3.5
335 26 0 1.25
117 15 0 1.5
318 4 0 2.25
201 10 0 1.0
42 21 0 4.0
288 12 0 2.0
100 27 0 3.75
153 7 0 3.75
38 35 0 2.75
8 3 0 2.0
283 4 0 3.75
229 6 0 2.5
329 10 0 2.25
92 18 0 1.0
254 56 0 3.5
54 6 0 1.25
49 3 0 1.75
194 34 0 3.25
169 22 0 3.0
207 29 0 2.0
57 12 0 2.25
113 26 0 1.5
275 28 0 2.25
128 9 0 2.75
100 20 0 4.0
111 18 0 2.0
294 26 0 1.0
289 7 0 2.75
93 22 0 3.5
101 46 0 2.75
340 19 0 1.0
356 11 0 3.25
19 3 0 3.5
28 11 0 3.75
315 2 0 1.25
347 3 0 4.0
28 17 0 1.0
16 11 0 2.0
135 19 0 1.25
197 22 0 2.5
302 22 0 1.0
335 13 0 3.0
189 6 0 1.25
265 2 0 2.75
196 59 0 4.0
149 30 0 4.0
331 4 0 2.75
180 5 0 2.25
162 16 0 2.25
118 25 0 4.0
341 8 0 2.0
277 30 0 3.75
327 18 0 2.75
324 20 0 1.5
75 2 0 2.75
270 44 0 3.5
104 9 0 2.5
247 12 0 3.5
121 10 0 1.75
49 12 0 1.5
156 50 0 3.5
290 59 0 1.0
299 26 0 2.0
125 1 0 3.0
101 8 0 2.25
348 4 0 1.5
141 4 0 2.5
84 0 0 1.75
304 30 0 2.5
251 3 0 2.75
237 10 0 4.0
95 20 0 1.25
109 15 0 2.25
245 31 0 3.5
299 20 0 1.5
135 16 0 4.0
5 26 0 4.0
141 14 0 3.25
353 4 0 2.5
233 22 0 2.5
291 38 0 3.0
298 10 0 1.5
178 5 0 3.75
144 3 0 1.5
114 21 0 2.25
345 18 0 2.5
151 25 0 3.75
355 17 0 2.75
165 17 0 3.75
54 30 0 3.0
203 63 0 3.75
292 24 0 2.75
200 15 0 3.75
18 74 0 2.75
81 23 0 2.0
196 0 0 2.0
131 7 0 2.5
327 18 0 1.75
18 7 0 1.5
74 12 0 1.0
353 26 0 2.5
310 29 0 2.75
38 5 0 2.0
284 76 0 3.5
64 22 0 2.25
33 57 0 1.5
77 26 0 1.0
131 28 0 2.75
348 17 0 1.5
167 23 0 4.0
40 11 0 1.0
356 0 0 3.0
96 6 0 1.0
228 27 0 2.5
178 21 0 2.25
298 19 0 1.75
123 19 0 1.5
113 13 0 3.0
39 50 0 2.75
72 20 0 3.5
25 10 0 3.5
276 28 0 3.5
7 20 0 3.0
173 1 0 2.0
334 5 0 1.5
107 24 0 1.0
247 20 0 1.5
73 30 0 2.5
70 13 0 2.25
59 0 0 1.25
15 17 0 3.75
309 24 0 3.75
72 14 0 2.75
120 6 0 2.0
25 21 0 4.0
241 26 0 3.75
352 42 0 2.0
211 3 0 1.5
47 22 0 4.0
201 13 0 1.0
11 16 0 3.25
331 30 0 2.0
244 8 0 3.5
151 21 0 2.0
72 10 0 2.5
241 1 0 2.75
65 20 0 1.5
253 24 0 1.25
130 53 0 3.75
286 27 0 1.25
105 4 0 1.75
236 18 0 2.75
77 10 0 4.0
124 10 0 3.25
275 19 0 3.75
187 1 0 2.75
331 0 0 3.75
208 2 0 1.75
16 21 0 3.0
266 28 0 2.25
242 14 0 3.75
40 26 0 3.25
281 41 0 1.5
114 1 0 1.0
206 10 0 1.0
255 18 0 2.0
267 18 0 1.5
320 15 0 1.0
32 21 0 2.5
244 11 0 2.75
307 73 0 1.5
354 0 0 3.0
82 17 0 3.0
121 80 0 3.5
3 1 0 1.75
146 11 0 1.25
25 16 0 2.75
102 20 0 2.25
50 18 0 2.25
130 30 0 1.75
67 76 0 2.5
279 15 0 1.5
93 19 0 3.0
144 6 0 3.25
36 31 0 1.25
7 74 0 1.25
262 26 0 3.5
23 20 0 1.5
339 29 0 4.0
135 6 0 3.25
1 12 0 1.75
179 8 0 2.5
302 25 0 3.75
44 14 0 3.75
89 14 0 2.5
20 14 0 3.25
294 8 0 3.5
55 45 0 3.5
129 17 0 3.5
346 30 0 1.25
95 15 0 3.0
346 38 0 3.75
181 9 0 1.5
97 55 0 3.0
297 14 0 1.75
341 4 0 3.5
259 9 0 3.5
226 29 0 3.75
243 22 0 2.0
69 22 0 3.75
307 28 0 3.5
27 20 0 2.25
10 14 0 4.0
122 1 0 2.25
176 20 0 3.5
140 19 0 2.5
128 27 0 1.0
349 14 0 2.25
321 74 0 1.0
32 24 0 3.25
261 19 0 3.25
43 2 0 2.0
149 21 0 3.0
182 2 0 1.5
26 6 0 1.5
74 0 0 3.5
297 29 0 3.75
75 4 0 1.0
249 36 0 4.0
45 9 0 3.5
207 20 0 2.0
125 21 0 2.5
245 8 0 1.25
45 35 0 4.0
93 13 0 2.25
96 38 0 1.25
337 29 0 1.5
53 6 0 1.25
353 39 0 1.75
166 24 0 2.5
186 24 0 4.0
45 22 0 1.25
199 4 0 2.75
304 22 0 3.25
0 15 0 2.25
8 5 0 3.25
343 53 0 2.25
153 13 0 1.75
132 27 0 3.75
347 5 0 4.0
15 7 0 2.0
28 3 0 2.0
46 28 0 1.25
0 27 0 1.25
87 7 0 1.75
119 2 0 2.25
152 18 0 2.5
22 29 0 4.0
88 18 0 3.5
334 52 0 1.75
296 15 0 2.5
109 24 0 3.25
276 28 0 1.0
289 24 0 3.25
20 10 0 1.25
254 46 0 3.75
200 8 0 2.75
220 18 0 3.5
358 77 0 1.5
280 23 0 3.75
303 15 0 1.0
90 7 0 3.0
13 0 0 2.75
222 9 0 1.75
23 21 0 2.25
198 6 0 3.25
12 12 0 1.0
104 5 0 1.25
189 28 0 2.25
15 18 0 3.5
208 25 0 2.25
142 28 0 2.25
22 14 0 3.25
201 34 0 3.25
142 16 0 3.25
125 30 0 1.0
151 80 0 2.0
230 5 0 4.0
187 77 0 2.5
122 27 0 2.25
76 24 0 1.75
95 30 0 4.0
7 1 0 1.5
279 2 0 1.0
159 7 0 3.25
326 11 0 3.25
316 46 0 1.0
86 0 0 1.25
129 0 0 1.5
300 16 0 2.25
136 14 0 1.75
312 22 0 2.25
251 22 0 3.75
195 19 0 3.0
321 30 0 1.5
303 33 0 3.75
126 3 0 3.5
234 0 0 2.0
315 25 0 2.25
174 22 0 1.75
353 4 0 1.5
42 13 0 1.25
309 11 0 1.0
14 30 0 1.75
43 45 0 1.5
148 11 0 1.0
228 16 0 3.25
35 11 0 1.75
229 1 0 3.75
248 26 0 2.25
306 30 0 2.75
265 19 0 2.5
6 60 0 1.75
322 8 0 3.5
200 13 0 3.0
308 47 0 1.75
86 25 0 1.5
85 12 0 3.75
120 11 0 2.25
276 2 0 1.5
137 4 0 2.0
278 63 0 1.25
62 22 0 3.5
174 29 0 3.5
152 38 0 1.75
242 29 0 1.5
271 14 0 2.5
55 27 0 1.75
27 16 0 2.0
51 6 0 3.25
198 23 0 1.0
85 57 0 1.25
56 59 0 3.0
101 10 0 3.75
147 13 0 2.5
91 30 0 4.0
245 19 0 4.0
115 25 0 3.25
169 21 0 2.5
285 3 0 4.0
49 17 0 3.5
305 17 0 4.0
237 29 0 3.0
105 37 0 3.75
270 60 0 3.0
84 12 0 3.0
142 44 0 2.25
176 52 0 2.0
76 8 0 3.5
14 2 0 2.5
58 24 0 4.0
30 6 0 1.25
111 13 0 4.0
12 30 0 2.5
178 1 0 1.25
189 14 0 1.75
81 30 0 1.75
138 23 0 2.5
155 30 0 2.75
236 11 0 1.5
183 17 0 4.0
128 78 0 2.25
99 23 0 2.0
293 14 0 1.75
354 22 0 3.25
98 58 0 3.25
155 15 0 4.0
200 13 0 2.75
187 52 0 1.5
50 13 0 4.0
75 16 0 1.75
151 10 0 1.0
353 2 0 3.5
307 1 0 1.25
67 33 0 2.0
290 16 0 1.75
320 25 0 1.0
139 24 0 4.0
346 21 0 4.0
43 12 0 1.5
217 4 0 2.75
209 30 0 2.25
273 78 0 2.0
46 11 0 2.75
124 9 0 1.75
245 29 0 3.25
285 26 0 3.5
48 1 0 2.75
187 29 0 3.25
113 29 0 2.75
338 10 0 3.0
307 18 0 1.75
246 22 0 1.25
204 4 0 2.25
72 14 0 3.5
233 0 0 4.0
170 19 0 3.75
152 11 0 1.5
272 27 0 2.75
193 23 0 3.25
67 30 0 2.0
229 17 0 4.0
336 5 0 2.25
235 14 0 1.25
161 22 0 1.25
353 22 0 3.75
320 12 0 3.25
82 23 0 1.75
122 19 0 3.75
74 22 0 1.0
58 17 0 1.5
294 4 0 2.5
212 0 0 1.0
340 4 0 3.75
75 1 0 4.0
242 49 0 3.5
251 18 0 3.25
138 2 0 3.75
319 25 0 2.0
154 23 0 1.25
337 28 0 3.0
89 2 0 1.75
342 61 0 2.25
193 30 0 2.0
263 2 0 2.25
235 1 0 3.5
89 28 0 4.0
279 19 0 2.0
233 4 0 1.75
278 19 0 1.0
123 5 0 1.25
140 24 0 3.25
314 7 0 1.0
93 22 0 3.25
58 26 0 3.25
341 23 0 3.0
125 21 0 1.75
254 15 0 3.25
179 73 0 1.0
332 23 0 1.0
267 22 0 1.5
290 51 0 3.25
56 27 0 1.5
165 18 0 2.5
73 3 0 3.5
189 18 0 1.5
342 3 0 4.0
113 2 0 1.75
143 7 0 1.0
314 19 0 1.25
268 57 0 1.5
243 16 0 2.0
78 1 0 2.5
22 1 0 1.25
225 20 0 4.0
146 10 0 3.0
316 18 0 3.25
197 7 0 2.5
89 27 0 4.0
4 28 0 3.75
57 22 0 1.0
310 22 0 1.0
92 28 0 1.5
307 15 0 1.0
206 7 0 4.0
25 15 0 3.25
104 2 0 3.75
225 21 0 1.75
33 6 0 1.0
128 2 0 3.5
183 18 0 2.5
137 53 0 3.25
76 30 0 1.0
11 46 0 2.75
127 39 0 2.25
287 17 0 2.25
327 25 0 1.75
27 10 0 3.75
308 51 0 1.25
89 1 0 2.5
98 21 0 1.25
72 4 0 3.5
271 10 0 1.25
149 40 0 3.75
92 23 0 4.0
65 10 0 1.0
33 8 0 2.5
226 47 0 1.0
135 27 0 3.0
100 80 0 2.5
299 28 0 3.5
314 25 0 1.75
145 14 0 1.5
19 25 0 1.0
71 17 0 1.25
5 27 0 1.0
18 23 0 1.0
194 28 0 2.75
51 13 0 1.5
12 6 0 2.75
189 23 0 1.75
187 8 0 2.75
358 37 0 1.5
26 29 0 3.5
291 17 0 2.0
4 74 0 1.0
103 19 0 2.75
266 24 0 4.0
298 21 0 3.25
33 21 0 2.5
104 28 0 3.25
351 15 0 1.25
324 25 0 1.25
178 4 0 3.25
239 26 0 3.5
275 24 0 2.25
170 24 0 3.0
210 17 0 3.5
93 23 0 2.25
60 66 0 1.0
298 73 0 3.5
353 16 0 2.25
218 14 0 1.0
267 16 0 2.5
257 45 0 3.25
291 7 0 1.5
79 20 0 2.75
270 24 0 1.75
310 40 0 3.5
268 11 0 1.0
157 16 0 4.0
183 30 0 2.0
237 24 0 3.5
16 50 0 3.0
245 9 0 1.5
286 27 0 1.0
328 19 0 3.0
160 6 0 4.0
21 25 0 3.0
108 3 0 1.5
148 7 0 3.75
329 24 0 2.25
114 14 0 2.75
6 3 0 3.25
174 7 0 4.0
111 4 0 1.0
208 1 0 1.75
252 47 0 2.75
82 28 0 1.25
23 28 0 1.5
174 27 0 3.5
176 21 0 3.0
87 19 0 2.75
234 10 0 2.25
95 28 0 2.25
304 9 0 4.0
215 44 0 3.5
22 25 0 3.5
343 20 0 1.25
221 22 0 3.25
320 46 0 2.25
96 21 0 1.0
116 19 0 4.0
193 19 0 1.25
156 17 0 3.5
335 21 0 2.75
275 7 0 2.75
224 17 0 2.75
115 63 0 3.75
202 18 0 3.25
25 5 0 1.0
66 22 0 2.25
170 0 0 4.0
209 20 0 3.75
29 4 0 1.75
236 8 0 2.0
128 8 0 3.75
156 16 0 3.0
317 28 0 2.0
280 16 0 1.25
359 0 0 1.0
352 3 0 3.0
222 38 0 3.75
14 21 0 4.0
104 0 0 1.0
273 18 0 2.75
100 3 0 1.25
173 0 0 3.25
54 2 0 3.0
288 18 0 2.75
304 20 0 3.0
18 44 0 2.0
216 35 0 2.75
257 24 0 3.25
258 23 0 1.25
294 23 0 3.5
153 2 0 1.0
141 22 0 3.5
48 22 0 2.5
192 8 0 1.25
19 23 0 1.75
194 12 0 3.75
245 5 0 3.75
286 1 0 2.25
29 35 0 2.0
15 2 0 1.5
196 14 0 1.25
304 28 0 1.75
20 24 0 2.5
124 28 0 2.75
121 13 0 2.0
270 10 0 1.75
327 6 0 2.75
252 58 0 1.0
282 27 0 3.5
284 20 0 1.25
25 53 0 4.0
69 20 0 2.0
190 23 0 2.5
65 11 0 2.5
186 13 0 3.75
0 1 0 4.0
219 21 0 2.5
107 20 0 3.5
112 28 0 3.5
222 14 0 3.0
339 30 0 3.5
289 0 0 2.5
129 10 0 4.0
25 0 0 3.5
28 8 0 2.0
79 19 0 2.75
177 16 0 2.75
103 9 0 1.5
358 12 0 3.75
305 8 0 1.25
343 24 0 1.75
311 39 0 3.25
188 10 0 3.0
173 24 0 3.75
346 27 0 4.0
257 4 0 3.5
20 70 0 2.75
51 11 0 3.25
242 22 0 2.0
3 4 0 2.5
213 28 0 3.25
286 11 0 3.25
353 28 0 3.5
11 30 0 1.75
260 16 0 3.5
341 32 0 1.75
115 64 0 3.5
330 50 0 1.0
61 19 0 2.75
94 28 0 2.5
303 26 0 1.25
290 57 0 3.0
244 11 0 1.5
45 16 0 3.75
118 22 0 2.25
238 8 0 3.75
270 1 0 2.5
265 14 0 3.5
132 21 0 2.5
346 37 0 3.75
327 5 0 2.25
202 27 0 2.75
141 19 0 2.75
340 56 0 2.0
116 1 0 1.75
254 9 0 2.0
290 48 0 2.25
169 27 0 1.0
153 26 0 4.0
158 10 0 3.25
238 9 0 1.25
252 24 0 1.75
9 29 0 4.0
67 32 0 4.0
321 10 0 1.25
242 17 0 1.5
171 7 0 3.25
321 10 0 3.0
350 4 0 3.75
316 3 0 1.75
101 14 0 3.0
329 30 0 2.75
133 22 0 1.75
229 10 0 3.5
143 10 0 4.0
88 45 0 2.75
311 22 0 1.0
85 54 0 3.75
191 7 0 3.75
277 22 0 4.0
18 1 0 2.75
322 16 0 1.25
42 17 0 3.0
286 20 0 2.0
126 8 0 3.5
72 13 0 3.5
297 21 0 2.5
235 20 0 1.75
227 60 0 1.0
48 7 0 1.25
70 29 0 3.25
10 9 0 1.0
116 13 0 2.0
217 14 0 1.25
13 3 0 3.0
171 15 0 2.0
73 16 0 3.5
198 47 0 3.5
5 17 0 3.0
240 6 0 3.0
142 12 0 4.0
30 18 0 2.5
7 19 0 1.0
228 20 0 4.0
162 23 0 1.0
292 27 0 3.0
267 1 0 2.0
189 2 0 3.5
40 39 0 3.0
149 18 0 2.5
237 28 0 3.75
91 21 0 1.25
155 19 0 3.5
164 2 0 1.5
166 18 0 3.25
208 3 0 2.75
301 30 0 3.75
40 19 0 1.25
2 2 0 2.5
276 13 0 1.75
64 16 0 1.75
34 13 0 1.0
289 8 0 2.25
242 22 0 4.0
181 30 0 1.75
31 23 0 1.25
85 15 0 2.25
238 27 0 2.0
118 2 0 4.0
13 20 0 3.5
193 6 0 3.0
224 2 0 1.25
108 13 0 2.5
171 25 0 2.0
12 12 0 3.5
5 7 0 2.0
226 21 0 2.75
283 23 0 2.5
184 5 0 1.5
324 25 0 1.0
306 0 0 1.75
23 17 0 3.5
89 15 0 3.75
101 1 0 2.5
125 0 0 1.5
30 64 0 1.75
210 17 0 3.75
169 8 0 2.5
45 30 0 1.25
37 23 0 3.0
161 21 0 1.25
60 26 0 1.0
182 2 0 1.0
54 29 0 3.75
57 4 0 1.75
273 28 0 2.5
314 13 0 2.0
135 0 0 1.75
62 17 0 2.5
143 20 0 4.0
69 5 0 1.25
131 2 0 2.0
46 28 0 1.5
160 10 0 2.5
12 19 0 1.75
22 25 0 2.25
213 4 0 2.25
353 25 0 2.25
328 14 0 1.75
145 20 0 1.25
108 17 0 3.0
293 12 0 1.0
71 13 0 4.0
37 14 0 4.0
109 5 0 3.0
118 10 0 1.5
296 27 0 3.0
162 11 0 1.25
250 48 0 1.75
79 19 0 2.5
227 9 0 4.0
25 2 0 4.0
329 25 0 2.0
29 72 0 4.0
223 7 0 2.0
325 3 0 3.0
229 11 0 1.75
103 30 0 3.5
46 29 0 1.25
322 27 0 1.0
247 44 0 2.75
28 24 0 3.75
209 11 0 1.25
283 55 0 2.75
102 0 0 3.25
188 14 0 2.75
256 12 0 1.25
223 5 0 3.75
340 29 0 1.5
347 1 0 3.25
344 6 0 1.25
240 16 0 2.75
240 14 0 3.25
19 2 0 2.75
304 28 0 3.5
189 23 0 3.0
257 65 0 3.75
279 22 0 1.5
205 25 0 3.75
220 12 0 2.25
0 3 0 1.5
188 30 0 1.5
131 19 0 2.25
95 8 0 3.0
32 21 0 1.75
73 5 0 2.0
240 22 0 2.5
109 24 0 3.0
312 12 0 1.0
290 18 0 1.75
69 19 0 1.25
99 14 0 3.5
28 14 0 1.25
64 29 0 2.25
128 25 0 1.0
218 1 0 1.0
215 70 0 1.75
197 0 0 3.0
257 16 0 1.5
127 8 0 3.75
357 11 0 3.75
247 30 0 3.5
272 41 0 4.0
300 2 0 3.0
161 14 0 2.0
267 29 0 3.5
90 3 0 2.0
239 30 0 2.0
290 3 0 1.0
280 35 0 1.5
310 17 0 1.5
178 9 0 2.5
323 27 0 3.0
186 26 0 1.25
171 14 0 3.5
343 23 0 3.5
299 25 0 3.0
246 4 0 1.5
267 30 0 3.75
210 2 0 2.5
132 8 0 3.25
167 27 0 2.75
177 10 0 3.5
341 5 0 1.75
145 17 0 1.25
22 29 0 1.5
241 43 0 1.0
94 6 0 2.75
101 15 0 4.0
17 19 0 4.0
191 11 0 2.0
149 22 0 3.25
323 18 0 1.75
337 28 0 4.0
37 12 0 1.5
89 15 0 1.25
202 16 0 3.75
290 7 0 1.25
141 22 0 1.25
158 12 0 3.5
111 10 0 1.0
88 24 0 1.5
341 30 0 1.0
327 23 0 3.25
182 20 0 2.0
353 3 0 2.75
110 26 0 2.75
60 33 0 3.25
31 1 0 3.0
27 18 0 3.5
358 15 0 2.0
359 7 0 3.25
28 59 0 3.75
5 17 0 3.5
37 16 0 2.25
305 0 0 3.25
127 21 0 2.25
287 19 0 4.0
158 7 0 3.0
161 0 0 1.0
329 5 0 3.25
95 27 0 2.0
311 19 0 3.5
300 2 0 2.25
242 12 0 2.75
150 17 0 2.25
12 28 0 2.25
214 18 0 3.25
92 46 0 1.5
118 27 0 3.5
123 29 0 2.0
202 4 0 3.0
353 22 0 2.25
295 14 0 2.0
114 1 0 3.0
135 13 0 1.25
86 29 0 1.75
312 20 0 3.75
70 28 0 1.0
333 10 0 1.75
309 55 0 2.5
107 25 0 2.5
99 29 0 1.0
27 9 0 1.25
161 19 0 4.0
102 27 0 2.5
301 23 0 2.5
219 6 0 3.25
199 17 0 3.25
316 0 0 1.5
76 7 0 2.75
81 5 0 2.25
17 14 0 3.0
17 28 0 2.5
288 3 0 1.25
34 0 0 3.25
246 15 0 3.25
130 24 0 2.5
40 28 0 3.75
221 14 0 2.5
341 29 0 3.75
150 23 0 3.75
84 25 0 2.0
311 3 0 2.0
312 9 0 3.75
11 46 0 1.75
142 8 0 2.75
324 1 0 1.5
231 69 0 1.75
100 28 0 2.0
21 1 0 3.25
9 69 0 4.0
335 27 0 2.75
265 25 0 3.0
243 8 0 1.0
181 32 0 1.5
2 34 0 2.75
138 25 0 3.5
241 7 0 3.5
128 49 0 4.0
175 28 0 1.75
156 26 0 1.5
261 15 0 1.25
170 1 0 2.0
185 14 0 3.75
39 1 0 2.25
45 4 0 2.5
8 3 0 1.25
291 11 0 3.0
221 13 0 2.0
230 9 0 3.25
241 7 0 2.0
172 30 0 3.5
349 37 0 2.0
166 15 0 1.5
266 23 0 1.5
284 29 0 2.5
138 6 0 3.75
87 17 0 2.75
354 28 0 3.75
238 22 0 1.25
184 10 0 1.25
259 56 0 1.25
188 79 0 2.75
317 6 0 3.25
142 1 0 3.5
197 2 0 2.5
241 29 0 1.75
37 26 0 1.75
143 12 0 3.0
126 9 0 3.0
135 18 0 3.25
101 8 0 3.25
332 21 0 3.0
248 18 0 2.75
142 13 0 1.0
130 44 0 2.25
108 24 0 3.5
183 18 0 3.0
146 6 0 3.0
98 24 0 3.5
18 23 0 2.75
79 24 0 2.25
87 4 0 2.5
243 30 0 4.0
187 30 0 3.75
39 3 0 3.75
355 15 0 2.25
258 4 0 2.0
62 31 0 3.5
193 13 0 1.5
22 1 0 2.75
114 11 0 1.75
138 4 0 3.75
298 53 0 3.25
63 21 0 1.25
175 25 0 1.5
214 22 0 4.0
25 10 0 1.25
123 56 0 3.5
185 8 0 3.25
147 21 0 3.5
111 10 0 1.75
89 12 0 2.5
209 7 0 1.25
37 12 0 2.25
171 8 0 1.25
59 7 0 1.75
283 70 0 2.0
276 28 0 1.75
37 2 0 3.25
78 20 0 1.25
207 19 0 1.0
26 9 0 3.75
274 21 0 2.75
348 37 0 2.0
141 19 0 2.0
83 10 0 1.0
109 25 0 1.75
266 30 0 1.0
155 8 0 2.25
229 13 0 3.75
327 22 0 2.75
0 13 0 1.5
325 40 0 2.25
173 29 0 2.75
243 21 0 3.0
5 12 0 1.25
291 4 0 3.5
312 11 0 2.25
341 7 0 2.0
43 26 0 3.0
286 21 0 3.75
18 25 0 2.75
150 26 0 2.75
187 21 0 3.0
118 26 0 3.0
130 26 0 2.25
230 28 0 3.75
9 21 0 3.0
338 3 0 1.0
16 34 0 2.5
276 14 0 2.25
177 52 0 4.0
332 5 0 2.5
213 10 0 3.5
351 1 0 1.75
182 1 0 1.0
284 28 0 3.75
85 0 0 2.5
130 13 0 3.0
237 62 0 1.0
198 12 0 1.0
218 30 0 4.0
219 33 0 1.75
264 2 0 1.0
28 80 0 4.0
264 26 0 3.0
22 19 0 1.25
316 7 0 1.5
107 5 0 3.25
178 22 0 2.25
191 18 0 3.5
99 12 0 2.5
69 2 0 3.0
42 18 0 4.0
253 9 0 2.75
144 17 0 3.5
152 59 0 3.75
170 2 0 2.75
175 17 0 1.25
60 0 0 1.25
281 5 0 3.0
165 3 0 1.5
20 22 0 3.25
205 12 0 1.0
79 13 0 2.25
83 13 0 1.75
156 21 0 3.75
71 35 0 1.5
220 2 0 3.25
10 40 0 3.0
20 0 0 2.5
47 40 0 1.5
114 22 0 3.25
311 11 0 3.0
37 60 0 1.75
343 76 0 1.5
357 26 0 1.25
50 25 0 4.0
219 23 0 2.75
151 8 0 2.25
300 3 0 2.5
76 61 0 3.75
337 16 0 2.5
182 79 0 3.25
121 11 0 1.0
198 16 0 4.0
202 23 0 3.75
80 23 0 2.25
257 26 0 1.75
7 10 0 4.0
329 24 0 2.5
52 8 0 2.0
214 11 0 2.75
6 5 0 3.25
255 39 0 3.5
93 1 0 4.0
221 8 0 3.5
232 48 0 3.75
205 13 0 3.75
152 12 0 2.75
325 63 0 2.0
14 26 0 1.0
11 30 0 2.5
185 22 0 3.75
74 6 0 2.5
108 23 0 4.0
158 7 0 1.5
167 22 0 1.25
346 56 0 1.75
357 11 0 3.25
168 17 0 3.75
22 29 0 3.5
21 2 0 1.0
196 14 0 2.25
200 16 0 1.25
103 61 0 3.0
35 3 0 2.75
335 19 0 4.0
225 2 0 1.75
333 4 0 4.0
240 18 0 4.0
236 23 0 1.25
22 7 0 1.0
305 79 0 3.5
347 19 0 2.0
234 28 0 1.25
263 21 0 1.5
149 57 0 3.5
68 0 0 3.5
251 2 0 2.0
93 18 0 4.0
55 11 0 1.0
180 3 0 2.25
53 23 0 3.5
245 12 0 1.0
86 8 0 2.75
10 26 0 3.5
246 50 0 1.0
87 6 0 3.25
232 11 0 3.5
207 20 0 2.5
158 22 0 2.5
47 20 0 2.0
225 14 0 3.5
345 10 0 3.75
137 2 0 1.75
233 21 0 2.5
352 0 0 1.25
139 18 0 1.0
228 26 0 2.25
155 36 0 3.75
131 6 0 4.0
151 24 0 4.0
34 0 0 2.75
235 6 0 1.25
316 14 0 2.5
242 19 0 3.5
126 8 0 2.5
253 48 0 3.75
1 28 0 3.0
27 25 0 2.25
111 0 0 4.0
66 20 0 3.75
219 29 0 1.0
152 55 0 4.0
138 16 0 3.0
13 74 0 3.75
214 16 0 2.5
57 3 0 1.0
87 25 0 2.0
328 29 0 1.0
116 4 0 3.25
239 17 0 1.5
154 24 0 3.75
120 9 0 3.0
13 44 0 1.75
340 10 0 3.0
187 6 0 3.0
293 23 0 4.0
108 24 0 3.25
205 18 0 1.0
246 4 0 2.5
57 11 0 1.5
73 5 0 1.75
66 79 0 2.25
248 12 0 1.0
32 20 0 3.75
346 8 0 1.75
281 58 0 1.0
94 25 0 1.25
49 7 0 1.75
193 8 0 2.25
124 26 0 1.25
151 4 0 3.0
159 8 0 1.25
168 15 0 2.75
355 28 0 1.75
189 68 0 1.5
304 25 0 3.5
273 20 0 2.0
153 25 0 2.75
334 40 0 2.0
274 26 0 1.25
87 9 0 3.0
268 12 0 3.25
166 21 0 2.25
290 14 0 3.0
44 7 0 3.25
339 30 0 1.25
73 1 0 3.0
97 24 0 1.25
128 30 0 3.5
251 24 0 4.0
195 5 0 1.75
2 1 0 2.0
41 10 0 1.25
346 21 0 2.25
276 25 0 4.0
247 24 0 3.75
236 8 0 2.75
19 13 0 3.25
198 26 0 3.0
274 7 0 2.5
250 27 0 2.5
111 23 0 1.0
135 10 0 2.5
301 0 0 3.25
188 27 0 1.25
32 43 0 2.25
38 17 0 4.0
212 27 0 2.5
158 1 0 4.0
161 8 0 1.0
95 32 0 1.75
282 7 0 3.25
297 19 0 3.75
303 12 0 1.0
261 9 0 1.25
110 12 0 1.25
61 3 0 2.0
19 28 0 1.75
49 3 0 1.25
150 23 0 1.75
203 5 0 4.0
285 4 0 3.25
68 14 0 2.0
261 48 0 3.0
10 26 0 1.75
286 14 0 3.0
156 28 0 2.75
9 1 0 2.75
330 20 0 3.75
350 20 0 2.75
47 29 0 2.75
320 9 0 2.75
320 2 0 3.5
243 80 0 3.25
29 25 0 2.0
290 34 0 1.25
13 41 0 3.25
172 13 0 1.0
298 30 0 1.5
100 29 0 3.75
4 16 0 1.5
306 5 0 1.5
21 22 0 3.75
330 0 0 1.5
225 25 0 3.75
252 28 0 1.25
46 16 0 2.75
352 26 0 1.5
43 27 0 3.0
227 10 0 1.5
89 14 0 2.25
76 14 0 1.25
153 39 0 1.25
71 23 0 2.75
90 6 0 3.0
219 21 0 2.0
342 22 0 3.0
260 1 0 2.25
1 1 0 2.0
179 18 0 2.5
155 30 0 2.25
337 30 0 3.0
116 8 0 4.0
299 55 0 1.5
270 14 0 2.0
222 13 0 3.5
205 27 0 1.25
324 4 0 2.0
246 13 0 3.75
304 2 0 1.0
293 14 0 2.75
37 10 0 1.25
177 37 0 2.0
111 2 0 4.0
324 26 0 1.0
58 9 0 4.0
309 25 0 1.25
351 5 0 1.75
83 17 0 2.75
189 29 0 3.5
294 1 0 2.25
125 25 0 2.25
190 10 0 4.0
137 23 0 3.0
307 5 0 2.75
109 11 0 3.0
70 21 0 3.0
302 26 0 1.0
115 15 0 1.0
314 1 0 4.0
183 20 0 1.5
51 0 0 2.5
256 12 0 3.75
287 6 0 2.5
276 8 0 1.25
268 12 0 2.25
11 23 0 3.25
63 24 0 3.25
72 26 0 3.0
106 10 0 1.5
250 47 0 3.5
132 1 0 4.0
203 6 0 2.5
232 1 0 1.0
41 13 0 1.5
62 4 0 4.0
299 6 0 1.5
299 27 0 3.75
315 37 0 3.75
22 22 0 3.5
30 30 0 1.5
299 12 0 3.25
135 23 0 3.0
309 29 0 1.5
194 21 0 2.5
143 4 0 2.5
79 19 0 3.75
328 14 0 2.5
295 36 0 3.25
132 4 0 2.25
267 10 0 2.5
12 45 0 1.25
30 24 0 1.75
107 2 0 4.0
226 49 0 2.5
139 1 0 2.0
194 15 0 4.0
71 75 0 2.0
349 8 0 1.75
171 15 0 2.25
344 22 0 2.75
141 14 0 2.75
196 26 0 1.75
222 12 0 3.25
39 9 0 2.25
296 9 0 2.5
348 28 0 3.0
150 18 0 2.25
316 19 0 2.0
160 7 0 2.25
264 14 0 1.25
11 2 0 2.5
130 30 0 4.0
268 14 0 4.0
345 66 0 1.25
174 23 0 2.25
128 32 0 4.0
131 56 0 2.5
202 29 0 3.0
117 26 0 2.5
103 7 0 1.5
191 32 0 4.0
252 6 0 2.75
159 0 0 1.5
295 8 0 3.5
101 23 0 1.75
307 21 0 1.5
249 1 0 1.25
346 21 0 3.5
348 21 0 3.75
194 12 0 2.5
82 21 0 3.25
129 3 0 2.5
150 71 0 2.5
240 20 0 1.5
73 0 0 2.25
1 27 0 1.5
41 26 0 3.25
168 18 0 2.5
152 20 0 2.0
48 7 0 1.5
283 18 0 3.0
56 1 0 2.0
85 5 0 1.75
332 29 0 1.25
226 20 0 2.75
75 79 0 2.25
293 17 0 2.5
336 11 0 3.25
232 29 0 2.0
91 26 0 3.75
69 18 0 3.0
274 53 0 1.25
113 17 0 4.0
56 19 0 3.5
318 40 0 1.5
266 15 0 1.75
230 15 0 3.0
319 32 0 3.0
134 8 0 1.25
154 20 0 3.5
202 24 0 2.5
146 16 0 4.0
183 24 0 1.25
100 15 0 3.5
117 9 0 1.75
315 13 0 4.0
172 2 0 3.75
119 26 0 4.0
218 4 0 1.0
338 7 0 1.25
40 26 0 4.0
335 13 0 1.75
90 25 0 3.5
77 22 0 2.25
123 29 0 3.25
180 6 0 4.0
29 59 0 3.0
150 30 0 3.75
81 2 0 1.0
83 57 0 2.0
206 17 0 2.5
325 1 0 2.0
71 5 0 2.75
47 24 0 2.25
50 17 0 1.75
46 62 0 1.75
88 30 0 3.75
70 11 0 1.25
24 19 0 1.75
31 21 0 1.75
171 12 0 1.75
60 14 0 2.5
30 43 0 4.0
224 30 0 2.5
222 7 0 3.5
67 7 0 1.5
336 8 0 2.0
334 4 0 1.5
37 1 0 4.0
76 16 0 2.0
108 43 0 3.25
81 18 0 3.0
241 25 0 4.0
306 3 0 3.25
327 10 0 4.0
240 7 0 2.0
21 17 0 1.0
184 4 0 1.5
297 11 0 2.0
180 51 0 1.25
84 1 0 1.0
147 16 0 2.0
296 47 0 4.0
25 16 0 3.5
138 4 0 3.5
102 7 0 3.25
312 28 0 3.25
200 14 0 3.75
273 1 0 3.5
260 23 0 2.75
145 10 0 3.5
266 15 0 2.5
111 1 0 2.5
122 1 0 4.0
296 14 0 1.75
359 17 0 2.5
88 25 0 2.75
164 1 0 2.5
299 61 0 2.0
93 16 0 3.25
213 60 0 3.0
107 5 0 2.75
311 19 0 1.25
233 35 0 3.75
102 26 0 2.0
343 23 0 1.75
353 26 0 2.0
272 23 0 1.0
244 9 0 3.0
105 63 0 1.75
55 25 0 1.5
72 26 0 1.75
65 1 0 1.25
346 26 0 1.5
276 28 0 4.0
278 46 0 2.75
70 15 0 3.25
162 18 0 2.25
179 10 0 2.75
86 13 0 3.25
47 10 0 2.75
247 0 0 1.25
326 28 0 1.75
16 2 0 2.5
334 0 0 1.75
122 13 0 4.0
213 0 0 1.25
174 29 0 3.0
61 29 0 2.75
168 16 0 3.5
170 19 0 1.25
324 12 0 1.75
308 16 0 3.75
43 77 0 3.0
73 10 0 4.0
134 23 0 4.0
9 26 0 3.0
111 16 0 1.75
176 8 0 2.25
22 70 0 1.25
278 4 0 3.25
134 4 0 2.0
158 5 0 3.5
303 12 0 3.25
178 13 0 1.25
187 3 0 2.25
347 3 0 1.0
147 22 0 1.0
118 29 0 3.5
211 25 0 1.25
184 54 0 3.5
246 11 0 1.5
53 58 0 3.25
84 1 0 1.5
153 23 0 3.25
185 30 0 2.0
85 26 0 2.75
89 9 0 3.0
110 26 0 1.0
251 29 0 2.0
325 20 0 2.5
115 28 0 2.75
219 8 0 2.5
92 3 0 3.75
76 77 0 2.25
84 45 0 4.0
97 6 0 2.25
337 2 0 2.75
6 3 0 1.25
296 6 0 2.75
223 28 0 1.75
127 28 0 1.75
343 21 0 1.5
297 17 0 3.25
211 7 0 3.0
217 29 0 1.25
57 21 0 3.5
177 28 0 3.5
342 64 0 1.25
230 23 0 1.75
139 7 0 2.25
201 27 0 4.0
127 60 0 4.0
151 25 0 2.25
66 6 0 4.0
62 14 0 2.25
47 20 0 1.75
145 5 0 3.75
181 13 0 2.75
103 5 0 4.0
170 10 0 1.5
174 18 0 1.5
27 3 0 3.25
45 68 0 3.0
193 23 0 3.0
351 28 0 4.0
346 5 0 2.5
162 30 0 2.25
218 10 0 3.0
305 8 0 4.0
142 29 0 1.75
96 29 0 2.0
30 21 0 1.5
333 14 0 3.5
208 26 0 4.0
153 14 0 2.75
266 2 0 2.75
259 11 0 2.25
244 21 0 2.0
1 20 0 3.75
91 6 0 3.75
270 1 0 2.75
40 29 0 1.25
274 9 0 2.25
333 54 0 1.0
319 23 0 2.25
45 29 0 1.75
68 3 0 2.75
321 10 0 2.75
149 19 0 4.0
93 5 0 3.75
164 23 0 3.0
98 3 0 3.25
96 37 0 1.75
357 4 0 4.0
332 60 0 1.5
298 24 0 2.25
34 24 0 4.0
94 20 0 2.5
185 11 0 1.5
219 20 0 2.5
213 12 0 1.25
315 14 0 3.0
31 51 0 2.75
151 20 0 2.75
335 0 0 1.25
34 17 0 4.0
338 10 0 1.0
276 19 0 1.5
99 19 0 2.25
275 16 0 1.5
98 15 0 2.5
99 4 0 1.25
276 13 0 1.25
103 11 0 2.25
330 8 0 2.5
246 28 0 4.0
66 6 0 1.0
207 3 0 1.0
38 30 0 1.75
25 5 0 3.0
19 16 0 1.75
217 30 0 4.0
238 26 0 2.75
47 67 0 1.25
92 15 0 4.0
113 21 0 2.25
114 9 0 1.0
104 6 0 3.0
42 16 0 2.0
277 22 0 2.0
245 23 0 1.25
158 29 0 3.0
262 3 0 4.0
144 2 0 1.0
120 14 0 3.75
355 11 0 4.0
284 1 0 2.25
132 18 0 2.5
300 0 0 2.25
154 8 0 2.0
109 51 0 1.75
117 27 0 3.0
169 25 0 2.75
331 30 0 1.5
253 13 0 3.5
332 16 0 4.0
221 13 0 4.0
234 4 0 3.25
325 28 0 1.0
81 33 0 2.5
350 20 0 1.0
31 52 0 2.0
341 20 0 1.5
225 16 0 4.0
251 6 0 1.75
243 29 0 3.75
99 48 0 3.5
149 4 0 3.75
44 9 0 1.25
5 3 0 1.0
30 23 0 2.0
286 12 0 2.25
341 27 0 2.0
288 47 0 3.75
215 19 0 3.75
81 6 0 4.0
221 13 0 1.75
272 14 0 1.75
174 32 0 1.25
100 1 0 3.25
339 21 0 2.0
282 28 0 3.5
187 5 0 3.75
55 18 0 2.75
345 22 0 3.0
141 3 0 4.0
314 13 0 2.5
201 3 0 3.25
229 12 0 2.75
306 63 0 1.75
81 29 0 1.25
282 9 0 1.0
48 11 0 1.25
72 13 0 2.5
72 1 0 4.0
223 19 0 1.0
357 18 0 2.0
355 25 0 2.0
283 73 0 2.75
151 26 0 2.75
218 22 0 1.25
289 1 0 3.75
203 26 0 2.0
296 24 0 2.25
114 0 0 3.25
12 5 0 3.5
247 22 0 1.75
250 1 0 3.75
270 27 0 2.25
273 14 0 2.25
347 27 0 3.0
340 5 0 1.25
238 7 0 1.0
217 24 0 4.0
238 28 0 4.0
13 12 0 3.5
87 12 0 1.75
344 26 0 3.5
170 26 0 3.5
307 27 0 2.0
327 19 0 1.5
106 17 0 1.0
40 19 0 3.25
56 14 0 2.75
112 8 0 1.0
166 25 0 3.5
206 19 0 1.0
58 29 0 1.75
148 5 0 1.0
135 15 0 1.75
52 25 0 2.25
146 55 0 2.0
224 42 0 3.0
32 9 0 3.75
296 28 0 4.0
195 43 0 3.75
171 19 0 1.0
19 28 0 3.0
114 27 0 3.75
53 5 0 3.75
212 20 0 1.5
86 30 0 2.75
294 4 0 1.25
359 30 0 3.25
339 43 0 3.75
245 22 0 1.75
219 8 0 1.5
145 9 0 3.0
127 59 0 3.5
295 68 0 3.25
2 17 0 3.75
163 0 0 2.25
212 26 0 1.75
131 27 0 2.75
335 1 0 2.25
157 42 0 4.0
277 21 0 3.5
204 24 0 1.5
171 47 0 1.0
194 8 0 2.5
218 20 0 4.0
330 23 0 3.75
333 17 0 1.25
328 8 0 1.0
84 7 0 2.25
233 8 0 1.75
46 23 0 1.25
289 9 0 3.75
87 17 0 3.25
105 5 0 1.25
236 19 0 3.5
15 17 0 3.0
207 17 0 1.5
260 27 0 1.0
43 1 0 2.25
290 12 0 4.0
146 21 0 2.0
253 12 0 1.0
156 15 0 1.0
98 62 0 4.0
85 12 0 2.75
66 24 0 1.5
277 41 0 3.5
310 11 0 2.25
235 12 0 2.0
61 11 0 2.0
37 26 0 2.75
1 9 0 2.25
279 9 0 2.0
167 16 0 3.25
269 16 0 1.0
7 32 0 3.75
158 1 0 2.0
103 9 0 2.5
243 19 0 1.0
269 29 0 3.5
164 10 0 1.5
270 11 0 2.5
91 12 0 2.5
337 1 0 4.0
247 3 0 3.0
125 11 0 2.25
228 29 0 3.0
205 27 0 1.0
14 8 0 2.25
210 18 0 3.25
237 18 0 2.0
325 45 0 1.75
351 0 0 3.0
36 10 0 3.0
356 3 0 2.0
34 17 0 2.5
72 9 0 1.5
107 22 0 1.0
230 3 0 1.5
44 28 0 1.5
50 13 0 3.5
48 12 0 2.0
305 13 0 1.25
125 24 0 2.75
64 4 0 2.25
56 14 0 2.5
329 10 0 1.75
149 19 0 3.5
0 2 0 2.75
153 17 0 1.25
304 3 0 3.5
132 15 0 3.75
75 14 0 2.25
251 4 0 3.0
62 7 0 3.75
312 14 0 3.75
71 29 0 1.25
199 8 0 2.25
91 18 0 1.5
314 30 0 1.75
194 8 0 3.5
233 25 0 1.0
355 4 0 4.0
347 25 0 3.75
57 7 0 3.75
348 12 0 3.5
256 23 0 1.25
164 8 0 2.5
287 25 0 3.25
253 28 0 3.25
135 21 0 2.5
64 29 0 3.5
227 25 0 3.5
131 16 0 1.0
81 2 0 1.25
181 29 0 2.0
219 5 0 1.5
116 21 0 2.0
39 23 0 1.25
351 21 0 3.0
288 16 0 2.0
264 14 0 2.0
91 21 0 1.0
283 11 0 3.75
300 27 0 3.25
243 18 0 1.75
166 43 0 2.0
86 22 0 3.25
292 17 0 3.5
73 21 0 3.25
297 3 0 1.75
350 3 0 2.75
281 18 0 1.75
53 21 0 2.0
180 1 0 1.0
73 9 0 1.5
210 21 0 3.25
116 6 0 3.75
359 21 0 2.25
177 17 0 2.75
104 4 0 2.25
277 8 0 1.5
189 5 0 2.25
344 9 0 2.75
72 26 0 3.75
8 13 0 2.5
57 28 0 2.25
61 1 0 2.75
51 2 0 3.5
250 9 0 1.5
7 30 0 1.75
161 32 0 3.5
338 50 0 2.25
6 1 0 2.25
4 4 0 3.75
304 15 0 1.0
175 21 0 1.75
188 8 0 2.25
269 52 0 1.75
169 9 0 1.25
264 18 0 1.75
81 12 0 2.25
230 22 0 2.75
294 27 0 4.0
73 14 0 3.25
214 24 0 3.0
105 3 0 2.25
302 21 0 2.5
191 17 0 2.75
119 34 0 1.5
154 23 0 4.0
74 18 0 3.75
263 56 0 2.5
223 9 0 2.5
8 34 0 4.0
2 3 0 3.75
340 11 0 3.75
224 13 0 3.25
142 21 0 1.75
225 76 0 3.25
181 28 0 3.25
60 12 0 2.0
86 65 0 2.5
128 22 0 2.5
223 25 0 2.0
47 4 0 2.75
358 7 0 2.0
227 27 0 1.0
48 28 0 3.5
208 1 0 3.25
176 5 0 1.75
281 18 0 1.25
203 19 0 3.75
203 30 0 2.75
181 20 0 1.5
182 22 0 1.0
242 30 0 2.75
260 10 0 2.25
126 7 0 1.0
221 7 0 1.25
324 15 0 2.25
114 66 0 2.0
200 14 0 2.0
22 13 0 2.25
217 3 0 2.5
348 20 0 1.0
179 5 0 1.75
290 27 0 2.5
184 16 0 4.0
185 26 0 2.5
110 6 0 3.25
39 0 0 2.5
250 3 0 2.0
5 22 0 3.5
202 0 0 2.75
343 26 0 3.75
275 8 0 1.5
240 17 0 1.5
199 79 0 3.0
221 28 0 3.75
10 14 0 2.25
198 11 0 2.25
191 6 0 2.75
279 24 0 3.5
122 7 0 4.0
295 3 0 3.5
153 19 0 1.75
59 38 0 1.75
117 19 0 1.75
193 17 0 1.0
199 29 0 1.25
232 28 0 2.25
250 22 0 2.75
314 49 0 1.0
22 27 0 3.75
208 8 0 3.25
66 22 0 3.25
187 5 0 1.75
245 13 0 3.75
179 19 0 1.5
125 29 0 1.5
253 16 0 3.5
83 28 0 1.25
97 0 0 3.5
224 26 0 2.0
284 27 0 4.0
282 16 0 4.0
127 54 0 3.25
354 6 0 3.5
225 19 0 3.5
256 15 0 2.0
273 54 0 1.75
266 80 0 3.75
238 20 0 1.25
4 79 0 3.25
241 23 0 2.75
24 18 0 1.75
281 25 0 2.25
27 48 0 1.25
191 15 0 1.0
271 21 0 4.0
75 12 0 1.0
2 19 0 2.25
56 0 0 2.5
221 18 0 3.5
185 18 0 2.75
329 26 0 2.75
342 46 0 4.0
278 20 0 1.75
293 27 0 2.75
261 45 0 1.0
186 7 0 1.5
270 28 0 3.5
73 10 0 3.25
179 10 0 3.25
60 56 0 2.25
10 28 0 3.0
46 15 0 1.25
224 13 0 3.75
349 3 0 1.75
90 31 0 1.25
233 41 0 2.5
78 19 0 3.25
138 18 0 1.5
249 3 0 1.75
49 10 0 2.75
134 26 0 3.75
340 26 0 3.75
214 16 0 1.75
70 6 0 1.75
256 44 0 1.75
37 1 0 3.0
312 17 0 4.0
357 30 0 2.75
288 25 0 1.75
90 26 0 1.5
203 29 0 2.75
205 7 0 1.0
285 55 0 1.5
314 17 0 1.75
162 12 0 3.0
231 19 0 1.0
273 3 0 1.25
199 12 0 1.5
321 29 0 2.0
5 22 0 2.75
82 18 0 1.75
103 46 0 1.75
23 5 0 4.0
282 1 0 1.75
293 5 0 2.5
123 17 0 2.25
346 4 0 2.25
38 3 0 3.0
231 29 0 3.0
73 27 0 3.5
120 45 0 3.75
349 5 0 3.5
137 5 0 3.5
1 12 0 3.75
244 3 0 3.0
269 0 0 4.0
323 30 0 2.0
301 17 0 3.75
345 2 0 3.5
99 15 0 2.75
17 33 0 2.0
196 21 0 1.75
164 19 0 4.0
216 5 0 3.5
351 0 0 1.0
247 5 0 1.0
276 2 0 3.25
149 30 0 2.0
12 54 0 4.0
176 46 0 2.0
104 29 0 1.0
221 75 0 3.5
143 18 0 2.5
260 23 0 3.75
224 24 0 3.5
103 3 0 3.0
318 34 0 2.75
356 23 0 1.75
342 59 0 2.5
332 29 0 4.0
148 6 0 3.5
268 12 0 3.75
238 5 0 3.5
69 8 0 3.25
316 22 0 4.0
191 18 0 4.0
164 11 0 1.5
229 21 0 2.5
16 22 0 1.0
348 4 0 2.25
156 29 0 2.5
318 7 0 2.5
319 63 0 2.25
69 17 0 3.0
136 2 0 3.75
302 29 0 3.5
282 16 0 1.5
108 59 0 3.5
284 13 0 1.5
184 20 0 3.75
0 18 0 3.25
314 29 0 1.5
91 11 0 2.25
15 17 0 3.25
333 17 0 2.25
323 53 0 1.75
39 2 0 2.25
149 6 0 3.75
221 10 0 1.0
86 9 0 1.0
98 25 0 1.5
119 10 0 2.5
45 45 0 2.25
107 38 0 2.0
125 20 0 2.25
15 8 0 1.75
40 7 0 3.5
188 17 0 2.75
309 1 0 3.75
338 20 0 1.75
36 11 0 2.25
9 11 0 4.0
118 37 0 1.75
226 18 0 1.75
16 35 0 2.5
33 25 0 2.25
31 18 0 4.0
160 8 0 2.25
340 18 0 3.5
134 0 0 1.75
255 27 0 3.0
275 13 0 2.0
275 40 0 2.75
187 1 0 3.5
113 17 0 1.5
132 12 0 2.5
64 30 0 2.75
228 42 0 2.0
56 11 0 3.25
98 9 0 3.75
222 3 0 3.0
300 22 0 3.75
295 18 0 2.5
173 19 0 1.75
352 25 0 4.0
98 23 0 1.75
317 62 0 2.75
156 10 0 2.5
97 40 0 1.5
306 1 0 1.0
167 52 0 1.75
49 7 0 2.75
273 10 0 2.0
190 3 0 1.5
160 6 0 1.5
180 12 0 3.75
194 12 0 1.5
330 7 0 2.75
242 30 0 4.0
236 28 0 2.75
258 10 0 1.25
50 0 0 4.0
271 4 0 3.0
238 10 0 1.25
191 21 0 1.25
236 12 0 1.0
124 16 0 2.75
195 12 0 4.0
79 2 0 1.75
68 16 0 1.5
246 3 0 2.75
7 22 0 1.0
143 26 0 1.25
234 2 0 2.25
175 23 0 3.0
307 14 0 3.75
225 29 0 1.25
26 18 0 2.0
7 12 0 1.25
315 45 0 1.75
109 27 0 3.75
48 30 0 1.5
58 72 0 3.25
36 2 0 3.0
90 9 0 3.5
310 13 0 3.75
319 27 0 2.25
53 6 0 2.0
241 28 0 3.0
239 13 0 2.75
282 15 0 2.5
349 56 0 1.0
305 3 0 2.0
192 29 0 3.5
114 44 0 2.5
215 1 0 1.25
272 25 0 1.0
178 0 0 1.75
230 5 0 3.0
51 29 0 3.5
96 25 0 1.75
190 27 0 2.5
120 15 0 4.0
117 15 0 2.25
160 7 0 1.25
254 4 0 2.5
206 17 0 3.75
119 10 0 1.25
89 0 0 1.0
108 51 0 1.75
207 12 0 2.0
173 22 0 2.25
96 2 0 1.5
156 30 0 1.5
50 26 0 2.5
230 71 0 2.5
132 2 0 2.75
273 30 0 1.75
357 12 0 1.0
205 15 0 2.25
309 1 0 1.0
196 7 0 3.25
68 5 0 1.25
261 22 0 2.25
119 13 0 2.25
67 14 0 1.25
354 16 0 1.75
205 23 0 3.0
192 10 0 1.5
50 41 0 2.25
155 44 0 2.25
247 8 0 1.5
175 1 0 4.0
66 30 0 4.0
206 9 0 4.0
317 10 0 1.5
352 62 0 1.75
325 28 0 2.0
209 30 0 4.0
112 4 0 3.5
99 21 0 1.0
344 12 0 3.25
342 80 0 3.25
101 9 0 1.75
127 11 0 2.0
343 11 0 2.75
49 10 0 2.25
179 22 0 4.0
164 14 0 2.75
139 3 0 1.5
334 19 0 1.75
278 28 0 1.0
250 28 0 1.0
110 13 0 1.75
345 6 0 1.5
139 14 0 1.75
7 8 0 3.0
27 23 0 3.25
53 0 0 2.0
70 10 0 2.25
74 2 0 1.5
133 7 0 2.5
141 7 0 1.75
293 63 0 1.75
300 20 0 2.25
275 12 0 1.0
199 20 0 2.25
33 29 0 1.25
22 3 0 3.25
355 10 0 3.5
295 27 0 2.75
116 30 0 1.75
292 21 0 2.25
276 25 0 2.75
33 21 0 3.75
216 22 0 4.0
119 17 0 3.25
115 5 0 2.25
176 54 0 3.5
236 28 0 1.5
273 58 0 3.5
200 26 0 1.25
318 22 0 1.0
330 20 0 3.5
340 15 0 1.25
231 29 0 1.75
130 28 0 4.0
242 17 0 3.5
236 29 0 4.0
15 18 0 3.25
319 14 0 1.5
71 19 0 1.25
79 14 0 4.0
134 6 0 3.5
333 31 0 3.25
187 36 0 3.25
154 21 0 4.0
359 5 0 3.0
274 26 0 1.75
244 9 0 2.25
324 10 0 1.75
62 22 0 1.75
28 7 0 2.25
51 10 0 3.75
302 10 0 4.0
249 36 0 1.0
59 24 0 1.25
167 8 0 3.5
18 73 0 4.0
81 12 0 4.0
253 23 0 3.5
233 15 0 1.0
198 11 0 2.0
257 27 0 3.25
89 29 0 1.25
181 10 0 1.5
303 16 0 3.25
255 21 0 3.75
75 9 0 1.25
64 9 0 2.5
312 30 0 3.0
90 4 0 1.75
191 23 0 2.0
290 5 0 1.75
43 7 0 1.5
273 20 0 1.5
289 4 0 2.75
220 16 0 2.0
93 25 0 3.75
187 20 0 3.75
182 5 0 2.25
251 19 0 2.0
4 23 0 1.75
122 17 0 2.5
166 14 0 2.25
187 21 0 2.25
274 1 0 3.5
135 12 0 2.75
43 23 0 3.25
288 14 0 2.0
219 12 0 1.0
163 13 0 1.0
35 20 0 2.25
163 17 0 3.0
358 16 0 2.25
52 8 0 1.0
89 2 0 4.0
62 11 0 4.0
182 5 0 3.75
242 23 0 2.5
133 1 0 1.5
151 45 0 3.75
164 31 0 4.0
39 22 0 2.5
349 0 0 1.25
331 55 0 3.0
311 12 0 4.0
106 13 0 3.0
333 16 0 3.25
246 23 0 2.0
293 5 0 1.75
218 3 0 2.25
9 28 0 3.25
188 26 0 3.0
311 28 0 1.5
344 53 0 4.0
226 16 0 2.25
159 25 0 1.75
149 24 0 2.75
307 18 0 2.0
46 26 0 1.25
178 21 0 1.25
270 58 0 2.5
334 8 0 2.75
82 15 0 3.0
185 2 0 3.5
205 14 0 1.75
2 57 0 3.75
2 25 0 1.5
32 13 0 4.0
82 13 0 2.0
253 1 0 2.75
357 7 0 2.5
50 19 0 4.0
177 29 0 2.25
339 21 0 1.25
250 15 0 1.5
242 18 0 2.5
220 8 0 1.0
130 19 0 1.75
156 2 0 3.5
33 12 0 3.0
307 3 0 1.75
50 4 0 2.0
129 3 0 1.5
260 23 0 3.25
156 16 0 2.25
189 2 0 2.75
111 17 0 3.0
120 10 0 2.5
298 24 0 2.75
66 70 0 1.5
272 55 0 3.25
79 4 0 1.0
181 27 0 2.0
267 74 0 1.0
325 17 0 4.0
156 12 0 3.0
134 21 0 1.0
312 40 0 1.25
171 27 0 3.25
112 1 0 2.75
92 10 0 1.0
68 6 0 3.75
204 27 0 4.0
64 14 0 3.5
131 16 0 2.25
34 3 0 3.5
11 25 0 2.5
325 2 0 1.5
206 2 0 1.75
153 30 0 3.0
280 4 0 3.25
304 8 0 1.25
282 12 0 3.0
288 1 0 1.0
66 4 0 1.5
231 17 0 4.0
313 1 0 2.5
21 2 0 3.0
138 3 0 3.25
353 6 0 2.0
38 41 0 2.25
178 20 0 1.25
193 20 0 1.0
80 29 0 4.0
354 4 0 3.5
80 17 0 4.0
85 22 0 2.0
271 27 0 3.5
189 14 0 3.5
264 29 0 1.0
219 25 0 4.0
35 9 0 3.25
259 71 0 2.75
318 16 0 2.5
45 2 0 1.75
67 6 0 1.25
227 30 0 3.0
132 20 0 3.5
73 13 0 2.25
2 24 0 3.75
248 25 0 1.0
9 4 0 1.5
7 11 0 1.0
100 7 0 3.0
227 18 0 1.5
13 19 0 1.0
294 11 0 2.75
29 25 0 1.0
133 15 0 3.25
92 3 0 1.5
286 6 0 2.75
15 0 0 3.5
262 60 0 4.0
85 10 0 1.0
223 7 0 4.0
250 26 0 2.25
326 8 0 1.0
3 26 0 2.25
190 32 0 3.5
218 30 0 3.0
37 20 0 2.0
196 48 0 1.0
258 6 0 2.75
110 21 0 2.75
222 8 0 3.5
359 7 0 2.5
214 28 0 1.0
53 16 0 1.25
190 13 0 4.0
81 12 0 3.5
222 23 0 4.0
170 41 0 3.5
292 15 0 2.5
326 10 0 1.75
89 7 0 1.0
70 19 0 2.75
73 1 0 4.0
46 3 0 1.0
43 6 0 1.25
10 4 0 1.5
203 28 0 2.25
343 16 0 2.0
327 2 0 2.0
207 52 0 2.25
133 2 0 1.0
285 12 0 1.75
276 17 0 3.75
64 30 0 2.25
217 20 0 1.75
37 25 0 1.0
192 7 0 1.5
156 3 0 1.75
45 10 0 1.25
347 23 0 4.0
228 23 0 3.75
358 2 0 2.0
94 18 0 3.75
278 25 0 3.0
199 1 0 2.25
113 9 0 1.75
292 17 0 1.0
154 21 0 2.0
54 14 0 3.0
216 29 0 3.0
106 17 0 1.25
28 15 0 4.0
69 5 0 3.25
6 29 0 1.75
121 14 0 3.5
280 12 0 3.25
39 0 0 4.0
115 8 0 2.25
163 7 0 1.25
132 30 0 3.5
350 23 0 1.25
294 3 0 1.25
85 8 0 2.75
71 21 0 1.25
320 22 0 3.0
315 23 0 3.25
351 25 0 2.75
80 30 0 2.25
210 27 0 3.75
109 19 0 1.25
252 22 0 3.25
58 19 0 4.0
28 11 0 3.0
297 5 0 2.75
35 27 0 2.5
127 13 0 1.0
17 44 0 2.0
280 23 0 1.0
228 27 0 3.5
131 0 0 4.0
287 26 0 2.25
71 39 0 1.75
73 27 0 3.0
102 11 0 1.75
82 36 0 4.0
164 7 0 2.75
53 3 0 2.0
206 15 0 3.75
89 9 0 2.25
304 2 0 3.0
159 5 0 3.75
293 27 0 3.5
20 18 0 2.5
262 20 0 1.25
159 10 0 4.0
95 29 0 1.75
63 17 0 1.0
42 10 0 3.0
196 7 0 3.0
211 16 0 1.5
305 24 0 2.0
126 20 0 3.0
173 61 0 4.0
355 0 0 3.5
165 13 0 3.75
339 18 0 3.75
127 1 0 3.0
347 6 0 3.5
198 27 0 4.0
46 13 0 3.75
103 12 0 2.75
90 11 0 2.25
134 4 0 3.5
54 15 0 1.75
138 6 0 2.0
126 17 0 1.5
47 0 0 3.0
77 0 0 3.25
0 26 0 3.25
117 11 0 3.0
72 18 0 2.0
77 28 0 1.5
337 17 0 4.0
33 12 0 2.75
157 13 0 1.75
7 16 0 2.0
75 29 0 1.25
127 22 0 3.25
102 12 0 3.75
307 72 0 3.5
225 4 0 2.5
80 17 0 2.25
162 50 0 2.0
107 4 0 1.5
87 0 0 2.5
200 18 0 4.0
22 10 0 3.0
26 30 0 1.0
211 26 0 3.75
149 18 0 1.0
258 3 0 3.0
200 12 0 3.25
94 15 0 2.75
26 2 0 1.5
56 5 0 2.75
310 68 0 3.75
223 9 0 3.75
123 12 0 3.5
7 22 0 2.25
59 4 0 2.25
279 13 0 1.75
146 0 0 2.25
49 44 0 2.25
201 24 0 1.5
333 19 0 1.75
156 9 0 1.5
194 0 0 1.25
110 8 0 4.0
20 17 0 1.75
39 19 0 2.75
296 8 0 3.75
177 24 0 4.0
130 8 0 1.75
58 54 0 1.25
229 20 0 1.5
248 9 0 2.0
54 27 0 1.5
72 19 0 3.5
253 23 0 3.25
282 18 0 1.5
34 29 0 1.25
209 2 0 1.5
54 54 0 3.25
14 10 0 1.75
46 17 0 3.5
285 27 0 3.75
171 28 0 4.0
205 16 0 4.0
303 6 0 3.25
179 30 0 2.0
69 23 0 2.75
81 30 0 3.0
2 29 0 2.75
340 4 0 3.25
290 20 0 3.0
33 49 0 3.5
244 38 0 4.0
251 20 0 2.25
166 12 0 2.25
38 4 0 1.5
170 17 0 1.5
348 9 0 2.5
133 19 0 3.25
128 37 0 1.25
160 5 0 3.0
357 0 0 3.0
131 23 0 1.25
224 19 0 2.75
210 12 0 1.5
299 25 0 1.25
70 3 0 3.0
342 7 0 3.75
162 20 0 2.5
60 11 0 4.0
68 13 0 2.0
166 7 0 3.5
167 40 0 3.0
324 8 0 2.0
9 15 0 2.0
123 8 0 1.5
199 6 0 1.75
161 10 0 4.0
41 12 0 1.5
246 29 0 2.0
83 18 0 2.5
207 0 0 1.25
285 22 0 4.0
86 13 0 1.25
333 4 0 2.25
164 1 0 4.0
229 6 0 3.25
321 9 0 3.75
199 11 0 1.5
209 8 0 1.0
172 22 0 1.5
74 26 0 3.5
241 25 0 3.75
260 4 0 1.0
349 13 0 3.25
28 30 0 3.0
222 28 0 1.5
57 19 0 2.5
215 29 0 3.5
305 12 0 1.75
154 17 0 2.0
12 18 0 3.0
103 61 0 3.75
231 0 0 2.5
125 7 0 1.75
254 34 0 1.0
314 8 0 2.0
264 30 0 2.25
313 26 0 2.75
209 23 0 2.75
223 9 0 3.25
210 21 0 3.0
240 15 0 3.75
278 22 0 3.75
75 6 0 3.75
133 50 0 4.0
97 25 0 3.25
95 6 0 1.5
196 8 0 1.75
191 9 0 1.5
81 10 0 1.75
306 18 0 1.25
270 18 0 2.0
126 12 0 1.5
302 5 0 1.25
11 11 0 3.0
36 13 0 2.25
243 36 0 4.0
67 18 0 1.25
299 6 0 3.75
286 10 0 3.25
94 19 0 3.0
50 5 0 1.5
288 8 0 1.0
136 33 0 1.0
162 23 0 3.25
195 14 0 2.5
277 15 0 1.5
165 8 0 1.0
334 0 0 3.5
355 9 0 1.25
344 17 0 3.5
94 8 0 3.75
188 17 0 3.5
191 23 0 1.25
352 17 0 2.5
127 8 0 2.75
166 22 0 1.0
166 26 0 4.0
328 22 0 2.0
303 25 0 3.5
19 2 0 1.25
324 65 0 2.0
219 27 0 1.5
238 12 0 2.25
269 23 0 1.75
109 58 0 3.5
320 3 0 2.25
140 16 0 3.0
133 25 0 1.5
226 14 0 1.0
244 22 0 2.75
27 2 0 1.25
15 25 0 1.75
214 9 0 1.75
33 21 0 1.25
213 7 0 1.0
267 23 0 1.0
261 22 0 2.0
341 47 0 2.75
83 8 0 1.5
127 28 0 3.0
259 2 0 1.0
182 2 0 3.25
151 6 0 3.5
346 43 0 3.5
70 34 0 3.25
283 3 0 1.75
217 7 0 3.75
344 5 0 3.0
302 9 0 2.5
165 24 0 1.75
67 3 0 2.25
27 24 0 1.0
220 6 0 2.75
221 4 0 1.75
63 15 0 2.75
52 30 0 2.5
275 36 0 3.75
256 22 0 4.0
233 11 0 1.25
68 29 0 2.75
215 26 0 3.75
293 25 0 3.25
313 2 0 1.25
14 22 0 1.75
246 15 0 1.25
333 60 0 4.0
256 29 0 1.75
344 25 0 2.25
221 3 0 2.5
214 2 0 2.25
214 4 0 2.5
176 23 0 1.0
19 25 0 2.5
178 13 0 1.5
298 27 0 1.5
107 9 0 3.5
273 3 0 3.5
110 12 0 4.0
159 0 0 3.25
357 1 0 2.25
336 2 0 3.5
110 51 0 2.5
280 39 0 1.5
37 8 0 1.25
38 24 0 2.0
2 69 0 1.75
190 49 0 3.25
188 24 0 1.5
207 50 0 1.75
175 4 0 2.25
162 23 0 3.0
66 36 0 2.25
112 7 0 2.5
82 8 0 3.0
32 9 0 3.5
163 8 0 2.0
183 24 0 3.5
170 21 0 1.5
285 29 0 3.0
178 28 0 1.25
272 23 0 4.0
80 16 0 3.5
352 14 0 2.25
97 26 0 4.0
121 19 0 2.75
110 30 0 2.75
241 0 0 1.5
245 28 0 2.5
340 14 0 3.5
267 26 0 1.0
350 2 0 2.0
138 29 0 3.5
265 12 0 2.0
223 19 0 2.75
271 29 0 2.0
140 21 0 2.5
114 6 0 3.5
340 50 0 3.5
84 49 0 3.5
196 6 0 3.75
241 73 0 3.0
339 79 0 2.75
256 27 0 3.25
256 27 0 2.25
175 8 0 3.5
308 30 0 2.25
73 30 0 1.25
265 28 0 1.0
269 28 0 1.25
256 11 0 2.5
170 4 0 3.75
270 17 0 2.5
300 5 0 2.75
20 5 0 3.0
193 75 0 1.0
276 20 0 3.25
0 16 0 2.25
30 23 0 2.5
11 7 0 3.75
199 5 0 3.25
119 9 0 3.25
238 17 0 3.0
168 26 0 2.5
335 28 0 3.0
231 59 0 3.0
149 1 0 3.25
285 8 0 3.25
66 24 0 2.25
290 27 0 2.0
190 19 0 3.75
292 10 0 2.5
353 14 0 3.25
41 22 0 1.25
85 14 0 3.75
25 21 0 3.25
82 12 0 3.25
286 8 0 3.5
239 21 0 2.25
100 8 0 2.75
352 25 0 3.0
248 58 0 1.5
6 26 0 1.5
76 34 0 1.5
282 2 0 2.25
296 49 0 3.25
338 33 0 2.75
186 21 0 4.0
157 22 0 1.0
309 5 0 2.75
229 14 0 1.5
297 66 0 1.25
208 29 0 3.75
53 14 0 2.25
358 14 0 1.75
63 21 0 1.75
25 24 0 3.5
71 0 0 3.5
214 30 0 3.0
248 29 0 2.25
77 24 0 1.0
11 25 0 4.0
6 48 0 3.5
216 8 0 3.75
59 11 0 2.0
226 23 0 3.5
203 9 0 2.25
332 30 0 1.25
172 68 0 1.5
24 77 0 3.25
151 52 0 3.0
260 17 0 2.5
150 16 0 1.25
136 49 0 3.25
342 20 0 1.25
335 14 0 1.75
63 2 0 3.0
309 48 0 2.75
42 24 0 3.5
278 30 0 2.5
173 28 0 3.0
0 16 0 1.25
344 29 0 2.75
207 22 0 3.5
329 3 0 2.75
138 18 0 3.0
174 14 0 1.5
174 11 0 2.5
45 31 0 3.0
163 23 0 1.25
78 0 0 2.75
133 29 0 3.0
83 8 0 2.25
300 7 0 2.75
129 16 0 2.0
142 28 0 1.75
207 11 0 3.25
177 28 0 3.75
124 54 0 3.75
189 24 0 2.25
23 18 0 1.0
311 12 0 2.5
208 37 0 1.5
195 28 0 4.0
284 11 0 2.0
282 17 0 2.0
266 47 0 1.0
182 28 0 1.5
159 14 0 4.0
52 12 0 1.25
173 17 0 1.25
89 11 0 1.75
257 22 0 1.25
310 46 0 1.25
107 2 0 2.75
264 1 0 2.25
8 0 0 3.5
248 3 0 3.75
19 32 0 3.25
295 11 0 2.0
204 17 0 1.5
227 24 0 3.5
268 24 0 1.5
232 36 0 3.5
62 2 0 3.75
8 11 0 1.0
198 26 0 2.5
25 15 0 3.5
326 33 0 1.25
162 3 0 1.0
231 27 0 3.0
30 2 0 4.0
74 9 0 2.75
84 26 0 1.75
110 75 0 1.75
304 28 0 3.0
125 27 0 2.25
72 0 0 3.0
284 11 0 4.0
261 3 0 1.5
349 39 0 4.0
112 7 0 4.0
245 20 0 3.0
60 24 0 1.0
352 9 0 1.5
318 25 0 1.0
157 28 0 2.5
111 25 0 1.5
156 23 0 1.5
18 10 0 2.75
340 28 0 1.5
38 27 0 1.75
38 15 0 3.75
39 0 0 3.75
105 21 0 3.5
298 20 0 2.75
280 8 0 1.5
58 17 0 2.75
296 11 0 1.0
20 0 0 3.25
208 19 0 1.75
295 20 0 1.75
184 47 0 4.0
169 57 0 1.75
189 15 0 3.75
211 27 0 3.0
44 18 0 2.5
11 15 0 4.0
338 22 0 2.75
302 30 0 3.5
225 21 0 4.0
247 15 0 2.5
183 25 0 3.0
5 12 0 1.5
320 26 0 1.75
51 8 0 4.0
329 56 0 1.5
64 32 0 2.25
328 7 0 1.75
12 17 0 2.25
290 1 0 1.25
278 13 0 2.0
165 30 0 3.25
347 1 0 2.25
196 23 0 3.75
200 5 0 2.0
157 6 0 2.0
240 0 0 2.75
3 11 0 3.75
135 5 0 1.0
65 48 0 3.25
153 4 0 2.5
200 38 0 2.25
315 17 0 2.0
335 16 0 3.0
175 25 0 3.5
14 25 0 3.0
238 11 0 1.0
92 23 0 1.75
338 8 0 2.5
223 16 0 2.5
170 7 0 2.5
326 29 0 1.75
136 18 0 3.25
137 0 0 2.0
219 7 0 1.25
216 21 0 1.75
192 20 0 3.0
69 23 0 1.25
41 6 0 2.25
336 9 0 3.75
235 71 0 2.0
193 7 0 4.0
319 30 0 3.5
92 17 0 2.25
179 30 0 3.5
245 3 0 4.0
320 27 0 3.75
143 23 0 1.5
4 21 0 1.25
106 12 0 3.5
186 27 0 1.75
198 22 0 3.0
322 24 0 2.25
259 16 0 2.75
276 30 0 3.5
255 4 0 2.75
252 23 0 3.25
132 25 0 2.5
250 3 0 3.5
144 27 0 1.25
149 74 0 2.25
4 25 0 3.75
176 1 0 1.75
159 4 0 1.75
8 1 0 2.0
246 24 0 2.0
182 15 0 2.0
356 18 0 3.5
224 29 0 2.75
232 23 0 1.25
142 59 0 3.5
258 25 0 2.25
292 79 0 2.25
339 16 0 2.0
260 12 0 2.0
88 29 0 2.25
151 11 0 1.0
265 2 0 2.5
289 15 0 2.5
267 11 0 1.0
223 17 0 2.75
38 74 0 3.0
129 15 0 3.75
