346 24 0 1.25
144 8 0 3.0
149 9 0 1.0
78 29 0 3.0
96 23 0 1.25
310 5 0 1.5
283 24 0 1.5
221 16 0 3.75
31 21 0 2.25
115 15 0 1.25
215 18 0 2.5
139 10 0 1.75
348 20 0 3.75
18 26 0 1.25
144 57 0 3.75
154 9 0 2.75
24 13 0 3.75
206 19 0 4.0
84 17 0 3.75
225 13 0 2.5
322 26 0 2.75
113 3 0 3.0
276 3 0 1.0
293 4 0 2.5
265 43 0 3.0
140 14 0 1.5
81 8 0 2.0
68 24 0 3.5
229 13 0 4.0
194 2 0 4.0
211 25 0 2.5
338 59 0 1.0
308 27 0 3.75
264 15 0 3.25
346 7 0 4.0
157 7 0 2.0
187 17 0 1.5
313 5 0 4.0
48 43 0 2.75
48 6 0 4.0
320 37 0 2.5
256 12 0 4.0
334 2 0 2.25
65 14 0 2.0
120 13 0 2.75
120 11 0 1.75
186 18 0 3.75
74 18 0 2.0
127 11 0 1.0
293 80 0 1.25
160 18 0 2.0
100 16 0 3.75
287 8 0 1.0
6 19 0 2.25
79 7 0 3.25
141 1 0 3.75
71 2 0 2.5
189 21 0 3.0
237 30 0 2.5
185 16 0 2.25
352 17 0 1.25
211 4 0 3.0
214 12 0 1.75
101 2 0 1.0
90 0 0 3.25
67 9 0 3.25
315 0 0 1.0
192 10 0 4.0
135 30 0 2.0
112 0 0 2.25
122 30 0 3.0
132 28 0 1.5
69 18 0 2.0
20 17 0 3.25
205 30 0 3.75
187 23 0 3.5
247 23 0 3.25
104 1 0 2.5
202 30 0 3.0
29 21 0 1.5
244 10 0 3.75
233 2 0 1.75
1 0 0 1.5
31 6 0 3.0
183 18 0 2.0
145 14 0 2.0
122 4 0 1.25
169 3 0 2.5
99 7 0 1.75
295 29 0 2.75
265 11 0 1.75
79 27 0 1.75
203 18 0 1.0
206 8 0 2.25
207 5 0 2.0
326 31 0 1.25
219 3 0 1.75
136 11 0 1.75
291 3 0 3.5
327 5 0 3.0
121 22 0 2.5
24 43 0 2.5
322 22 0 1.5
226 7 0 4.0
188 13 0 1.0
321 41 0 2.75
263 12 0 1.0
274 10 0 1.5
88 22 0 3.0
264 9 0 3.0
344 17 0 2.25
263 14 0 1.5
8 23 0 1.0
137 27 0 1.25
346 21 0 1.5
147 2 0 2.75
358 29 0 4.0
327 0 0 4.0
102 59 0 3.5
80 48 0 3.75
347 16 0 1.75
307 23 0 2.75
247 49 0 2.0
193 14 0 3.0
108 12 0 1.5
155 22 0 2.5
353 27 0 4.0
74 2 0 1.0
188 57 0 2.25
41 13 0 1.5
285 25 0 3.0
267 17 0 3.25
93 17 0 1.25
202 27 0 1.0
255 17 0 4.0
309 27 0 1.25
100 51 0 1.25
265 13 0 2.75
240 20 0 3.0
39 22 0 3.5
45 12 0 2.5
331 2 0 4.0
164 30 0 2.5
162 23 0 2.5
337 51 0 2.75
40 3 0 4.0
274 25 0 2.5
357 26 0 2.0
259 22 0 2.5
66 12 0 1.25
349 14 0 1.0
306 6 0 4.0
197 70 0 1.75
4 7 0 3.75
111 21 0 4.0
43 7 0 1.0
339 69 0 4.0
321 6 0 3.5
44 8 0 1.75
142 20 0 3.25
227 6 0 1.5
141 4 0 3.75
180 52 0 1.25
82 28 0 2.75
218 1 0 2.25
335 5 0 4.0
121 16 0 2.25
48 6 0 1.5
267 8 0 3.5
285 42 0 1.5
2 28 0 1.5
45 4 0 4.0
110 10 0 3.75
276 24 0 2.0
239 7 0 1.25
89 55 0 1.25
329 14 0 2.0
357 2 0 2.25
104 23 0 3.75
193 14 0 3.5
346 23 0 1.75
169 16 0 2.25
315 8 0 1.0
237 18 0 3.0
138 3 0 2.25
87 3 0 2.25
14 27 0 2.5
329 27 0 3.0
24 24 0 2.0
357 65 0 2.0
353 0 0 1.25
192 30 0 1.5
56 24 0 2.0
193 5 0 2.5
238 6 0 1.75
308 35 0 2.75
12 0 0 4.0
325 11 0 3.25
5 7 0 3.75
19 57 0 2.5
297 25 0 4.0
355 30 0 2.0
90 15 0 3.0
67 29 0 3.75
122 30 0 2.0
296 25 0 2.5
279 12 0 2.5
126 14 0 1.25
54 19 0 2.25
139 27 0 3.75
31 22 0 3.0
338 5 0 1.25
272 17 0 3.75
85 9 0 2.5
336 21 0 2.75
226 17 0 2.25
55 6 0 1.0
74 1 0 3.25
48 4 0 1.75
110 5 0 2.0
111 21 0 3.25
353 7 0 1.5
23 2 0 4.0
118 25 0 2.75
103 19 0 4.0
30 3 0 2.75
333 21 0 1.25
223 14 0 3.25
328 10 0 1.0
196 3 0 1.25
118 11 0 1.25
186 29 0 3.75
217 10 0 1.5
107 15 0 3.0
338 53 0 3.25
249 15 0 1.5
308 38 0 2.5
0 20 0 3.0
256 11 0 1.75
48 15 0 2.5
162 1 0 1.25
74 34 0 2.25
44 4 0 2.25
12 17 0 3.25
301 22 0 2.25
114 29 0 4.0
326 9 0 3.75
303 12 0 1.25
14 60 0 1.0
236 64 0 3.0
184 16 0 2.5
303 17 0 1.5
293 21 0 1.5
89 44 0 3.75
106 19 0 3.0
259 0 0 1.75
287 14 0 1.0
8 29 0 4.0
131 27 0 4.0
26 19 0 2.25
220 45 0 1.25
162 2 0 2.75
36 27 0 3.75
36 30 0 2.0
66 61 0 1.25
284 25 0 3.25
297 16 0 3.25
14 2 0 4.0
262 30 0 2.25
244 4 0 1.25
59 2 0 1.75
216 6 0 3.0
121 33 0 2.25
151 15 0 3.0
281 6 0 2.0
10 21 0 2.75
235 13 0 3.75
323 17 0 2.5
213 29 0 1.5
346 23 0 3.25
149 54 0 2.5
21 25 0 1.0
326 33 0 3.25
308 8 0 3.0
100 14 0 4.0
203 8 0 1.25
217 11 0 3.75
120 4 0 1.25
291 8 0 2.75
249 29 0 3.5
224 15 0 3.0
276 29 0 2.5
291 18 0 1.5
7 22 0 1.0
95 14 0 2.25
101 9 0 2.25
193 6 0 2.25
359 26 0 3.75
60 25 0 2.5
110 23 0 3.5
85 33 0 2.5
161 21 0 3.5
302 0 0 2.0
281 1 0 1.5
162 2 0 4.0
129 9 0 1.75
72 42 0 1.0
322 0 0 1.25
131 15 0 3.5
112 5 0 3.25
198 25 0 2.75
112 11 0 1.5
75 24 0 3.0
282 30 0 2.5
257 5 0 3.5
247 3 0 3.75
297 26 0 1.5
17 3 0 1.5
76 25 0 3.75
232 8 0 1.75
48 58 0 1.0
150 2 0 1.0
211 14 0 3.0
297 9 0 1.5
211 20 0 3.25
340 24 0 3.75
142 27 0 3.0
232 38 0 3.5
172 21 0 2.25
226 14 0 1.5
178 29 0 1.0
307 26 0 2.25
179 1 0 3.75
59 30 0 3.5
32 10 0 3.75
279 2 0 4.0
187 19 0 1.75
26 32 0 3.5
63 42 0 1.0
22 17 0 3.0
10 4 0 2.5
42 23 0 2.5
209 10 0 2.75
109 3 0 3.25
201 3 0 3.5
256 23 0 3.5
257 23 0 3.25
104 9 0 1.5
272 55 0 2.25
155 13 0 2.75
341 2 0 4.0
62 21 0 3.75
318 23 0 3.75
165 5 0 1.5
165 2 0 3.5
262 39 0 3.75
109 14 0 2.75
52 26 0 1.75
256 9 0 3.25
192 8 0 3.5
24 42 0 3.5
100 28 0 4.0
216 13 0 1.0
15 19 0 2.25
345 17 0 3.5
33 22 0 1.5
28 6 0 2.75
299 8 0 1.5
161 21 0 2.0
247 0 0 1.75
136 13 0 2.75
48 12 0 1.5
128 30 0 2.0
182 35 0 2.25
314 11 0 3.25
154 0 0 3.0
108 3 0 1.0
192 36 0 3.25
267 15 0 3.25
92 22 0 3.0
2 27 0 3.0
188 37 0 2.5
180 46 0 4.0
154 21 0 4.0
318 21 0 3.5
314 13 0 1.75
36 18 0 3.5
22 7 0 3.75
230 31 0 3.25
226 19 0 3.5
141 20 0 1.25
110 24 0 3.75
233 25 0 3.25
215 17 0 3.0
307 16 0 2.75
294 13 0 3.5
128 27 0 4.0
57 16 0 3.5
62 80 0 3.75
355 26 0 4.0
316 1 0 1.0
251 6 0 4.0
312 5 0 4.0
12 43 0 2.5
32 79 0 2.5
34 26 0 2.25
335 22 0 3.25
310 6 0 3.5
214 26 0 2.75
11 6 0 3.5
33 1 0 2.0
146 8 0 1.75
249 32 0 2.25
113 10 0 1.75
202 13 0 3.25
333 29 0 3.0
76 20 0 1.25
346 16 0 1.25
147 22 0 3.25
66 75 0 4.0
264 50 0 2.75
173 5 0 1.5
321 14 0 3.25
161 1 0 3.25
51 4 0 3.0
207 14 0 2.25
76 15 0 2.25
249 19 0 1.5
283 8 0 2.5
323 0 0 2.25
178 67 0 1.0
234 26 0 1.5
89 27 0 3.75
97 34 0 3.5
249 1 0 2.25
257 6 0 3.0
43 17 0 2.5
345 21 0 2.5
348 5 0 1.5
73 14 0 1.75
119 1 0 3.25
323 6 0 2.25
154 20 0 1.5
296 25 0 3.0
82 3 0 2.0
206 23 0 3.5
39 25 0 1.25
239 10 0 3.75
52 8 0 1.0
24 11 0 1.0
284 18 0 2.25
271 21 0 3.25
304 1 0 3.5
350 30 0 2.0
236 47 0 2.5
146 29 0 3.0
190 67 0 3.75
220 27 0 3.25
170 19 0 4.0
23 25 0 1.5
221 22 0 4.0
140 20 0 2.75
265 6 0 3.5
75 22 0 3.5
350 21 0 1.5
119 27 0 1.75
308 74 0 4.0
226 28 0 1.0
48 18 0 2.25
291 26 0 1.75
179 18 0 1.0
288 11 0 3.0
97 12 0 2.25
72 24 0 1.5
186 21 0 3.0
134 18 0 1.0
25 0 0 4.0
265 25 0 3.0
18 3 0 1.5
33 2 0 2.75
313 21 0 2.5
228 14 0 3.5
238 16 0 1.5
138 18 0 2.5
337 10 0 1.75
296 16 0 3.0
200 16 0 3.0
255 29 0 2.0
79 23 0 1.25
226 4 0 3.75
319 3 0 2.5
241 26 0 1.5
296 13 0 3.5
213 10 0 3.75
344 6 0 1.0
51 5 0 1.25
318 21 0 2.5
0 73 0 3.5
230 60 0 4.0
334 37 0 3.75
79 24 0 4.0
106 21 0 2.5
262 23 0 1.75
281 35 0 1.25
321 19 0 2.75
272 18 0 3.0
181 24 0 1.5
97 10 0 2.75
2 14 0 1.25
249 4 0 1.5
25 27 0 3.0
324 42 0 2.25
48 11 0 2.25
12 41 0 1.0
18 22 0 1.25
343 13 0 2.25
344 30 0 1.25
318 6 0 1.75
107 26 0 1.5
247 7 0 1.25
25 16 0 1.0
244 27 0 1.25
272 29 0 2.5
153 23 0 2.75
89 20 0 3.75
236 2 0 4.0
16 29 0 1.0
133 26 0 3.5
286 2 0 1.25
132 43 0 2.75
25 21 0 3.0
112 24 0 4.0
161 25 0 3.25
342 24 0 1.0
165 55 0 3.0
55 7 0 2.0
91 15 0 1.0
240 6 0 4.0
344 22 0 1.75
33 1 0 3.25
344 14 0 2.0
84 22 0 1.5
79 28 0 1.25
0 0 0 2.25
352 17 0 1.0
47 32 0 3.25
254 12 0 1.5
340 14 0 2.0
70 37 0 2.75
196 10 0 1.75
227 3 0 2.5
217 26 0 2.75
4 5 0 2.25
356 7 0 1.5
128 25 0 2.5
193 16 0 4.0
144 45 0 4.0
280 55 0 2.75
350 29 0 3.25
214 11 0 1.75
309 5 0 3.5
182 11 0 2.25
170 30 0 2.5
318 15 0 2.0
37 54 0 1.75
118 1 0 2.25
121 10 0 3.5
120 42 0 3.0
241 47 0 1.75
332 22 0 1.0
193 18 0 2.75
94 1 0 3.0
180 4 0 3.5
338 27 0 1.25
338 19 0 2.25
285 10 0 3.75
245 26 0 4.0
249 12 0 3.0
342 13 0 1.25
165 10 0 3.5
233 9 0 1.25
25 19 0 1.25
311 30 0 1.25
294 27 0 1.5
221 15 0 3.5
155 80 0 2.0
156 15 0 3.75
278 10 0 1.0
337 21 0 3.25
168 37 0 1.75
49 8 0 3.25
51 13 0 1.5
210 65 0 1.75
70 5 0 1.5
327 26 0 2.25
345 3 0 1.5
178 32 0 1.25
335 22 0 3.0
163 11 0 3.75
262 4 0 3.75
125 57 0 1.5
103 14 0 3.25
228 18 0 3.25
44 18 0 1.0
185 8 0 3.25
183 61 0 1.75
107 27 0 1.75
277 20 0 1.25
28 28 0 3.5
45 19 0 2.5
146 21 0 2.0
10 6 0 1.0
15 25 0 2.25
76 27 0 3.25
145 60 0 3.25
304 18 0 2.25
328 16 0 2.75
175 1 0 1.0
258 0 0 2.75
160 17 0 1.75
143 20 0 3.5
293 19 0 2.0
247 4 0 2.75
307 16 0 3.25
98 24 0 2.5
175 23 0 3.0
60 14 0 1.5
59 3 0 1.75
112 8 0 1.75
32 0 0 2.25
133 61 0 2.5
250 7 0 4.0
307 19 0 2.5
306 14 0 2.75
91 80 0 2.0
201 4 0 1.75
220 21 0 3.75
295 44 0 3.25
79 16 0 1.25
320 4 0 1.0
283 18 0 3.75
306 2 0 1.75
221 8 0 2.5
195 21 0 3.25
14 24 0 3.0
178 72 0 2.25
204 4 0 2.0
217 19 0 1.25
76 63 0 3.0
264 17 0 4.0
114 21 0 2.5
228 25 0 3.75
76 30 0 4.0
108 52 0 3.25
24 27 0 2.5
293 24 0 1.25
256 4 0 2.5
221 53 0 3.0
32 13 0 3.75
154 13 0 2.5
22 30 0 3.75
216 11 0 3.25
194 15 0 2.75
269 25 0 2.0
133 15 0 1.5
323 26 0 2.5
88 3 0 3.0
127 3 0 2.25
111 14 0 2.5
8 26 0 2.5
236 15 0 2.0
85 27 0 1.0
88 17 0 3.75
277 28 0 3.0
186 10 0 2.0
350 3 0 1.75
205 0 0 3.5
217 32 0 3.0
178 70 0 1.0
235 11 0 2.75
227 29 0 2.5
347 26 0 3.75
21 41 0 3.75
339 0 0 2.75
114 12 0 3.0
200 72 0 3.75
179 39 0 1.5
154 1 0 1.0
83 5 0 3.0
253 9 0 1.0
170 4 0 4.0
87 18 0 2.25
235 5 0 3.5
245 0 0 1.5
37 8 0 1.25
259 13 0 1.25
84 2 0 1.75
209 30 0 1.5
123 25 0 2.5
337 25 0 1.5
209 20 0 3.5
253 27 0 2.75
299 28 0 1.25
196 57 0 1.0
156 1 0 3.75
238 10 0 3.5
238 25 0 3.0
186 24 0 2.75
322 19 0 3.25
308 0 0 3.0
232 26 0 1.75
30 62 0 2.25
35 19 0 2.0
332 1 0 4.0
291 19 0 3.0
295 17 0 2.5
313 19 0 1.75
64 15 0 3.0
347 26 0 1.5
105 11 0 2.0
37 1 0 1.0
263 1 0 2.5
158 22 0 2.75
307 23 0 3.0
261 57 0 3.5
161 49 0 4.0
355 5 0 1.25
216 17 0 1.0
39 51 0 3.75
143 5 0 3.0
1 17 0 4.0
278 12 0 2.25
239 28 0 3.5
346 56 0 2.75
325 78 0 2.0
156 9 0 1.25
108 20 0 1.5
263 23 0 3.5
260 15 0 3.25
140 0 0 3.25
320 13 0 4.0
106 21 0 3.25
238 2 0 1.25
184 11 0 3.0
17 50 0 1.5
151 7 0 2.0
205 25 0 2.5
102 22 0 3.5
76 9 0 1.5
295 2 0 2.75
108 3 0 1.75
136 2 0 3.0
276 34 0 1.0
22 10 0 3.0
57 29 0 1.75
5 18 0 4.0
90 21 0 2.0
326 43 0 3.75
198 17 0 3.25
213 26 0 4.0
221 0 0 2.0
35 20 0 2.5
251 24 0 1.75
247 26 0 4.0
118 1 0 1.75
333 11 0 3.0
86 4 0 3.75
20 18 0 3.25
353 7 0 4.0
4 17 0 1.0
241 21 0 1.0
208 17 0 4.0
302 10 0 4.0
323 78 0 1.25
280 11 0 3.25
181 28 0 1.5
168 11 0 2.5
198 7 0 2.75
150 20 0 1.25
240 17 0 2.0
313 28 0 2.5
262 37 0 2.25
3 12 0 1.75
8 5 0 1.0
96 8 0 4.0
12 24 0 2.5
152 8 0 3.5
230 26 0 3.0
221 24 0 1.5
155 21 0 1.0
305 5 0 3.0
242 10 0 2.0
76 0 0 4.0
29 8 0 1.5
228 18 0 1.5
60 8 0 4.0
108 7 0 1.5
160 4 0 2.25
60 0 0 2.25
352 22 0 1.25
92 11 0 3.25
113 16 0 3.75
346 8 0 1.0
359 10 0 2.5
79 7 0 2.75
158 14 0 3.0
277 6 0 2.75
184 52 0 3.75
80 29 0 3.0
345 29 0 3.0
3 19 0 2.25
2 28 0 2.75
280 17 0 4.0
215 6 0 2.0
307 20 0 1.5
292 25 0 2.0
123 23 0 3.75
43 16 0 4.0
340 21 0 2.0
17 14 0 2.5
329 18 0 2.0
109 32 0 2.0
263 14 0 2.25
307 0 0 4.0
192 25 0 3.75
306 19 0 2.0
109 15 0 2.75
327 25 0 2.75
44 8 0 3.75
18 28 0 3.25
67 18 0 3.25
240 22 0 3.0
72 1 0 2.0
333 18 0 3.25
350 7 0 4.0
52 8 0 1.75
97 12 0 1.25
286 22 0 2.25
247 51 0 2.5
245 25 0 3.0
269 12 0 1.25
339 30 0 2.0
308 19 0 1.75
272 30 0 1.5
306 10 0 1.0
120 3 0 2.25
86 8 0 2.75
307 15 0 2.0
224 0 0 1.5
67 48 0 2.5
51 29 0 3.25
69 19 0 1.75
211 1 0 3.75
66 15 0 3.75
340 14 0 3.75
82 19 0 4.0
195 31 0 2.0
208 18 0 1.5
142 22 0 1.75
278 4 0 3.75
266 1 0 1.5
74 8 0 4.0
123 14 0 1.5
359 29 0 2.5
82 29 0 2.25
127 4 0 2.5
333 2 0 3.5
278 16 0 2.0
306 22 0 2.75
170 3 0 1.0
140 1 0 2.5
352 27 0 3.0
352 30 0 3.25
184 2 0 3.25
158 30 0 2.75
261 28 0 1.25
323 14 0 1.5
211 12 0 1.5
228 5 0 2.0
125 12 0 2.0
162 14 0 2.5
325 7 0 3.75
297 64 0 3.0
243 20 0 2.5
234 21 0 3.25
95 53 0 3.75
324 23 0 1.0
55 5 0 2.75
261 8 0 2.75
76 21 0 1.75
180 18 0 2.25
113 14 0 2.75
136 29 0 2.5
198 64 0 1.5
212 48 0 1.0
152 30 0 1.75
253 13 0 3.0
80 27 0 3.0
35 18 0 2.75
63 12 0 3.5
176 2 0 1.5
330 12 0 4.0
86 3 0 2.25
184 5 0 3.5
309 14 0 1.75
174 8 0 3.75
192 1 0 1.5
104 9 0 1.0
350 17 0 3.5
123 53 0 3.25
201 11 0 1.0
228 30 0 1.0
215 26 0 1.75
295 9 0 2.75
176 21 0 1.0
246 8 0 1.75
56 9 0 3.5
341 29 0 1.75
311 25 0 1.0
281 26 0 4.0
237 25 0 1.0
236 29 0 2.0
335 33 0 2.25
122 2 0 3.75
197 8 0 2.5
9 18 0 2.75
232 12 0 3.5
52 3 0 3.25
236 16 0 1.5
208 1 0 1.5
185 13 0 2.0
252 7 0 1.25
198 7 0 1.0
1 11 0 3.75
64 26 0 3.0
87 25 0 3.0
28 12 0 1.5
51 31 0 2.5
119 4 0 4.0
50 20 0 2.5
219 14 0 4.0
245 2 0 3.0
226 13 0 4.0
38 37 0 2.5
223 14 0 1.0
301 14 0 3.5
141 13 0 2.75
264 64 0 1.75
280 5 0 2.75
166 2 0 2.0
308 18 0 1.0
274 19 0 4.0
262 10 0 4.0
71 14 0 4.0
58 33 0 1.0
283 9 0 3.0
294 7 0 1.5
61 6 0 2.25
7 2 0 1.0
262 2 0 3.5
22 8 0 1.5
96 28 0 3.0
148 20 0 3.75
8 18 0 2.75
103 14 0 1.25
191 21 0 1.5
231 17 0 4.0
186 19 0 3.5
238 2 0 4.0
349 8 0 4.0
7 18 0 3.75
277 0 0 2.25
338 14 0 2.25
204 7 0 2.75
220 4 0 3.5
148 13 0 1.75
250 21 0 1.0
5 5 0 1.0
226 29 0 1.0
133 21 0 4.0
147 12 0 2.0
207 24 0 4.0
326 23 0 2.25
343 10 0 3.5
105 7 0 2.25
252 20 0 2.25
24 9 0 3.25
326 5 0 2.5
357 26 0 1.75
129 15 0 2.0
141 23 0 3.5
272 24 0 4.0
149 12 0 1.5
107 29 0 1.75
134 50 0 3.5
66 4 0 1.5
311 16 0 3.25
11 16 0 2.0
4 12 0 2.25
141 6 0 3.25
311 3 0 1.25
92 6 0 2.5
268 62 0 2.25
218 2 0 3.0
222 1 0 1.75
355 53 0 2.5
58 25 0 2.5
307 11 0 2.25
20 28 0 1.75
203 3 0 3.25
111 4 0 2.0
316 10 0 2.0
350 28 0 1.25
58 12 0 4.0
324 7 0 1.75
95 3 0 3.5
22 21 0 3.75
83 8 0 2.25
11 9 0 2.5
236 5 0 3.5
208 16 0 2.0
165 24 0 1.25
218 13 0 3.5
224 12 0 1.25
293 5 0 3.5
130 22 0 1.75
111 56 0 2.0
171 29 0 1.75
0 8 0 1.5
229 19 0 1.5
222 17 0 1.75
340 6 0 2.0
48 22 0 1.75
153 26 0 3.5
107 44 0 3.75
156 3 0 1.25
253 16 0 1.0
39 8 0 3.0
153 3 0 1.5
60 23 0 2.25
205 39 0 1.75
68 22 0 1.5
216 6 0 1.25
0 20 0 3.5
155 29 0 3.0
209 14 0 3.25
262 14 0 3.25
155 6 0 1.5
77 30 0 3.25
246 21 0 3.25
185 3 0 1.5
176 22 0 2.5
29 19 0 1.0
281 23 0 4.0
140 20 0 1.5
123 1 0 1.25
313 23 0 1.5
206 12 0 2.0
311 66 0 1.75
43 2 0 3.5
73 2 0 3.0
228 25 0 2.75
12 24 0 4.0
49 24 0 1.25
204 19 0 1.5
150 17 0 3.0
136 26 0 3.5
355 0 0 1.5
89 13 0 3.25
16 14 0 3.5
266 26 0 2.25
329 18 0 1.5
327 22 0 1.75
188 14 0 4.0
338 23 0 2.0
170 67 0 2.5
25 3 0 3.75
120 7 0 3.75
196 21 0 1.25
55 11 0 4.0
215 23 0 1.5
263 26 0 1.5
157 0 0 2.0
331 27 0 1.75
220 10 0 2.75
320 0 0 2.25
283 13 0 2.25
127 14 0 3.5
97 22 0 1.25
214 20 0 3.75
262 8 0 4.0
352 42 0 1.5
141 16 0 2.75
275 9 0 1.5
239 11 0 1.5
241 13 0 1.0
272 19 0 2.5
224 26 0 4.0
128 29 0 1.5
19 2 0 4.0
276 2 0 3.0
41 25 0 2.0
316 15 0 2.75
311 10 0 2.25
244 24 0 3.5
60 14 0 1.0
210 4 0 3.25
248 2 0 3.5
359 6 0 2.5
123 5 0 2.75
303 16 0 1.25
333 29 0 4.0
132 18 0 2.0
213 23 0 4.0
129 4 0 1.5
233 12 0 3.75
29 11 0 4.0
208 0 0 3.5
257 17 0 1.5
285 10 0 1.75
99 22 0 1.25
192 18 0 3.0
319 28 0 1.25
130 18 0 1.0
207 19 0 3.75
64 15 0 1.0
124 35 0 1.5
320 16 0 2.0
305 24 0 1.25
348 9 0 2.0
140 6 0 1.25
229 24 0 3.25
210 41 0 2.0
229 19 0 2.5
99 67 0 3.0
60 14 0 3.25
169 13 0 4.0
286 29 0 1.75
17 42 0 1.25
116 5 0 2.0
326 28 0 1.75
6 18 0 3.75
248 26 0 2.0
31 9 0 2.25
41 36 0 3.5
115 26 0 1.0
44 32 0 3.0
4 29 0 1.75
27 2 0 2.5
233 29 0 1.5
283 28 0 3.75
291 58 0 3.75
308 23 0 1.25
312 29 0 3.75
46 20 0 2.0
281 79 0 1.25
53 6 0 1.0
11 51 0 3.25
19 0 0 3.0
192 29 0 4.0
223 22 0 4.0
233 7 0 4.0
93 30 0 1.0
90 62 0 2.0
67 26 0 3.5
156 17 0 3.25
296 23 0 2.25
33 22 0 2.0
3 45 0 3.5
349 12 0 2.5
311 18 0 1.5
350 25 0 1.0
116 12 0 1.0
329 37 0 3.75
92 5 0 1.5
263 19 0 4.0
193 12 0 2.75
149 5 0 2.25
256 25 0 1.25
280 3 0 1.0
4 21 0 1.5
297 27 0 3.25
340 29 0 1.0
25 26 0 1.75
128 4 0 1.5
282 19 0 1.0
211 30 0 3.0
101 25 0 3.0
258 26 0 1.75
142 76 0 2.5
291 18 0 2.5
312 6 0 1.0
165 22 0 2.0
203 15 0 2.75
170 14 0 3.5
37 29 0 2.25
286 25 0 3.0
178 39 0 3.0
191 16 0 2.25
312 38 0 2.0
271 15 0 2.0
190 23 0 1.0
289 22 0 1.0
357 11 0 1.0
56 30 0 3.25
35 7 0 1.25
260 54 0 3.5
9 25 0 3.0
64 14 0 2.25
110 22 0 3.75
84 2 0 3.75
196 16 0 1.25
84 4 0 4.0
2 26 0 4.0
266 41 0 1.0
242 13 0 3.25
208 5 0 1.75
288 2 0 2.0
136 23 0 1.75
316 30 0 3.75
180 13 0 1.5
354 51 0 3.0
235 6 0 1.0
350 0 0 1.25
226 38 0 2.25
30 26 0 2.75
156 26 0 4.0
290 0 0 2.25
98 59 0 1.0
119 49 0 2.75
109 30 0 1.0
41 7 0 3.0
209 8 0 1.0
155 30 0 3.75
54 9 0 1.5
292 15 0 3.75
328 4 0 2.75
52 7 0 3.25
52 8 0 1.25
170 3 0 3.25
143 17 0 3.25
212 73 0 2.0
152 13 0 4.0
248 21 0 1.5
154 20 0 1.25
102 18 0 2.0
196 53 0 3.75
286 0 0 2.75
163 30 0 2.0
357 4 0 3.0
224 6 0 2.0
121 11 0 2.25
49 4 0 2.0
132 24 0 4.0
63 7 0 3.0
293 20 0 2.0
213 1 0 3.0
155 17 0 3.25
61 29 0 1.0
338 28 0 3.75
201 6 0 2.0
319 4 0 1.5
47 22 0 2.5
297 9 0 4.0
17 17 0 3.75
46 41 0 1.75
160 78 0 3.5
208 23 0 2.5
39 28 0 1.75
89 9 0 1.75
28 1 0 1.0
75 23 0 1.25
315 26 0 3.5
246 9 0 4.0
74 45 0 3.25
236 9 0 1.5
302 26 0 1.5
322 11 0 2.75
304 17 0 3.0
315 29 0 3.75
35 7 0 1.0
223 11 0 1.5
92 30 0 4.0
96 5 0 3.5
90 35 0 2.0
184 30 0 1.5
316 5 0 1.25
328 8 0 2.0
53 38 0 3.5
156 47 0 4.0
14 9 0 3.75
27 12 0 2.25
32 19 0 4.0
144 17 0 3.25
13 30 0 1.5
171 20 0 4.0
231 1 0 1.0
343 39 0 3.25
72 19 0 2.0
39 22 0 2.5
258 8 0 2.25
215 38 0 3.0
26 8 0 4.0
250 49 0 3.75
314 17 0 2.75
231 68 0 1.5
69 4 0 1.5
355 22 0 2.5
268 25 0 2.0
20 5 0 1.5
126 9 0 3.75
235 0 0 1.0
35 14 0 3.5
3 3 0 3.75
282 6 0 2.5
236 11 0 1.0
225 17 0 3.75
271 27 0 3.0
109 17 0 3.0
118 8 0 1.25
189 12 0 1.25
271 72 0 1.0
339 0 0 3.0
288 3 0 1.5
196 24 0 3.0
311 15 0 4.0
329 12 0 3.0
133 9 0 1.75
288 23 0 4.0
119 3 0 3.25
285 29 0 2.75
291 10 0 4.0
217 1 0 1.5
97 18 0 3.5
332 6 0 2.0
248 18 0 2.0
105 16 0 4.0
75 22 0 1.75
10 14 0 2.25
180 3 0 1.25
49 54 0 3.5
180 30 0 3.25
145 19 0 2.75
183 17 0 3.25
92 73 0 3.5
96 6 0 3.25
301 27 0 2.0
39 14 0 3.75
356 21 0 1.0
259 14 0 2.5
15 8 0 2.25
38 13 0 1.75
216 29 0 3.0
259 26 0 3.5
142 6 0 1.75
228 2 0 2.25
160 18 0 2.75
324 3 0 3.25
125 3 0 3.0
164 4 0 2.0
227 5 0 4.0
241 2 0 2.5
90 16 0 2.75
222 8 0 1.5
54 14 0 3.25
311 19 0 4.0
28 12 0 1.25
39 25 0 2.0
147 27 0 3.25
208 27 0 3.5
38 30 0 1.25
221 37 0 1.5
238 19 0 3.25
9 17 0 2.25
349 13 0 2.25
263 2 0 2.25
259 22 0 4.0
158 17 0 1.0
205 26 0 4.0
196 8 0 3.0
106 10 0 3.0
192 26 0 3.5
219 3 0 3.25
36 22 0 1.25
244 15 0 2.0
18 20 0 1.75
130 28 0 2.75
223 16 0 1.75
87 2 0 3.0
182 18 0 2.25
286 29 0 2.75
291 4 0 4.0
129 19 0 3.75
192 21 0 3.0
221 10 0 1.0
214 23 0 1.5
69 53 0 4.0
25 12 0 1.25
27 25 0 1.75
17 30 0 1.0
91 14 0 2.0
221 9 0 4.0
55 29 0 3.0
105 8 0 2.0
183 0 0 3.75
60 18 0 2.25
130 28 0 4.0
58 21 0 1.25
105 17 0 3.0
290 28 0 1.75
6 10 0 2.75
130 23 0 3.5
326 18 0 2.0
282 17 0 1.75
212 23 0 1.75
26 17 0 4.0
100 28 0 1.25
42 56 0 2.75
144 60 0 1.75
218 16 0 1.0
31 17 0 2.25
199 27 0 1.25
318 53 0 2.5
313 6 0 4.0
59 7 0 2.5
254 30 0 2.5
186 30 0 3.5
154 5 0 4.0
252 15 0 1.75
79 2 0 2.0
183 19 0 4.0
36 61 0 1.0
152 24 0 4.0
84 10 0 3.75
227 8 0 2.5
269 17 0 1.5
121 3 0 3.5
227 5 0 1.75
320 30 0 2.0
340 6 0 1.5
333 26 0 2.25
137 23 0 3.5
265 16 0 1.0
4 1 0 3.75
99 28 0 2.5
118 25 0 4.0
234 44 0 4.0
9 15 0 3.5
294 41 0 3.75
94 49 0 2.75
141 40 0 2.5
210 16 0 3.0
148 14 0 1.75
107 15 0 3.75
38 10 0 3.75
187 18 0 1.75
183 29 0 2.5
127 29 0 2.0
212 20 0 4.0
264 1 0 3.25
299 15 0 3.5
333 20 0 1.25
314 27 0 1.75
113 21 0 3.25
98 30 0 2.25
123 8 0 2.75
32 28 0 1.25
55 37 0 2.5
70 8 0 1.5
268 16 0 1.5
309 5 0 1.25
130 5 0 2.75
183 7 0 3.0
269 19 0 3.5
6 18 0 2.75
102 2 0 1.5
136 26 0 2.25
223 23 0 1.25
278 16 0 2.5
278 1 0 1.25
334 6 0 2.25
219 21 0 3.75
88 30 0 1.25
21 21 0 1.25
149 36 0 1.5
355 74 0 2.5
258 4 0 3.5
29 44 0 3.5
323 30 0 2.0
137 25 0 3.0
259 2 0 3.25
351 24 0 2.75
312 26 0 1.5
3 0 0 1.25
158 37 0 1.0
87 6 0 1.5
24 25 0 2.0
343 8 0 1.0
4 8 0 3.5
317 9 0 3.5
68 14 0 2.75
184 17 0 3.5
109 62 0 1.0
283 34 0 4.0
256 74 0 1.75
324 5 0 3.0
54 10 0 1.25
84 15 0 2.75
294 27 0 2.75
12 30 0 3.75
114 21 0 1.5
305 5 0 1.75
124 14 0 2.0
185 10 0 1.5
221 10 0 2.75
304 27 0 4.0
192 3 0 2.5
128 27 0 3.5
15 30 0 2.0
282 5 0 4.0
28 60 0 1.75
3 20 0 2.75
274 21 0 3.75
114 13 0 2.25
73 8 0 2.0
109 18 0 1.25
131 24 0 3.25
215 9 0 4.0
337 11 0 2.25
237 2 0 2.0
153 22 0 3.25
97 29 0 4.0
35 6 0 1.25
330 14 0 3.0
162 1 0 2.75
124 23 0 3.25
5 12 0 3.25
267 15 0 1.5
329 21 0 1.75
110 12 0 3.75
134 11 0 1.0
264 6 0 3.5
316 13 0 2.5
100 27 0 1.25
6 24 0 1.75
346 14 0 3.75
55 3 0 1.25
184 28 0 1.5
191 25 0 3.25
222 17 0 3.0
158 19 0 4.0
67 29 0 2.25
103 22 0 4.0
145 34 0 2.5
53 0 0 2.5
79 0 0 3.25
97 37 0 3.75
61 19 0 1.75
167 24 0 3.0
54 11 0 3.0
96 13 0 2.75
280 5 0 3.75
248 0 0 4.0
197 2 0 2.5
97 22 0 3.75
80 12 0 2.0
30 31 0 1.25
58 28 0 1.5
100 29 0 2.25
212 3 0 3.25
292 13 0 3.0
341 9 0 1.0
349 30 0 3.5
88 22 0 2.0
337 29 0 2.25
240 13 0 4.0
198 2 0 1.75
346 16 0 3.25
226 9 0 1.5
238 15 0 2.0
288 55 0 4.0
276 3 0 2.75
200 2 0 4.0
141 1 0 1.5
208 19 0 3.75
355 22 0 2.25
318 29 0 3.25
45 5 0 3.75
68 4 0 1.75
335 27 0 2.25
273 26 0 2.75
164 29 0 3.5
212 17 0 3.5
162 11 0 3.0
60 1 0 1.25
327 47 0 2.5
207 3 0 3.0
46 13 0 2.5
13 40 0 1.0
88 2 0 3.25
281 30 0 2.5
216 25 0 1.0
310 53 0 3.75
102 27 0 1.25
194 0 0 4.0
284 24 0 2.75
41 65 0 2.25
325 5 0 2.0
35 8 0 2.25
117 22 0 2.75
275 5 0 3.0
67 13 0 1.0
178 3 0 2.25
93 28 0 2.25
9 40 0 2.5
187 17 0 3.5
299 80 0 2.25
155 13 0 1.25
310 12 0 2.25
319 11 0 3.25
243 6 0 3.5
119 20 0 2.75
329 12 0 3.75
244 0 0 3.25
334 12 0 1.5
190 30 0 4.0
135 7 0 2.0
10 28 0 3.5
78 17 0 2.75
177 19 0 1.5
297 35 0 3.5
122 54 0 3.25
119 15 0 1.25
48 6 0 1.0
36 8 0 2.75
189 2 0 4.0
311 13 0 1.25
51 0 0 3.0
193 25 0 1.5
196 18 0 1.0
185 4 0 2.5
72 72 0 1.25
93 13 0 3.5
184 26 0 3.5
15 2 0 2.25
335 0 0 2.0
103 18 0 4.0
126 0 0 2.25
4 8 0 1.0
23 69 0 2.5
300 23 0 2.5
84 8 0 2.75
255 17 0 1.75
352 15 0 1.75
160 17 0 1.5
255 4 0 3.25
225 25 0 1.75
229 19 0 3.75
44 49 0 3.5
49 15 0 3.75
321 30 0 1.25
210 5 0 3.0
244 31 0 1.75
142 28 0 1.0
172 21 0 1.0
138 5 0 2.75
149 0 0 1.25
244 33 0 2.5
123 14 0 4.0
35 18 0 2.25
276 4 0 1.0
108 24 0 2.5
128 2 0 3.5
80 10 0 2.5
344 15 0 1.25
298 2 0 1.0
276 13 0 2.5
201 15 0 2.75
47 79 0 2.25
58 60 0 3.75
142 7 0 1.75
55 11 0 3.25
211 7 0 3.25
58 9 0 2.5
109 4 0 3.0
322 19 0 2.25
262 24 0 1.5
226 39 0 3.5
13 6 0 3.0
347 9 0 4.0
77 15 0 2.5
108 10 0 1.0
359 12 0 2.5
64 41 0 2.75
146 18 0 3.25
263 29 0 2.75
136 10 0 2.0
330 18 0 3.5
231 9 0 2.75
263 21 0 1.75
126 15 0 2.5
169 8 0 2.0
131 6 0 1.0
191 21 0 1.75
148 25 0 2.0
35 5 0 2.75
357 25 0 2.75
12 59 0 2.0
309 0 0 2.75
5 10 0 4.0
25 3 0 1.75
298 17 0 3.25
224 11 0 4.0
190 21 0 3.5
168 27 0 3.25
24 8 0 1.75
248 3 0 3.5
117 4 0 3.5
312 10 0 1.25
113 11 0 4.0
319 1 0 1.5
163 30 0 1.5
333 16 0 3.0
254 15 0 3.25
44 16 0 3.0
253 0 0 3.25
109 30 0 2.0
175 26 0 1.25
112 17 0 2.5
185 11 0 1.0
170 0 0 3.25
116 12 0 1.5
245 20 0 1.5
49 28 0 1.25
237 14 0 2.0
22 12 0 1.75
226 25 0 3.75
213 16 0 2.0
66 13 0 3.5
104 3 0 1.25
208 4 0 2.75
240 25 0 2.5
60 21 0 4.0
276 20 0 2.0
86 30 0 2.75
343 12 0 1.25
235 16 0 1.0
70 13 0 3.0
258 8 0 3.25
192 11 0 4.0
41 7 0 2.75
0 3 0 4.0
139 1 0 2.5
129 24 0 2.5
332 8 0 3.25
111 2 0 3.5
272 2 0 2.0
14 4 0 1.5
89 11 0 2.25
121 7 0 3.75
165 13 0 2.5
87 23 0 4.0
18 11 0 1.5
152 32 0 2.0
79 12 0 1.25
12 8 0 2.25
264 19 0 4.0
142 29 0 1.25
60 5 0 3.25
291 2 0 2.75
121 9 0 1.5
179 20 0 1.25
171 35 0 2.25
172 18 0 2.5
335 19 0 1.5
320 14 0 3.25
297 4 0 1.75
295 11 0 1.0
40 20 0 3.25
195 1 0 2.75
326 0 0 3.75
231 7 0 3.25
109 15 0 2.25
308 21 0 3.75
164 16 0 2.5
233 10 0 1.5
19 26 0 3.0
358 62 0 3.0
198 17 0 3.5
26 5 0 2.75
209 8 0 3.0
232 29 0 2.5
0 17 0 2.25
113 2 0 1.0
72 26 0 1.25
252 16 0 4.0
75 23 0 3.5
186 29 0 3.0
74 29 0 1.0
20 21 0 2.0
50 1 0 1.0
156 27 0 4.0
40 23 0 3.5
144 19 0 3.75
164 5 0 3.5
192 15 0 3.0
323 13 0 3.75
313 24 0 1.0
49 6 0 3.75
311 2 0 3.25
255 15 0 2.25
24 4 0 3.75
193 12 0 3.25
87 45 0 1.25
325 26 0 1.0
331 25 0 1.5
96 15 0 3.75
158 23 0 2.75
3 25 0 3.5
268 10 0 2.25
340 13 0 1.25
122 27 0 1.25
343 57 0 2.0
51 1 0 2.0
12 11 0 2.75
195 1 0 3.75
57 14 0 3.75
104 7 0 3.5
204 31 0 2.0
162 25 0 2.5
218 75 0 2.75
64 27 0 2.25
173 53 0 2.0
161 52 0 1.25
209 9 0 1.0
163 13 0 3.75
73 20 0 1.5
199 22 0 2.75
90 18 0 1.75
274 15 0 3.75
344 15 0 2.75
78 30 0 2.75
4 6 0 2.75
248 25 0 3.25
239 26 0 1.25
357 19 0 2.75
281 26 0 1.0
28 11 0 3.25
196 29 0 1.0
137 16 0 3.25
116 3 0 1.5
213 39 0 1.75
315 2 0 3.25
214 24 0 2.0
228 60 0 3.75
285 18 0 1.75
146 15 0 3.75
279 15 0 2.0
204 22 0 3.25
157 16 0 1.5
110 15 0 1.25
224 5 0 2.25
345 6 0 2.0
82 24 0 2.75
122 5 0 1.5
102 8 0 1.0
93 30 0 3.5
144 6 0 3.0
176 9 0 3.5
190 69 0 3.5
160 22 0 3.75
253 44 0 2.0
232 77 0 1.5
144 18 0 3.5
200 0 0 1.0
130 73 0 2.0
215 23 0 1.75
292 10 0 2.0
200 60 0 1.25
153 43 0 3.0
276 0 0 3.75
284 36 0 1.25
187 11 0 1.75
347 26 0 3.25
300 25 0 1.25
44 9 0 4.0
302 66 0 1.5
84 25 0 2.75
171 7 0 1.75
112 20 0 3.75
133 13 0 3.75
81 27 0 3.25
84 29 0 2.25
136 13 0 2.0
161 25 0 3.0
112 42 0 2.5
240 6 0 2.25
352 24 0 2.5
266 38 0 3.25
115 30 0 2.0
323 0 0 3.25
227 12 0 3.5
358 9 0 3.5
167 16 0 2.25
261 22 0 2.25
67 8 0 3.25
230 11 0 3.25
139 13 0 2.5
349 17 0 1.0
152 6 0 3.5
224 57 0 1.25
359 5 0 1.75
346 13 0 3.75
54 22 0 4.0
312 0 0 2.0
287 2 0 2.25
189 30 0 2.5
222 1 0 3.75
149 23 0 1.5
49 22 0 2.5
231 38 0 1.75
68 15 0 3.0
334 4 0 2.75
346 12 0 1.75
225 28 0 2.75
247 9 0 1.0
159 57 0 4.0
333 25 0 3.5
184 26 0 3.25
70 76 0 2.5
18 1 0 1.5
32 2 0 2.0
159 4 0 3.5
142 29 0 3.75
40 20 0 3.75
234 20 0 4.0
45 61 0 4.0
23 2 0 3.75
310 18 0 1.75
284 58 0 2.5
290 9 0 1.25
271 59 0 1.0
352 24 0 1.0
254 24 0 2.0
263 24 0 2.75
189 13 0 2.75
108 4 0 1.75
341 26 0 3.75
142 25 0 3.0
188 3 0 1.0
18 10 0 3.75
71 28 0 3.75
275 23 0 1.25
101 23 0 1.25
101 22 0 2.5
255 19 0 3.75
213 13 0 1.0
27 19 0 3.5
39 58 0 3.25
96 75 0 3.75
303 38 0 4.0
177 17 0 3.75
166 0 0 4.0
160 61 0 2.0
312 29 0 2.25
344 13 0 1.5
173 24 0 3.25
22 26 0 1.75
9 10 0 2.25
177 18 0 1.25
118 6 0 4.0
78 16 0 4.0
229 9 0 2.0
57 24 0 2.25
114 6 0 1.0
264 27 0 3.5
202 79 0 3.25
115 18 0 3.75
106 14 0 4.0
181 11 0 1.75
167 28 0 1.25
156 11 0 4.0
9 24 0 1.5
82 76 0 3.25
278 29 0 3.0
301 54 0 4.0
269 21 0 1.75
200 14 0 2.5
351 11 0 1.5
219 6 0 3.0
99 8 0 2.5
22 19 0 3.25
92 29 0 1.0
178 0 0 2.75
211 13 0 1.5
159 4 0 1.75
291 22 0 1.75
148 58 0 1.0
211 5 0 3.5
302 9 0 4.0
205 8 0 3.5
100 8 0 2.75
258 30 0 2.5
180 4 0 3.25
137 4 0 2.75
102 38 0 1.25
36 30 0 1.5
144 19 0 3.25
207 33 0 1.75
105 16 0 3.75
238 71 0 2.0
133 10 0 2.75
234 20 0 1.5
234 28 0 1.5
131 1 0 4.0
1 31 0 2.25
196 13 0 1.25
103 9 0 1.0
179 9 0 4.0
335 25 0 1.5
48 0 0 2.0
297 15 0 1.75
12 8 0 2.75
150 13 0 3.5
295 9 0 2.0
272 8 0 3.0
132 17 0 1.75
55 28 0 3.75
73 0 0 2.5
157 41 0 1.5
188 3 0 2.0
102 14 0 3.75
76 20 0 1.75
200 59 0 1.25
65 12 0 2.25
139 10 0 3.0
263 29 0 2.0
303 16 0 3.25
217 27 0 3.0
334 14 0 1.5
344 6 0 1.75
330 6 0 2.5
320 15 0 3.25
359 9 0 3.25
254 1 0 3.5
248 11 0 2.0
55 22 0 4.0
138 14 0 3.0
102 27 0 2.0
319 24 0 1.5
138 8 0 1.75
155 7 0 1.75
85 9 0 3.75
269 9 0 1.75
127 2 0 2.0
254 7 0 3.0
45 20 0 1.0
14 27 0 1.75
85 30 0 2.0
243 2 0 3.25
21 62 0 2.5
242 20 0 3.0
235 12 0 3.5
136 7 0 3.0
92 24 0 2.5
256 24 0 3.25
170 22 0 2.0
62 22 0 1.0
219 1 0 4.0
292 0 0 3.25
38 20 0 3.0
330 15 0 2.5
26 30 0 1.0
134 15 0 3.75
9 30 0 3.25
66 51 0 2.0
333 27 0 3.5
321 3 0 3.0
64 7 0 3.75
64 26 0 2.25
136 1 0 1.0
260 8 0 2.0
58 22 0 2.25
143 4 0 1.0
2 19 0 3.5
154 22 0 2.75
148 0 0 1.75
192 18 0 2.0
343 32 0 2.5
95 24 0 1.75
193 26 0 1.5
331 26 0 2.25
299 11 0 1.5
123 25 0 1.25
42 8 0 1.5
168 1 0 1.75
137 30 0 2.5
82 6 0 3.75
93 20 0 3.0
29 17 0 1.5
78 28 0 3.0
141 1 0 1.25
255 9 0 2.25
157 30 0 3.5
278 14 0 2.5
150 3 0 1.5
263 3 0 3.0
97 12 0 2.75
4 23 0 3.0
248 4 0 3.75
347 30 0 2.5
260 1 0 4.0
250 16 0 2.25
254 13 0 2.75
220 28 0 1.75
249 29 0 1.25
134 22 0 3.75
184 9 0 4.0
174 18 0 2.0
349 22 0 1.75
12 0 0 1.5
101 13 0 2.75
272 11 0 1.5
7 25 0 3.75
248 7 0 4.0
205 29 0 1.0
23 20 0 2.25
282 22 0 1.75
125 30 0 3.75
244 19 0 3.75
243 46 0 2.0
26 29 0 2.25
213 4 0 1.25
25 25 0 3.0
169 14 0 4.0
102 29 0 4.0
160 5 0 1.5
317 8 0 3.5
20 23 0 2.0
155 24 0 1.75
327 30 0 1.75
39 3 0 2.25
73 13 0 2.0
300 24 0 2.0
109 8 0 1.75
301 78 0 4.0
248 46 0 3.75
88 28 0 2.5
20 19 0 1.5
316 3 0 2.5
109 1 0 2.0
125 13 0 1.75
76 30 0 3.75
25 2 0 1.25
13 30 0 3.75
305 9 0 1.0
14 23 0 2.25
306 1 0 1.25
173 14 0 1.25
221 24 0 2.75
135 15 0 3.5
55 26 0 3.25
137 20 0 1.5
326 28 0 3.25
47 9 0 1.75
272 14 0 3.75
280 6 0 2.5
75 13 0 2.75
320 24 0 3.75
131 0 0 1.0
35 8 0 3.75
292 12 0 1.0
241 19 0 3.5
301 25 0 1.75
255 32 0 3.25
257 1 0 4.0
184 27 0 2.5
241 7 0 3.25
230 3 0 3.75
58 20 0 2.5
120 13 0 2.0
175 29 0 2.5
127 48 0 1.75
293 3 0 2.5
314 12 0 4.0
262 10 0 2.0
236 3 0 2.75
234 23 0 2.5
313 17 0 1.25
158 27 0 4.0
346 2 0 1.75
50 21 0 2.5
127 23 0 1.0
306 19 0 3.5
111 12 0 2.25
176 4 0 1.0
77 21 0 1.0
196 23 0 3.75
300 14 0 3.0
271 18 0 2.25
79 18 0 2.5
348 15 0 2.5
50 16 0 2.0
151 30 0 3.5
254 20 0 2.0
149 54 0 3.5
131 19 0 2.5
25 3 0 1.5
121 30 0 3.0
178 5 0 2.75
189 50 0 2.25
214 22 0 3.25
212 17 0 4.0
207 29 0 2.75
232 21 0 1.75
343 13 0 1.75
111 10 0 3.25
40 9 0 1.5
1 12 0 2.25
195 29 0 3.75
179 21 0 2.25
144 57 0 2.0
160 35 0 3.0
193 23 0 3.25
191 27 0 4.0
280 22 0 1.0
174 11 0 1.75
159 1 0 1.25
119 29 0 3.0
18 49 0 3.0
287 30 0 4.0
225 26 0 3.75
296 12 0 2.5
120 2 0 4.0
313 27 0 1.25
76 6 0 3.0
200 22 0 1.75
155 9 0 1.75
36 16 0 1.75
55 7 0 2.25
239 30 0 2.75
196 10 0 1.5
1 18 0 3.5
97 7 0 2.75
291 23 0 2.5
328 44 0 1.75
195 27 0 2.75
200 44 0 1.5
187 12 0 1.0
234 4 0 3.5
166 10 0 1.5
182 27 0 4.0
318 3 0 3.75
303 68 0 2.0
144 62 0 2.75
210 38 0 3.75
78 13 0 1.25
284 11 0 1.25
309 4 0 1.25
280 47 0 2.5
147 3 0 1.5
255 16 0 2.0
264 4 0 2.75
15 12 0 3.25
267 13 0 1.5
102 60 0 1.75
281 30 0 3.75
22 18 0 2.0
110 28 0 3.0
173 27 0 2.5
68 10 0 1.5
225 15 0 1.0
250 8 0 1.0
348 42 0 2.0
182 0 0 2.75
331 25 0 3.0
140 17 0 2.25
90 44 0 2.5
18 8 0 3.0
83 15 0 2.5
280 20 0 3.25
80 15 0 1.25
260 49 0 2.5
93 6 0 3.0
90 11 0 3.0
319 8 0 4.0
123 18 0 3.25
160 11 0 2.25
68 56 0 2.5
151 6 0 3.5
321 12 0 3.0
221 2 0 4.0
60 23 0 4.0
57 29 0 3.75
152 49 0 4.0
251 19 0 1.5
220 3 0 1.0
27 2 0 2.25
127 31 0 2.75
36 36 0 1.75
93 26 0 1.5
281 19 0 2.5
176 10 0 2.5
273 15 0 3.5
330 0 0 2.5
139 6 0 3.5
96 31 0 1.25
104 0 0 1.75
114 20 0 3.25
127 21 0 4.0
198 14 0 3.75
116 6 0 1.0
324 7 0 3.0
314 0 0 1.0
91 24 0 2.25
291 24 0 2.25
153 58 0 1.5
352 14 0 2.75
323 44 0 3.25
114 7 0 3.5
159 25 0 2.25
319 8 0 1.25
211 42 0 1.0
259 15 0 2.25
17 5 0 1.0
146 3 0 2.0
189 0 0 2.25
76 13 0 1.75
302 34 0 3.0
296 27 0 2.25
139 2 0 3.25
327 63 0 1.0
106 27 0 3.25
168 15 0 1.75
180 0 0 1.25
272 1 0 2.0
300 20 0 2.25
283 15 0 1.25
301 15 0 2.5
37 21 0 3.0
77 21 0 2.5
321 28 0 4.0
88 4 0 3.0
17 12 0 4.0
93 11 0 2.75
212 68 0 1.25
213 6 0 2.25
187 26 0 2.5
84 13 0 1.0
109 1 0 3.25
230 15 0 1.25
331 17 0 1.25
311 27 0 2.25
225 0 0 2.25
109 0 0 1.25
201 15 0 2.25
254 4 0 3.0
169 23 0 3.5
12 5 0 4.0
160 9 0 2.25
171 17 0 3.25
312 1 0 1.75
123 28 0 3.0
336 0 0 1.5
136 8 0 3.5
61 8 0 4.0
196 18 0 2.0
94 30 0 3.0
104 0 0 3.0
252 12 0 2.0
49 1 0 3.75
332 2 0 3.0
140 15 0 1.5
58 0 0 3.75
172 25 0 3.25
240 22 0 2.0
109 80 0 1.75
48 17 0 3.75
266 11 0 2.0
186 5 0 2.5
95 11 0 1.75
39 49 0 3.0
255 29 0 1.5
235 15 0 1.0
188 76 0 1.25
4 20 0 1.25
4 26 0 1.5
108 5 0 2.75
313 23 0 3.5
328 10 0 1.5
260 15 0 3.75
120 29 0 3.5
36 33 0 1.5
170 29 0 3.25
105 23 0 4.0
198 22 0 4.0
178 21 0 2.0
58 5 0 3.25
1 16 0 1.75
74 3 0 1.0
104 4 0 2.25
162 25 0 3.5
29 13 0 2.0
121 27 0 2.25
11 12 0 1.25
246 53 0 1.25
180 30 0 3.0
60 9 0 1.5
120 24 0 3.75
26 15 0 1.0
197 38 0 3.75
198 27 0 3.25
328 1 0 1.5
27 29 0 4.0
329 22 0 4.0
190 76 0 1.0
25 5 0 1.5
165 3 0 2.25
165 15 0 4.0
71 23 0 1.25
103 7 0 1.0
259 23 0 2.5
190 25 0 2.5
200 26 0 1.75
0 23 0 2.0
270 25 0 2.75
83 12 0 2.0
82 8 0 1.75
135 21 0 1.0
40 27 0 3.5
294 22 0 3.5
48 27 0 3.25
36 15 0 1.75
334 20 0 4.0
237 10 0 2.75
1 17 0 3.75
113 14 0 2.5
151 30 0 3.75
28 56 0 4.0
198 10 0 4.0
319 21 0 2.0
69 7 0 1.0
50 28 0 3.0
150 9 0 3.5
333 23 0 2.75
324 18 0 1.25
85 5 0 3.5
187 16 0 1.5
294 2 0 1.25
227 12 0 2.25
118 16 0 4.0
35 16 0 2.5
199 12 0 1.75
86 2 0 1.0
356 27 0 3.25
260 28 0 2.75
96 18 0 2.25
28 17 0 3.25
146 16 0 1.25
282 14 0 1.5
211 23 0 3.75
144 15 0 2.75
249 15 0 3.75
166 26 0 4.0
355 2 0 3.5
333 13 0 3.75
146 23 0 4.0
152 0 0 3.75
182 4 0 2.25
261 21 0 2.25
108 38 0 2.0
129 13 0 2.75
329 5 0 1.5
168 12 0 2.0
318 15 0 3.75
210 26 0 3.75
229 6 0 3.75
295 22 0 1.0
64 26 0 1.75
271 50 0 4.0
238 28 0 3.0
292 11 0 3.75
117 9 0 3.0
172 10 0 2.75
8 24 0 1.0
87 5 0 4.0
345 9 0 3.75
57 44 0 1.0
336 13 0 1.5
212 17 0 3.75
146 17 0 3.25
30 10 0 2.75
330 4 0 2.75
21 30 0 2.75
140 22 0 4.0
177 28 0 3.75
311 38 0 2.5
18 21 0 2.75
308 79 0 3.5
297 3 0 3.0
351 29 0 1.25
42 20 0 2.0
9 39 0 3.0
2 12 0 2.0
44 13 0 1.75
319 26 0 1.25
275 19 0 4.0
314 23 0 4.0
133 40 0 1.0
104 19 0 3.0
317 45 0 1.0
24 17 0 3.0
88 18 0 2.5
256 9 0 2.25
280 5 0 2.0
331 4 0 3.5
241 1 0 1.75
105 37 0 2.75
34 13 0 2.75
15 21 0 2.75
254 7 0 1.0
69 0 0 3.5
105 5 0 2.5
255 51 0 1.5
6 21 0 1.75
273 14 0 3.5
280 17 0 3.0
110 23 0 2.5
210 8 0 2.25
22 16 0 1.5
70 26 0 1.25
215 4 0 3.0
59 29 0 3.0
84 21 0 1.0
231 14 0 1.5
234 11 0 2.75
321 9 0 1.25
201 13 0 2.5
167 12 0 4.0
126 44 0 2.0
212 8 0 2.75
113 5 0 2.0
104 0 0 2.0
87 17 0 2.0
351 27 0 2.25
142 23 0 2.5
287 20 0 3.25
290 15 0 3.5
35 28 0 4.0
272 27 0 2.25
253 21 0 2.0
211 20 0 1.25
71 4 0 1.75
87 29 0 3.75
154 9 0 4.0
318 2 0 3.75
355 19 0 2.75
59 65 0 1.25
11 52 0 3.5
183 2 0 2.75
17 20 0 2.75
211 6 0 2.75
307 19 0 3.25
265 12 0 3.5
185 17 0 3.25
297 12 0 3.5
265 13 0 1.75
46 27 0 1.0
121 24 0 1.75
173 8 0 1.75
310 46 0 1.75
203 16 0 2.0
91 30 0 3.75
326 52 0 1.5
210 21 0 2.0
173 28 0 1.75
151 11 0 2.75
169 9 0 2.0
134 19 0 2.75
188 10 0 1.5
143 6 0 3.75
65 6 0 2.5
308 26 0 3.0
216 0 0 3.0
101 25 0 3.5
138 5 0 4.0
172 2 0 1.5
226 29 0 2.0
161 9 0 1.75
222 21 0 3.75
295 29 0 2.25
93 20 0 1.75
54 13 0 3.5
343 7 0 3.5
234 8 0 2.25
136 14 0 3.25
214 3 0 3.5
330 17 0 4.0
357 4 0 1.25
22 2 0 3.75
306 25 0 1.5
170 15 0 2.75
107 24 0 2.75
229 7 0 4.0
106 13 0 3.5
299 70 0 2.75
193 77 0 3.75
44 7 0 1.25
20 11 0 1.0
145 0 0 2.25
226 7 0 3.5
215 26 0 1.5
356 30 0 2.0
188 18 0 1.75
276 1 0 3.75
204 2 0 3.0
340 8 0 2.5
122 6 0 3.75
53 15 0 2.25
145 19 0 3.25
343 24 0 2.0
263 23 0 2.5
342 28 0 1.0
108 1 0 1.5
104 22 0 3.0
229 20 0 1.75
224 80 0 3.75
111 30 0 3.75
141 18 0 1.5
133 27 0 2.75
26 6 0 2.75
335 19 0 3.5
118 13 0 2.75
264 20 0 2.5
143 28 0 1.75
12 4 0 2.25
297 54 0 2.0
117 18 0 3.25
108 18 0 2.0
184 16 0 3.75
311 16 0 3.75
304 15 0 2.5
306 20 0 2.0
198 26 0 3.25
78 17 0 1.75
314 12 0 1.5
237 9 0 2.5
179 21 0 2.75
252 3 0 2.5
240 0 0 3.25
143 21 0 2.5
358 23 0 2.25
194 16 0 1.5
336 16 0 1.75
305 0 0 2.5
57 9 0 1.75
19 25 0 3.25
81 8 0 2.75
299 29 0 1.5
123 10 0 1.75
143 14 0 2.75
328 38 0 3.5
60 16 0 1.0
205 15 0 1.5
96 53 0 2.5
214 2 0 2.0
48 22 0 3.5
242 41 0 3.0
247 21 0 3.75
19 18 0 3.5
0 13 0 3.25
25 73 0 3.0
96 21 0 2.25
173 29 0 4.0
22 23 0 2.75
73 3 0 3.5
269 11 0 2.5
278 21 0 3.75
332 23 0 2.25
288 17 0 1.75
102 7 0 3.25
329 5 0 3.75
351 42 0 2.25
185 13 0 3.5
74 4 0 1.5
133 29 0 3.75
351 12 0 1.0
154 10 0 1.75
29 1 0 2.5
146 29 0 4.0
59 24 0 2.25
84 51 0 4.0
339 26 0 2.75
239 14 0 1.75
278 19 0 1.25
19 7 0 1.25
139 19 0 1.0
315 73 0 1.5
138 8 0 4.0
234 9 0 4.0
25 8 0 1.75
340 21 0 1.5
148 16 0 1.25
60 14 0 2.75
138 5 0 1.25
187 15 0 3.5
88 63 0 3.5
61 20 0 1.0
84 0 0 3.75
8 11 0 3.75
330 36 0 4.0
259 13 0 2.5
252 2 0 4.0
67 6 0 2.5
16 26 0 1.5
245 9 0 3.75
312 23 0 1.25
108 7 0 3.25
334 26 0 1.75
262 19 0 1.25
136 12 0 1.25
47 18 0 4.0
173 2 0 2.25
126 33 0 2.0
188 25 0 3.75
169 2 0 2.25
213 5 0 2.75
296 0 0 3.75
154 29 0 1.25
180 8 0 3.5
337 13 0 3.5
182 17 0 2.5
32 12 0 1.25
317 75 0 4.0
304 27 0 3.75
317 29 0 3.75
74 17 0 4.0
116 5 0 3.25
124 10 0 1.5
191 12 0 3.0
59 14 0 4.0
268 0 0 3.25
212 18 0 1.5
280 53 0 3.5
225 21 0 3.75
258 3 0 2.0
111 76 0 2.75
101 25 0 4.0
191 19 0 1.0
179 25 0 2.0
130 25 0 1.25
325 19 0 3.5
296 25 0 1.5
242 19 0 3.75
27 41 0 3.75
15 18 0 1.5
99 22 0 3.0
52 23 0 1.75
270 13 0 3.25
214 18 0 1.0
353 14 0 1.5
63 6 0 3.0
104 21 0 2.5
34 2 0 2.5
330 30 0 1.5
126 4 0 2.25
357 0 0 1.25
344 22 0 2.25
258 28 0 3.5
253 30 0 4.0
100 16 0 1.5
202 59 0 1.5
130 16 0 1.0
330 27 0 2.0
47 21 0 1.25
32 10 0 1.5
97 57 0 1.5
196 12 0 3.75
121 27 0 2.0
36 21 0 1.25
125 38 0 1.0
145 11 0 2.5
213 20 0 1.0
318 7 0 2.0
318 16 0 1.75
45 19 0 2.25
297 6 0 3.75
254 10 0 1.75
206 29 0 2.5
91 17 0 3.75
211 25 0 1.75
346 6 0 3.5
273 54 0 3.5
115 44 0 1.0
104 0 0 3.25
275 2 0 3.25
216 2 0 1.0
125 6 0 3.25
92 25 0 1.0
179 30 0 4.0
127 4 0 3.0
46 18 0 4.0
153 53 0 3.75
137 0 0 4.0
107 27 0 2.5
105 7 0 2.75
80 16 0 3.0
248 59 0 1.75
192 2 0 3.75
63 10 0 1.25
350 64 0 1.0
59 21 0 2.75
197 17 0 4.0
123 6 0 3.75
359 17 0 2.75
81 9 0 4.0
177 7 0 1.25
84 26 0 3.0
134 7 0 1.5
115 12 0 4.0
359 26 0 2.25
54 14 0 2.25
167 19 0 3.75
325 7 0 3.5
13 13 0 4.0
86 20 0 2.25
56 3 0 3.75
337 8 0 3.5
223 7 0 1.5
271 25 0 2.0
111 1 0 1.0
62 23 0 1.0
90 3 0 1.0
177 5 0 1.5
134 6 0 3.5
100 63 0 3.25
216 5 0 1.75
123 7 0 2.75
348 16 0 1.0
291 15 0 2.25
2 6 0 1.25
211 43 0 3.0
227 3 0 1.25
236 30 0 2.25
55 9 0 1.5
191 13 0 1.5
62 4 0 3.5
153 12 0 4.0
301 5 0 3.0
247 39 0 3.25
7 9 0 1.0
184 4 0 1.0
161 4 0 2.5
214 19 0 1.0
94 20 0 1.25
144 0 0 3.0
208 23 0 1.0
118 28 0 3.5
22 19 0 2.75
183 30 0 3.75
290 2 0 2.0
92 6 0 3.25
309 36 0 3.0
103 29 0 3.0
262 29 0 2.0
302 16 0 3.0
120 27 0 2.5
177 26 0 3.5
349 7 0 2.5
50 30 0 2.25
316 11 0 2.25
164 4 0 2.75
99 42 0 1.5
333 6 0 1.0
289 9 0 2.0
183 20 0 3.0
263 10 0 3.25
60 6 0 3.75
333 28 0 1.5
307 2 0 3.25
313 28 0 4.0
119 39 0 2.0
52 30 0 3.0
100 10 0 2.75
5 11 0 2.0
29 0 0 3.0
272 21 0 3.75
176 10 0 1.25
23 4 0 3.25
127 28 0 4.0
358 43 0 1.75
281 13 0 3.5
112 6 0 2.5
224 19 0 3.0
127 29 0 1.25
349 53 0 2.75
185 20 0 1.75
140 10 0 1.0
228 9 0 2.5
35 15 0 3.75
303 2 0 4.0
340 74 0 1.0
59 6 0 2.25
47 27 0 3.25
168 65 0 3.25
92 12 0 1.0
336 16 0 3.25
54 37 0 2.0
33 13 0 2.75
355 19 0 2.5
147 30 0 3.5
16 16 0 3.25
67 20 0 4.0
149 3 0 3.0
25 4 0 1.0
120 29 0 2.0
146 21 0 3.75
214 28 0 1.75
222 52 0 1.25
288 1 0 4.0
293 27 0 2.25
38 25 0 1.5
339 7 0 3.0
289 24 0 2.25
117 15 0 4.0
203 51 0 2.75
352 0 0 1.25
335 12 0 1.5
290 76 0 4.0
46 7 0 2.5
205 6 0 2.75
339 10 0 2.75
135 12 0 1.75
143 5 0 1.75
133 18 0 2.75
15 23 0 2.25
151 50 0 2.25
3 15 0 2.25
255 49 0 1.75
327 22 0 1.0
276 29 0 2.75
93 14 0 1.0
280 20 0 1.25
265 8 0 3.25
281 50 0 4.0
135 30 0 3.25
173 9 0 3.0
219 25 0 3.0
104 23 0 1.25
174 40 0 2.25
289 12 0 1.5
48 18 0 1.0
66 8 0 1.0
329 4 0 2.75
256 16 0 2.0
158 26 0 1.25
8 34 0 3.0
89 27 0 1.25
111 72 0 3.0
186 16 0 1.5
352 4 0 1.5
254 1 0 1.0
197 3 0 3.0
240 42 0 4.0
261 16 0 3.25
291 15 0 3.5
338 20 0 1.75
155 26 0 1.75
227 8 0 1.5
100 15 0 2.5
56 20 0 3.0
67 3 0 1.25
71 8 0 3.75
245 1 0 1.0
183 23 0 4.0
45 10 0 1.25
278 29 0 2.5
314 21 0 1.75
7 3 0 3.25
329 3 0 2.5
59 24 0 1.5
27 4 0 3.25
185 20 0 2.75
89 41 0 4.0
351 2 0 1.0
45 53 0 1.0
74 26 0 3.5
146 8 0 1.5
39 50 0 2.75
23 7 0 4.0
176 7 0 2.0
279 27 0 2.5
54 2 0 4.0
36 20 0 2.0
61 8 0 1.25
5 30 0 4.0
146 26 0 1.25
58 24 0 1.25
191 15 0 3.75
175 19 0 1.0
142 10 0 2.5
109 46 0 2.25
230 19 0 1.25
312 28 0 1.25
127 23 0 3.0
334 29 0 3.0
85 11 0 2.5
110 28 0 1.75
152 14 0 1.25
333 0 0 3.5
293 14 0 1.25
235 17 0 3.0
347 6 0 1.25
20 14 0 2.25
126 21 0 1.5
282 19 0 2.25
239 28 0 3.0
82 24 0 1.5
95 61 0 1.75
357 19 0 2.5
243 17 0 2.5
164 29 0 1.25
139 11 0 2.0
185 50 0 2.25
38 14 0 3.75
71 8 0 4.0
44 33 0 3.5
311 15 0 2.5
114 1 0 2.25
233 23 0 3.5
115 26 0 2.25
91 6 0 1.0
117 37 0 2.75
354 5 0 1.0
194 63 0 3.5
88 0 0 2.5
228 27 0 1.25
226 27 0 2.0
221 18 0 2.75
298 5 0 1.5
50 50 0 2.25
298 6 0 1.75
351 10 0 2.0
268 16 0 4.0
177 9 0 1.0
56 6 0 3.75
104 0 0 3.5
293 19 0 3.25
265 22 0 3.75
111 10 0 2.25
356 17 0 2.25
21 9 0 2.25
32 62 0 4.0
315 23 0 1.5
23 19 0 1.0
15 5 0 2.5
209 30 0 3.0
205 20 0 1.0
45 20 0 3.5
266 5 0 1.25
312 30 0 4.0
315 3 0 1.0
192 20 0 2.75
194 27 0 2.25
6 16 0 2.5
70 21 0 2.75
228 12 0 2.0
135 22 0 1.25
206 27 0 1.25
252 8 0 3.0
261 8 0 3.5
174 28 0 4.0
185 68 0 3.0
65 23 0 1.75
185 71 0 2.25
202 20 0 1.0
246 15 0 1.25
221 25 0 2.25
87 59 0 2.0
90 4 0 3.5
318 17 0 4.0
185 24 0 3.25
25 15 0 3.0
156 39 0 3.75
145 9 0 3.0
46 20 0 2.25
142 25 0 3.25
129 17 0 2.25
259 28 0 3.0
199 17 0 1.75
271 2 0 3.25
203 1 0 2.75
219 26 0 1.25
314 6 0 2.75
288 28 0 1.75
268 63 0 1.75
71 23 0 2.5
41 18 0 2.0
214 72 0 2.25
87 24 0 3.25
357 2 0 3.25
302 72 0 1.25
95 8 0 2.25
255 26 0 3.0
269 10 0 2.5
214 5 0 4.0
26 51 0 1.0
66 19 0 4.0
299 64 0 3.5
325 28 0 1.5
244 56 0 3.25
281 17 0 3.0
353 19 0 2.5
4 3 0 2.5
127 8 0 3.25
153 15 0 3.0
260 18 0 3.25
43 50 0 3.5
22 65 0 2.5
258 21 0 4.0
40 22 0 1.25
275 10 0 3.0
122 13 0 1.5
116 26 0 1.0
148 24 0 3.5
275 18 0 2.75
105 6 0 3.25
132 18 0 2.75
116 21 0 1.25
208 25 0 1.5
304 15 0 1.75
334 52 0 1.25
340 30 0 3.5
120 14 0 1.25
333 39 0 1.5
204 16 0 3.25
91 25 0 1.0
134 15 0 3.0
103 16 0 1.5
72 51 0 1.75
267 30 0 3.5
217 8 0 3.5
116 22 0 2.75
334 7 0 3.0
333 25 0 1.5
113 35 0 3.5
288 12 0 2.75
138 6 0 2.0
319 22 0 4.0
266 0 0 3.25
2 63 0 3.0
142 4 0 4.0
329 48 0 2.0
235 29 0 3.25
263 24 0 2.25
327 14 0 3.25
1 7 0 3.75
46 7 0 3.25
22 21 0 1.5
282 25 0 1.25
177 27 0 3.75
236 1 0 2.75
204 25 0 4.0
138 23 0 1.5
55 12 0 1.25
336 3 0 2.0
303 2 0 2.75
89 1 0 2.0
66 20 0 1.5
335 6 0 1.75
23 18 0 1.0
152 24 0 1.75
67 12 0 1.5
69 13 0 4.0
96 17 0 4.0
1 13 0 1.5
27 26 0 2.5
279 30 0 2.0
64 30 0 3.5
106 2 0 3.75
54 5 0 3.0
28 20 0 2.25
56 16 0 3.5
205 6 0 1.75
191 17 0 3.25
257 23 0 3.5
66 21 0 1.5
93 15 0 2.25
331 23 0 3.5
26 46 0 3.0
74 21 0 3.25
354 4 0 1.0
194 2 0 2.0
94 26 0 1.25
221 4 0 2.25
276 9 0 3.0
297 23 0 1.0
112 28 0 3.0
212 19 0 2.25
315 25 0 1.5
160 19 0 2.75
153 10 0 3.75
119 12 0 2.0
302 13 0 3.0
33 16 0 1.0
40 11 0 2.25
168 30 0 2.25
29 26 0 2.5
19 24 0 1.0
198 22 0 2.0
207 22 0 2.0
200 6 0 1.0
259 21 0 1.25
41 27 0 3.75
39 26 0 1.5
137 21 0 2.5
84 1 0 1.0
203 6 0 1.75
57 24 0 1.0
63 14 0 1.5
112 0 0 1.75
150 23 0 3.5
6 23 0 1.25
349 80 0 3.0
127 22 0 2.5
9 9 0 2.25
21 13 0 2.75
110 14 0 3.25
33 29 0 4.0
29 13 0 2.75
357 26 0 3.25
249 8 0 3.25
136 1 0 2.5
66 24 0 2.25
326 51 0 1.5
40 55 0 1.5
113 53 0 1.25
342 6 0 2.5
343 7 0 1.0
238 4 0 2.75
351 20 0 3.75
223 28 0 3.5
339 39 0 1.25
197 30 0 2.75
179 12 0 3.5
233 16 0 4.0
63 14 0 2.75
316 16 0 3.75
267 11 0 3.25
158 2 0 4.0
16 24 0 2.5
348 8 0 1.0
109 23 0 1.0
355 5 0 3.5
126 29 0 1.0
110 29 0 1.75
212 18 0 4.0
64 70 0 4.0
47 15 0 1.25
163 24 0 2.0
344 65 0 1.25
69 6 0 2.0
224 29 0 1.5
319 8 0 3.0
175 24 0 3.75
125 26 0 3.0
16 8 0 2.25
90 13 0 1.5
56 30 0 2.25
145 3 0 3.0
63 57 0 4.0
62 26 0 1.5
115 13 0 4.0
252 21 0 4.0
66 30 0 3.75
228 25 0 2.25
242 3 0 2.0
51 23 0 1.0
255 15 0 3.0
309 18 0 2.75
43 13 0 3.75
200 9 0 1.75
242 18 0 1.75
106 25 0 2.5
2 22 0 1.25
314 24 0 1.75
358 26 0 2.75
189 38 0 4.0
31 24 0 3.0
266 27 0 3.75
143 16 0 3.75
285 8 0 1.75
59 21 0 1.0
149 9 0 3.5
62 1 0 3.25
253 1 0 4.0
5 24 0 4.0
302 11 0 2.75
117 29 0 3.5
117 34 0 3.5
240 29 0 2.0
279 0 0 3.75
199 0 0 3.75
36 58 0 4.0
341 21 0 2.25
116 15 0 2.25
261 21 0 2.75
353 5 0 3.25
128 9 0 1.5
251 44 0 3.0
5 18 0 3.5
12 23 0 3.75
106 20 0 2.5
140 2 0 3.25
273 12 0 1.25
165 14 0 2.75
179 51 0 3.5
145 29 0 1.25
177 27 0 2.75
295 35 0 2.5
320 26 0 2.5
277 30 0 2.75
73 7 0 3.0
190 9 0 2.75
178 26 0 3.75
274 16 0 2.25
111 1 0 2.75
324 14 0 3.5
287 31 0 1.75
59 8 0 3.75
161 1 0 1.25
195 12 0 2.25
242 2 0 1.25
99 2 0 2.75
61 5 0 2.75
68 7 0 2.25
98 17 0 3.25
125 24 0 2.75
334 20 0 3.0
30 23 0 1.75
47 41 0 2.0
149 6 0 1.75
29 4 0 1.5
147 20 0 2.5
259 10 0 1.25
339 27 0 2.75
208 17 0 2.75
9 15 0 3.0
12 6 0 2.25
348 1 0 2.5
142 19 0 2.0
28 6 0 2.0
45 25 0 2.0
119 29 0 2.5
61 9 0 1.5
4 17 0 4.0
227 5 0 3.75
46 30 0 2.25
118 6 0 3.75
18 28 0 2.75
68 18 0 4.0
278 16 0 4.0
228 27 0 2.0
309 7 0 2.75
251 13 0 2.0
242 16 0 2.75
251 15 0 2.0
74 14 0 2.5
243 22 0 1.25
71 28 0 1.5
304 8 0 3.0
40 40 0 3.0
259 13 0 3.75
351 1 0 2.75
77 6 0 1.0
267 7 0 3.75
296 13 0 3.25
99 21 0 3.5
164 1 0 2.75
64 28 0 1.5
132 15 0 1.25
37 12 0 4.0
318 29 0 3.75
193 11 0 1.25
16 13 0 3.25
300 10 0 1.5
359 24 0 3.25
91 27 0 3.5
115 13 0 3.75
199 28 0 1.75
76 22 0 2.5
101 23 0 4.0
148 9 0 3.0
90 0 0 2.75
198 19 0 1.5
191 25 0 2.25
140 7 0 2.75
166 21 0 3.0
156 24 0 1.5
41 65 0 1.0
20 15 0 2.25
264 17 0 2.25
5 42 0 2.25
181 7 0 2.5
198 30 0 1.25
154 62 0 1.75
157 29 0 1.25
89 45 0 1.75
213 30 0 2.25
82 22 0 1.0
311 13 0 4.0
327 47 0 3.25
347 68 0 3.0
315 6 0 2.25
269 1 0 1.0
229 17 0 3.5
183 30 0 2.25
76 22 0 3.0
289 6 0 1.25
136 29 0 1.75
96 3 0 3.5
222 20 0 1.0
144 10 0 1.25
119 6 0 1.0
224 20 0 2.25
94 17 0 3.75
74 28 0 2.25
277 15 0 3.5
161 13 0 2.5
53 6 0 1.25
221 6 0 2.0
312 18 0 2.0
46 20 0 1.25
354 9 0 1.25
247 6 0 3.5
91 80 0 3.75
334 14 0 2.0
13 6 0 1.25
220 1 0 2.5
38 14 0 2.25
282 24 0 3.0
335 20 0 1.0
120 5 0 3.75
296 64 0 3.0
221 17 0 4.0
357 67 0 2.25
49 24 0 2.5
218 15 0 1.25
352 17 0 1.75
257 12 0 1.75
143 7 0 2.75
121 30 0 2.5
30 20 0 1.25
21 17 0 2.0
125 20 0 2.5
53 5 0 1.0
9 28 0 1.75
35 26 0 3.25
355 14 0 1.25
97 2 0 1.75
327 28 0 2.75
81 19 0 2.5
288 58 0 1.25
178 9 0 2.75
153 51 0 1.25
0 5 0 2.5
167 2 0 2.75
231 60 0 4.0
43 22 0 2.5
193 16 0 1.0
85 11 0 1.0
306 1 0 2.5
176 26 0 1.0
107 29 0 2.25
110 25 0 1.25
233 12 0 2.25
131 8 0 3.25
119 43 0 1.25
311 22 0 3.5
142 16 0 1.5
270 22 0 1.0
44 30 0 2.0
321 27 0 1.5
152 20 0 1.5
221 21 0 1.75
274 17 0 1.75
320 27 0 2.75
201 3 0 1.5
104 21 0 3.0
270 13 0 1.0
275 16 0 4.0
19 26 0 1.75
22 30 0 1.75
160 59 0 1.25
78 58 0 1.0
64 48 0 3.0
28 23 0 3.0
82 26 0 1.75
260 10 0 4.0
202 29 0 1.75
97 10 0 3.0
276 0 0 3.25
286 14 0 3.0
309 0 0 1.25
133 26 0 2.0
232 14 0 2.5
352 12 0 1.5
345 25 0 3.0
181 25 0 2.75
252 26 0 2.0
85 40 0 1.25
165 3 0 1.5
235 31 0 1.0
291 71 0 3.25
68 26 0 3.0
98 75 0 1.5
162 14 0 1.0
162 5 0 1.5
293 26 0 2.5
183 11 0 1.75
226 6 0 3.5
182 18 0 2.0
111 23 0 2.75
155 32 0 3.5
285 20 0 3.5
272 23 0 3.5
328 21 0 3.5
116 2 0 2.25
233 14 0 1.25
184 6 0 1.25
301 2 0 2.75
113 26 0 4.0
118 3 0 1.75
320 28 0 3.25
146 56 0 1.5
205 20 0 3.25
236 17 0 2.25
51 6 0 2.25
210 30 0 3.75
47 10 0 3.25
53 48 0 2.75
225 10 0 1.75
108 9 0 2.25
236 1 0 1.5
91 20 0 2.0
248 14 0 1.0
281 7 0 4.0
73 20 0 3.5
218 13 0 3.0
348 10 0 3.5
87 14 0 3.5
283 1 0 1.0
337 28 0 3.0
53 14 0 4.0
150 22 0 1.0
182 4 0 2.75
76 11 0 4.0
261 35 0 1.5
30 25 0 3.25
284 25 0 2.5
261 21 0 3.25
102 26 0 3.25
97 27 0 2.75
314 11 0 1.5
32 12 0 2.25
260 11 0 2.5
72 1 0 1.5
20 30 0 3.75
336 14 0 1.5
218 13 0 3.75
46 30 0 1.0
225 26 0 3.25
142 29 0 3.25
133 11 0 1.25
50 23 0 3.5
124 29 0 3.5
1 5 0 1.25
110 15 0 2.25
10 17 0 3.0
341 7 0 1.75
248 11 0 3.5
15 8 0 1.25
27 14 0 3.75
108 22 0 2.5
244 77 0 3.75
269 13 0 2.5
31 29 0 2.25
310 23 0 1.0
21 18 0 3.0
236 13 0 3.75
304 10 0 1.25
21 22 0 3.75
0 6 0 1.0
72 19 0 4.0
32 3 0 1.25
288 4 0 1.25
328 6 0 2.25
183 7 0 2.0
14 11 0 3.5
27 15 0 3.25
215 5 0 2.0
30 26 0 1.25
134 5 0 1.5
196 15 0 4.0
72 28 0 1.5
156 2 0 3.5
104 15 0 3.25
277 56 0 2.25
301 30 0 3.0
267 13 0 4.0
182 26 0 2.0
40 25 0 4.0
188 1 0 1.25
82 11 0 2.5
253 31 0 3.0
62 31 0 2.25
218 7 0 2.75
210 26 0 1.25
107 16 0 2.5
162 28 0 2.25
319 16 0 1.75
341 24 0 2.25
264 15 0 1.25
126 30 0 2.5
16 14 0 2.75
106 4 0 3.25
122 20 0 1.5
0 51 0 2.25
239 16 0 1.75
78 20 0 3.5
32 8 0 1.75
228 26 0 3.0
303 4 0 4.0
250 21 0 3.75
314 20 0 3.75
287 41 0 3.0
276 5 0 3.25
143 2 0 3.5
55 17 0 2.5
247 12 0 1.5
277 7 0 2.5
227 7 0 3.75
135 2 0 2.0
261 9 0 4.0
47 25 0 4.0
102 21 0 1.25
221 3 0 2.75
205 1 0 2.75
207 26 0 2.0
111 1 0 4.0
351 24 0 2.0
14 8 0 1.0
240 77 0 1.0
205 59 0 1.0
9 7 0 2.0
311 33 0 1.0
318 12 0 2.25
151 36 0 3.25
153 8 0 3.25
352 6 0 3.5
109 2 0 4.0
260 3 0 4.0
32 3 0 1.75
284 5 0 1.5
158 8 0 3.25
300 9 0 1.5
61 50 0 2.5
50 30 0 2.75
93 25 0 1.25
73 36 0 2.25
222 4 0 4.0
319 26 0 2.75
15 17 0 4.0
143 26 0 3.75
198 10 0 3.25
49 29 0 4.0
156 30 0 3.75
146 25 0 1.5
164 27 0 1.5
347 5 0 2.5
316 11 0 2.5
25 14 0 2.5
356 24 0 1.0
321 21 0 1.75
46 3 0 1.0
11 8 0 3.5
286 19 0 3.0
198 3 0 2.5
357 31 0 3.0
225 1 0 4.0
69 2 0 2.75
18 14 0 4.0
84 8 0 1.25
355 23 0 2.0
48 0 0 2.5
130 52 0 3.0
195 13 0 1.25
277 9 0 3.0
211 16 0 3.25
329 3 0 1.0
32 4 0 3.0
237 23 0 1.5
343 15 0 1.75
16 18 0 4.0
349 23 0 3.5
235 18 0 4.0
267 78 0 1.0
75 29 0 1.0
96 18 0 2.75
295 67 0 3.75
331 21 0 3.25
263 19 0 2.25
34 20 0 3.75
157 15 0 2.75
76 2 0 1.75
57 19 0 1.5
1 18 0 1.5
21 3 0 3.75
253 21 0 2.75
249 11 0 2.25
302 2 0 1.25
191 38 0 3.25
103 9 0 1.25
55 25 0 3.5
252 6 0 1.5
287 28 0 2.75
287 8 0 3.75
134 9 0 1.75
289 0 0 2.0
267 18 0 2.75
96 27 0 1.25
266 13 0 1.5
36 17 0 2.25
24 34 0 3.75
19 19 0 1.25
123 15 0 2.0
41 18 0 4.0
243 4 0 2.25
110 10 0 1.5
24 2 0 1.0
91 27 0 2.75
100 9 0 3.0
70 4 0 2.5
51 26 0 2.75
191 26 0 2.25
314 27 0 2.25
61 16 0 1.5
151 27 0 3.0
16 23 0 3.5
96 17 0 1.75
271 12 0 3.5
309 56 0 3.5
253 5 0 3.0
127 28 0 3.5
345 14 0 1.5
274 9 0 1.75
84 4 0 1.0
81 25 0 3.5
129 8 0 1.0
14 8 0 2.5
22 29 0 4.0
267 21 0 2.5
118 24 0 1.25
104 51 0 1.0
43 18 0 1.5
67 0 0 2.0
308 16 0 3.0
48 24 0 1.75
20 4 0 2.0
350 21 0 2.75
147 14 0 2.25
28 4 0 3.25
311 2 0 1.5
259 1 0 1.25
304 14 0 2.5
79 10 0 1.5
35 48 0 1.5
336 0 0 3.75
63 48 0 2.0
37 20 0 1.25
138 18 0 1.75
178 28 0 3.0
268 14 0 4.0
263 5 0 3.75
28 20 0 2.5
83 12 0 3.5
69 53 0 2.75
126 20 0 4.0
170 6 0 1.5
311 23 0 2.75
89 2 0 3.0
46 12 0 1.5
55 13 0 2.5
90 11 0 4.0
272 12 0 3.0
150 37 0 1.0
179 23 0 4.0
349 24 0 2.25
279 19 0 2.25
74 6 0 2.25
170 2 0 2.5
294 10 0 3.5
167 38 0 1.75
195 24 0 2.25
125 14 0 3.0
221 57 0 2.25
337 19 0 2.75
97 56 0 2.5
244 63 0 2.25
279 29 0 1.75
358 25 0 1.75
102 23 0 2.25
330 14 0 1.75
70 10 0 3.5
56 20 0 2.0
25 15 0 1.0
269 17 0 2.75
223 22 0 1.25
117 19 0 3.5
190 26 0 2.25
137 15 0 3.5
227 22 0 4.0
16 9 0 2.25
328 26 0 1.25
330 30 0 2.5
117 33 0 3.75
5 29 0 3.75
84 30 0 3.5
50 17 0 2.25
155 8 0 3.25
291 1 0 1.25
349 18 0 2.0
34 26 0 1.75
52 11 0 3.25
116 22 0 1.5
246 14 0 1.5
209 6 0 2.75
80 26 0 1.75
131 12 0 1.5
266 1 0 2.25
166 2 0 2.5
156 16 0 2.5
218 9 0 1.0
196 25 0 2.0
344 49 0 3.5
140 49 0 1.0
37 13 0 2.25
318 16 0 4.0
130 11 0 3.0
228 1 0 4.0
235 61 0 4.0
155 24 0 3.0
132 1 0 3.25
107 2 0 4.0
7 34 0 2.75
79 11 0 1.25
55 1 0 4.0
7 5 0 1.25
116 28 0 3.25
30 24 0 1.0
204 13 0 3.5
242 27 0 3.75
96 43 0 1.25
255 19 0 4.0
339 21 0 4.0
254 1 0 2.0
85 26 0 2.5
313 7 0 2.5
120 26 0 2.75
182 2 0 3.25
147 67 0 2.0
32 46 0 3.25
223 5 0 3.5
261 27 0 3.25
166 0 0 3.5
147 0 0 3.0
296 5 0 1.25
123 29 0 2.25
282 22 0 2.0
103 18 0 3.75
213 7 0 1.0
183 3 0 1.5
184 23 0 1.75
94 23 0 2.25
90 21 0 1.0
303 2 0 3.5
110 20 0 3.5
264 14 0 1.25
245 3 0 3.0
4 7 0 3.5
157 27 0 1.25
151 10 0 2.25
217 2 0 1.75
334 11 0 3.5
267 13 0 3.75
222 4 0 1.5
333 16 0 1.0
63 72 0 1.25
161 4 0 3.75
120 6 0 2.5
220 6 0 1.25
65 1 0 3.5
223 40 0 3.75
99 23 0 3.5
293 31 0 1.5
197 10 0 3.0
216 22 0 3.25
81 27 0 3.75
250 4 0 1.5
101 1 0 3.25
308 24 0 2.75
157 21 0 2.25
329 22 0 2.0
236 5 0 3.25
153 14 0 3.5
207 2 0 2.0
202 41 0 1.5
213 45 0 3.5
43 21 0 3.5
15 10 0 3.5
27 5 0 4.0
13 27 0 1.25
271 2 0 4.0
222 14 0 2.0
109 6 0 2.75
12 23 0 2.0
55 21 0 1.5
104 12 0 2.25
49 25 0 3.25
106 8 0 2.5
303 10 0 2.0
33 54 0 2.0
359 26 0 1.75
316 14 0 3.0
333 9 0 2.0
106 15 0 3.75
57 41 0 3.75
132 27 0 2.0
80 52 0 1.75
179 20 0 3.25
143 23 0 2.25
325 27 0 3.75
108 29 0 3.0
218 0 0 1.0
339 18 0 2.5
256 1 0 3.75
120 15 0 4.0
231 25 0 3.25
348 9 0 3.75
156 21 0 2.0
194 23 0 1.25
263 25 0 4.0
306 2 0 2.75
