250 15 0 4.0
29 27 0 4.0
214 24 0 3.0
44 16 0 3.5
220 8 0 2.75
175 18 0 2.0
40 13 0 3.75
189 19 0 2.5
171 14 0 2.75
253 15 0 3.5
56 8 0 3.25
169 17 0 2.5
248 1 0 3.75
156 28 0 2.0
139 11 0 2.0
264 24 0 4.0
23 26 0 2.75
248 28 0 3.75
342 4 0 3.75
46 1 0 3.25
322 1 0 2.75
341 24 0 3.0
125 27 0 2.75
315 5 0 3.5
32 6 0 3.5
171 0 0 2.75
19 60 0 3.0
296 59 0 3.25
257 31 0 3.0
229 21 0 2.75
53 16 0 2.25
227 8 0 3.5
99 0 0 2.25
148 60 0 3.25
188 28 0 3.5
109 7 0 2.5
32 3 0 2.25
216 35 0 3.25
338 3 0 2.5
288 5 0 2.5
260 12 0 2.0
317 29 0 2.0
348 28 0 3.5
122 10 0 3.75
126 3 0 2.25
133 13 0 2.75
156 5 0 3.5
341 15 0 3.0
158 6 0 2.75
220 3 0 3.25
127 8 0 3.5
51 28 0 2.0
297 20 0 3.5
148 2 0 3.75
0 10 0 3.0
230 4 0 2.25
212 16 0 3.25
67 13 0 4.0
236 27 0 2.25
323 20 0 2.5
254 15 0 2.75
56 7 0 2.75
59 71 0 3.25
197 20 0 4.0
78 15 0 2.25
192 19 0 3.0
163 20 0 2.0
324 23 0 2.75
198 15 0 3.75
83 25 0 2.25
162 23 0 3.25
272 3 0 3.0
209 10 0 2.25
172 16 0 2.75
113 24 0 3.25
212 5 0 2.25
184 11 0 3.5
26 16 0 3.25
15 0 0 2.25
29 28 0 3.0
11 13 0 3.75
147 27 0 3.0
176 22 0 2.75
97 25 0 4.0
49 1 0 2.5
4 7 0 2.25
296 13 0 2.75
125 16 0 4.0
284 17 0 3.0
83 28 0 3.25
70 41 0 4.0
229 6 0 2.25
154 21 0 3.5
284 19 0 2.75
2 13 0 3.5
69 21 0 2.25
344 23 0 2.75
79 24 0 2.25
54 10 0 3.5
328 68 0 3.75
315 2 0 2.25
46 24 0 3.5
124 28 0 2.75
160 11 0 4.0
16 17 0 3.5
355 6 0 2.75
354 77 0 3.0
0 30 0 3.5
285 24 0 4.0
329 5 0 3.25
158 26 0 3.5
25 18 0 2.0
336 26 0 2.5
46 19 0 2.25
290 16 0 4.0
56 5 0 4.0
170 28 0 3.5
248 8 0 3.25
239 13 0 2.75
349 29 0 3.75
59 15 0 2.0
145 17 0 4.0
27 13 0 3.25
324 0 0 2.25
223 6 0 3.75
99 12 0 2.0
175 24 0 4.0
59 1 0 3.25
108 22 0 3.75
331 19 0 3.25
177 4 0 2.75
205 20 0 3.75
356 3 0 2.0
57 28 0 3.75
139 35 0 2.0
356 15 0 2.0
154 20 0 2.5
282 1 0 3.25
127 12 0 2.25
336 3 0 3.75
123 12 0 3.75
181 26 0 3.0
64 12 0 2.75
45 26 0 3.75
196 26 0 2.25
182 28 0 3.5
65 18 0 3.0
206 0 0 2.25
6 22 0 3.25
58 20 0 2.75
129 24 0 3.75
156 18 0 2.0
335 11 0 4.0
187 10 0 3.5
84 22 0 3.75
359 12 0 3.0
243 15 0 3.0
307 22 0 3.25
21 26 0 3.5
120 16 0 3.25
152 14 0 3.5
328 20 0 2.0
106 25 0 3.25
29 27 0 2.75
121 1 0 3.75
303 7 0 3.0
274 27 0 3.25
340 2 0 2.0
168 23 0 3.25
358 26 0 3.0
359 14 0 2.0
42 5 0 3.0
33 25 0 2.25
102 1 0 3.5
356 1 0 2.0
87 15 0 2.5
346 20 0 3.25
357 25 0 3.0
220 28 0 3.75
48 16 0 2.5
267 10 0 2.75
222 27 0 2.25
275 27 0 2.5
263 22 0 2.5
133 11 0 3.0
169 14 0 3.5
244 18 0 2.75
262 6 0 2.5
312 22 0 3.75
196 22 0 4.0
291 11 0 2.75
199 23 0 3.25
195 20 0 3.0
333 27 0 2.75
65 14 0 2.25
354 10 0 3.5
226 21 0 3.0
227 26 0 3.0
96 28 0 2.0
165 12 0 3.25
273 3 0 2.0
198 41 0 2.75
23 23 0 2.5
241 24 0 3.25
141 17 0 3.0
349 2 0 2.0
329 7 0 4.0
192 13 0 3.0
275 30 0 4.0
142 29 0 2.25
270 17 0 2.5
20 21 0 3.25
358 9 0 2.75
258 11 0 2.5
14 2 0 2.0
215 6 0 2.0
224 14 0 3.5
107 19 0 3.5
157 8 0 3.5
15 18 0 3.25
14 12 0 3.75
233 10 0 2.75
237 29 0 3.25
321 26 0 3.0
95 25 0 3.0
135 2 0 2.75
209 17 0 2.0
213 8 0 2.0
304 8 0 2.0
157 10 0 2.75
322 4 0 4.0
221 19 0 2.25
248 19 0 2.5
190 27 0 2.0
38 8 0 3.25
226 30 0 2.0
267 12 0 3.75
12 19 0 2.25
139 16 0 2.75
300 14 0 2.0
35 19 0 3.0
194 18 0 2.0
241 23 0 2.75
35 16 0 2.5
351 7 0 2.0
19 1 0 2.5
213 18 0 3.0
51 20 0 4.0
8 18 0 2.75
193 2 0 3.75
141 28 0 3.25
224 1 0 3.75
271 11 0 3.25
273 11 0 2.75
173 15 0 2.75
108 17 0 4.0
7 9 0 2.5
228 50 0 2.25
328 27 0 2.25
323 20 0 3.0
343 43 0 4.0
310 28 0 3.5
142 43 0 3.75
279 26 0 3.25
290 13 0 3.5
217 26 0 3.0
58 21 0 2.75
237 10 0 2.0
278 5 0 3.25
318 1 0 3.75
251 15 0 2.5
294 28 0 3.0
135 25 0 2.5
301 5 0 3.5
36 28 0 2.0
131 4 0 3.0
13 1 0 2.0
303 16 0 2.75
106 0 0 2.25
262 3 0 3.75
145 22 0 4.0
16 27 0 2.75
179 18 0 3.75
337 22 0 4.0
141 17 0 2.0
339 12 0 3.0
123 11 0 4.0
76 0 0 2.75
133 3 0 3.75
231 14 0 3.0
199 57 0 2.25
199 27 0 3.75
124 28 0 3.25
319 8 0 3.0
187 14 0 3.5
124 27 0 2.5
222 24 0 4.0
204 16 0 3.25
14 20 0 3.25
151 28 0 2.25
21 25 0 3.5
60 12 0 3.5
76 29 0 2.0
82 49 0 3.75
104 15 0 2.0
92 9 0 3.0
160 24 0 3.5
320 24 0 2.75
125 3 0 4.0
99 18 0 3.5
105 5 0 2.5
290 14 0 2.75
235 12 0 3.75
277 26 0 2.75
296 20 0 3.5
22 3 0 3.5
47 4 0 2.25
242 23 0 3.5
267 4 0 3.25
249 22 0 2.0
13 13 0 3.25
232 7 0 2.25
177 21 0 3.0
241 6 0 3.25
45 5 0 2.0
287 18 0 3.25
82 16 0 3.0
243 12 0 3.25
57 12 0 3.5
136 4 0 3.75
176 29 0 3.0
38 11 0 2.5
46 23 0 2.0
353 25 0 3.75
85 19 0 2.75
45 1 0 2.0
229 20 0 3.75
254 26 0 3.0
184 8 0 4.0
54 6 0 2.5
354 24 0 4.0
212 21 0 3.5
180 26 0 2.0
135 2 0 4.0
97 12 0 3.75
90 7 0 4.0
226 59 0 3.25
28 21 0 3.5
269 10 0 2.75
262 3 0 3.25
277 4 0 3.25
350 11 0 2.75
51 23 0 2.0
3 24 0 2.75
325 0 0 3.5
276 5 0 4.0
307 15 0 3.5
109 12 0 2.25
244 17 0 4.0
148 24 0 2.75
54 22 0 3.75
44 2 0 3.5
120 27 0 3.5
305 10 0 2.25
229 3 0 2.0
163 15 0 2.5
279 24 0 2.75
100 3 0 2.75
17 14 0 2.75
169 25 0 3.5
174 16 0 2.5
343 1 0 2.75
30 6 0 3.5
285 9 0 4.0
58 35 0 3.25
261 0 0 2.5
111 5 0 3.5
6 25 0 2.5
153 14 0 2.75
235 26 0 3.75
243 27 0 3.75
228 15 0 3.25
136 0 0 4.0
241 20 0 2.25
250 16 0 2.5
306 5 0 2.5
204 0 0 2.0
250 3 0 2.25
100 9 0 2.25
321 27 0 2.25
199 0 0 3.0
76 16 0 3.25
217 15 0 2.75
75 27 0 3.5
143 26 0 2.25
283 25 0 2.5
114 65 0 3.0
51 6 0 4.0
330 12 0 3.75
294 22 0 2.5
36 15 0 3.5
289 21 0 4.0
213 15 0 2.25
81 19 0 4.0
17 3 0 3.0
194 3 0 3.5
11 17 0 3.0
252 25 0 2.5
260 24 0 3.75
308 9 0 2.5
84 21 0 3.25
157 30 0 4.0
29 21 0 3.0
60 17 0 2.75
48 14 0 3.0
257 5 0 2.0
209 7 0 2.75
333 43 0 2.5
268 29 0 3.0
124 13 0 3.75
137 1 0 3.75
41 22 0 2.0
273 39 0 3.0
177 24 0 3.0
315 8 0 2.0
82 14 0 2.5
249 5 0 3.0
315 3 0 2.5
99 29 0 3.5
76 17 0 3.0
356 9 0 2.25
109 55 0 3.5
138 22 0 2.75
240 15 0 3.0
160 1 0 3.0
40 24 0 2.75
186 19 0 3.5
267 14 0 2.25
323 11 0 2.5
353 20 0 4.0
32 0 0 3.0
252 0 0 4.0
47 4 0 3.25
222 0 0 4.0
291 27 0 3.25
237 17 0 2.25
291 11 0 3.0
315 8 0 3.0
209 46 0 2.0
350 15 0 3.5
30 21 0 4.0
283 4 0 2.0
17 5 0 2.5
236 14 0 2.25
17 10 0 2.0
204 33 0 2.0
91 2 0 3.25
247 0 0 2.0
285 24 0 2.75
350 4 0 3.75
330 3 0 2.5
324 0 0 3.75
202 4 0 3.5
16 29 0 2.5
292 22 0 2.0
319 17 0 2.5
150 1 0 3.0
15 6 0 2.25
238 2 0 4.0
330 4 0 3.75
312 32 0 3.5
12 30 0 2.25
127 9 0 2.25
350 6 0 3.5
47 29 0 3.75
203 1 0 2.5
289 24 0 4.0
243 25 0 3.5
97 20 0 3.5
216 10 0 3.0
63 18 0 3.75
160 10 0 3.25
132 13 0 3.5
346 19 0 3.0
157 13 0 3.25
50 21 0 3.75
182 20 0 3.0
217 26 0 3.5
85 3 0 3.5
309 30 0 2.5
28 3 0 3.25
335 11 0 3.75
231 27 0 3.5
52 18 0 3.0
49 4 0 3.0
189 24 0 3.5
117 16 0 2.5
163 30 0 2.5
350 24 0 2.25
227 20 0 2.75
336 16 0 3.75
158 0 0 2.25
125 18 0 3.5
308 25 0 2.0
130 15 0 3.25
32 23 0 3.25
4 24 0 3.25
142 15 0 3.75
350 23 0 2.25
54 3 0 2.25
176 15 0 3.5
284 8 0 2.5
100 20 0 2.25
46 28 0 3.75
140 30 0 2.0
255 27 0 2.5
181 15 0 3.5
26 15 0 3.75
33 6 0 3.25
292 12 0 3.0
21 3 0 2.25
233 1 0 3.5
10 12 0 2.0
197 1 0 2.25
253 27 0 2.25
262 13 0 2.0
286 18 0 3.75
251 28 0 3.25
68 8 0 3.25
201 23 0 3.25
104 1 0 2.5
240 3 0 3.75
167 30 0 2.25
283 15 0 3.25
88 6 0 2.5
15 5 0 3.0
162 22 0 3.25
114 28 0 2.75
55 19 0 2.25
306 13 0 2.25
209 14 0 3.25
249 9 0 2.0
96 24 0 3.75
36 24 0 2.75
177 19 0 3.25
210 17 0 2.25
248 16 0 3.5
189 11 0 2.25
129 43 0 2.25
134 0 0 2.75
141 15 0 4.0
179 17 0 2.75
200 11 0 3.5
28 0 0 3.0
27 28 0 2.0
18 30 0 3.0
222 16 0 3.75
48 23 0 3.0
167 27 0 2.5
228 9 0 2.75
156 8 0 2.25
228 13 0 3.75
336 16 0 3.0
142 7 0 2.75
276 17 0 2.75
280 8 0 2.25
151 14 0 3.25
129 48 0 3.25
302 30 0 2.75
21 27 0 3.75
125 22 0 3.25
283 2 0 4.0
230 4 0 3.75
172 23 0 2.25
174 19 0 4.0
50 10 0 3.25
127 30 0 2.75
30 29 0 2.5
151 13 0 3.0
254 11 0 2.5
24 5 0 4.0
44 28 0 3.75
311 28 0 2.25
211 20 0 4.0
232 12 0 2.25
143 16 0 2.5
63 16 0 2.25
108 9 0 3.5
40 11 0 3.5
133 26 0 4.0
175 17 0 3.75
209 8 0 3.5
286 8 0 3.0
238 3 0 2.0
150 9 0 3.25
11 19 0 2.5
351 9 0 2.0
118 11 0 2.75
31 26 0 4.0
235 19 0 2.25
91 23 0 3.0
144 21 0 2.75
303 17 0 2.25
239 14 0 2.5
180 19 0 4.0
131 11 0 2.75
226 3 0 2.25
161 28 0 2.75
254 14 0 2.5
87 29 0 2.25
242 9 0 2.0
87 18 0 2.25
290 17 0 3.0
268 9 0 3.0
150 48 0 2.0
208 26 0 3.0
316 21 0 2.75
74 4 0 3.25
3 7 0 2.25
78 33 0 4.0
293 2 0 3.75
55 27 0 3.75
323 23 0 4.0
206 30 0 2.0
28 18 0 3.25
300 28 0 2.25
185 3 0 3.0
109 25 0 4.0
143 8 0 3.25
10 32 0 2.0
324 25 0 2.5
103 15 0 4.0
250 9 0 2.25
5 9 0 3.5
280 61 0 2.25
346 21 0 2.0
293 9 0 2.0
352 21 0 2.5
303 14 0 3.75
24 5 0 3.25
199 19 0 2.75
266 9 0 3.5
220 0 0 3.25
156 30 0 4.0
165 3 0 3.0
318 7 0 2.5
199 18 0 3.5
192 4 0 2.0
5 14 0 2.5
101 53 0 3.75
302 26 0 2.75
145 26 0 2.0
78 18 0 2.5
165 13 0 2.5
164 12 0 3.75
348 30 0 3.0
51 5 0 3.75
126 22 0 3.25
31 6 0 2.0
291 20 0 2.25
84 1 0 3.5
160 28 0 4.0
145 12 0 2.75
97 4 0 2.75
283 10 0 3.5
175 7 0 2.25
130 28 0 3.0
35 28 0 3.25
356 26 0 3.0
208 24 0 3.5
277 7 0 3.0
137 45 0 3.75
86 21 0 2.75
218 14 0 4.0
192 2 0 3.25
168 12 0 2.75
19 27 0 2.25
322 16 0 2.5
84 11 0 3.25
272 1 0 3.75
125 4 0 4.0
50 2 0 2.0
131 14 0 3.5
244 25 0 3.25
196 26 0 3.25
73 5 0 3.25
43 22 0 2.0
281 7 0 2.25
231 26 0 3.5
246 26 0 3.25
69 22 0 2.75
350 0 0 3.25
161 16 0 2.0
95 11 0 3.75
85 27 0 3.0
155 24 0 3.25
4 48 0 3.75
122 13 0 2.75
43 21 0 2.25
209 15 0 3.75
214 10 0 2.75
98 19 0 3.0
238 8 0 2.25
227 10 0 3.0
185 8 0 2.75
318 16 0 2.0
48 14 0 2.25
98 30 0 3.75
276 25 0 3.25
305 17 0 3.5
81 9 0 3.25
87 29 0 2.5
351 19 0 2.25
116 11 0 3.75
55 11 0 4.0
3 23 0 3.0
242 12 0 4.0
331 26 0 4.0
321 22 0 3.0
114 77 0 2.0
243 13 0 3.75
301 18 0 2.25
11 22 0 2.25
324 30 0 3.75
5 28 0 3.0
8 9 0 3.25
34 17 0 2.75
49 16 0 3.5
251 30 0 3.5
307 77 0 3.75
162 7 0 2.25
63 11 0 3.5
98 9 0 2.75
329 20 0 2.5
19 18 0 3.5
294 19 0 3.5
155 6 0 3.25
45 8 0 2.75
306 28 0 3.75
77 28 0 3.5
177 25 0 2.75
61 25 0 3.75
128 10 0 2.25
347 18 0 4.0
184 10 0 2.0
194 4 0 2.25
270 11 0 3.25
313 10 0 3.75
131 12 0 3.0
311 23 0 2.25
124 30 0 2.25
84 0 0 2.5
87 23 0 4.0
89 1 0 4.0
218 5 0 2.25
203 18 0 2.5
30 1 0 3.0
275 10 0 2.75
352 8 0 2.5
47 4 0 3.0
1 0 0 3.75
79 15 0 4.0
340 10 0 2.25
354 0 0 2.5
191 12 0 2.75
23 5 0 3.5
124 2 0 2.0
76 24 0 2.75
225 13 0 3.0
311 11 0 4.0
193 20 0 2.5
151 28 0 3.25
32 21 0 4.0
229 30 0 3.25
194 30 0 3.0
95 2 0 3.75
103 21 0 4.0
208 19 0 2.5
338 22 0 2.0
261 17 0 4.0
10 7 0 3.0
308 17 0 3.25
194 10 0 2.5
269 29 0 2.0
249 11 0 3.25
352 12 0 2.25
248 20 0 3.0
278 7 0 2.0
323 9 0 3.0
237 18 0 2.5
27 15 0 2.75
316 25 0 3.75
121 17 0 4.0
66 10 0 3.0
42 17 0 2.75
20 59 0 2.0
354 35 0 4.0
284 2 0 3.25
164 15 0 3.75
288 19 0 3.25
95 3 0 2.5
83 6 0 2.0
256 5 0 3.25
333 10 0 2.5
173 8 0 2.75
336 19 0 3.25
309 15 0 3.0
13 80 0 3.75
247 0 0 4.0
213 23 0 3.5
359 2 0 3.75
334 23 0 2.25
324 5 0 3.75
274 11 0 3.5
319 9 0 2.0
302 8 0 2.5
192 11 0 2.75
210 3 0 4.0
334 18 0 2.0
351 25 0 4.0
36 22 0 3.5
358 22 0 2.5
261 44 0 3.25
219 12 0 3.5
342 19 0 3.25
318 22 0 3.75
269 29 0 2.75
326 2 0 3.75
166 19 0 3.0
219 5 0 4.0
137 25 0 2.5
29 10 0 2.0
246 18 0 3.0
127 9 0 2.75
17 22 0 2.0
70 14 0 2.75
170 26 0 2.0
345 4 0 3.75
112 21 0 3.75
26 12 0 2.75
19 11 0 2.5
234 8 0 3.5
44 3 0 2.25
125 25 0 2.0
142 17 0 2.75
210 14 0 3.5
218 12 0 3.75
290 0 0 3.5
97 18 0 3.5
359 18 0 2.25
91 1 0 2.75
283 7 0 2.5
34 24 0 2.75
183 30 0 3.5
55 16 0 4.0
5 27 0 2.0
326 22 0 3.25
226 3 0 3.5
290 12 0 3.5
50 5 0 3.5
244 27 0 2.75
219 29 0 2.0
27 4 0 2.25
47 11 0 3.0
193 30 0 4.0
193 17 0 3.25
149 15 0 2.0
8 12 0 3.5
234 19 0 3.0
331 1 0 2.0
206 16 0 3.5
342 18 0 2.75
38 24 0 2.0
110 18 0 3.5
114 18 0 4.0
344 22 0 2.75
166 29 0 3.25
300 21 0 4.0
32 28 0 2.0
199 17 0 2.0
260 8 0 2.0
114 26 0 3.25
280 30 0 2.75
157 30 0 3.0
162 2 0 2.75
291 3 0 3.75
349 4 0 2.25
124 5 0 3.25
15 6 0 4.0
117 36 0 3.5
291 6 0 4.0
44 54 0 3.25
337 27 0 3.25
37 25 0 3.0
262 26 0 2.0
241 16 0 2.25
308 14 0 3.5
224 0 0 2.5
341 34 0 3.5
30 22 0 2.75
28 13 0 2.0
345 5 0 3.0
146 2 0 2.5
23 18 0 2.5
205 20 0 3.0
356 26 0 2.5
92 14 0 3.25
170 18 0 3.5
178 21 0 4.0
306 18 0 2.25
268 2 0 2.25
298 2 0 3.0
199 27 0 2.75
253 14 0 2.75
20 19 0 2.25
115 19 0 3.25
295 27 0 3.5
164 24 0 3.5
97 27 0 2.0
228 16 0 2.5
333 3 0 3.0
136 29 0 2.25
122 27 0 4.0
282 19 0 2.25
201 14 0 3.75
335 0 0 2.75
58 24 0 3.5
27 12 0 2.5
176 2 0 2.75
105 5 0 2.25
209 18 0 2.0
185 12 0 2.0
245 15 0 3.0
10 29 0 3.75
315 8 0 3.25
59 19 0 3.0
198 30 0 2.0
106 9 0 3.25
67 14 0 2.0
229 15 0 3.0
57 20 0 3.0
175 19 0 3.75
88 3 0 2.25
323 26 0 2.25
289 7 0 4.0
348 6 0 3.75
173 25 0 2.0
324 26 0 3.25
136 14 0 3.0
126 30 0 2.5
329 23 0 2.25
215 29 0 4.0
274 12 0 3.25
246 3 0 3.25
260 22 0 3.0
317 9 0 3.75
314 7 0 2.0
237 2 0 3.0
207 13 0 3.75
32 20 0 3.5
14 0 0 3.0
70 8 0 2.25
169 13 0 3.0
300 60 0 2.75
126 18 0 3.5
89 11 0 2.0
175 50 0 4.0
182 2 0 3.5
120 29 0 3.75
8 17 0 2.0
50 2 0 2.25
112 13 0 3.5
280 0 0 3.0
234 23 0 3.75
262 25 0 3.75
194 20 0 3.75
14 6 0 4.0
31 16 0 3.0
282 3 0 3.0
268 11 0 2.5
154 22 0 2.5
60 27 0 2.5
213 0 0 4.0
230 29 0 3.5
331 24 0 2.25
121 55 0 2.5
257 7 0 4.0
199 4 0 3.75
232 22 0 3.5
335 27 0 2.25
298 3 0 2.25
231 20 0 4.0
353 5 0 2.5
217 19 0 3.5
289 22 0 4.0
33 15 0 2.0
155 18 0 2.5
140 1 0 4.0
343 4 0 3.5
49 22 0 2.75
342 8 0 2.5
16 12 0 3.5
309 20 0 4.0
225 27 0 2.75
37 25 0 3.5
275 10 0 3.25
151 4 0 3.0
316 7 0 2.0
31 24 0 3.75
43 16 0 3.75
166 3 0 3.25
240 14 0 3.75
200 18 0 3.0
162 25 0 3.75
223 16 0 3.5
97 28 0 3.25
257 79 0 2.5
201 25 0 2.25
258 23 0 3.25
315 1 0 2.0
18 59 0 2.25
143 22 0 2.5
194 6 0 2.0
116 1 0 2.25
288 24 0 3.5
272 50 0 2.0
267 64 0 3.25
34 7 0 2.25
282 2 0 3.5
56 8 0 2.75
252 15 0 2.0
226 11 0 2.75
222 32 0 2.0
56 28 0 2.0
274 13 0 3.0
232 3 0 4.0
344 17 0 3.0
329 20 0 3.5
278 6 0 2.25
62 12 0 2.25
37 14 0 3.25
38 10 0 4.0
324 19 0 3.75
284 8 0 3.5
147 15 0 4.0
20 2 0 3.25
287 8 0 2.75
336 5 0 3.75
158 27 0 2.75
38 13 0 3.25
270 21 0 3.5
317 2 0 2.25
306 19 0 3.75
10 13 0 3.0
358 16 0 3.75
17 24 0 2.75
307 26 0 3.75
150 19 0 3.25
125 18 0 3.0
238 20 0 2.0
210 17 0 3.0
24 6 0 3.5
56 27 0 3.25
60 23 0 3.75
106 3 0 3.5
105 5 0 3.0
153 5 0 2.5
25 9 0 3.5
112 14 0 3.25
281 18 0 2.25
91 6 0 2.5
235 16 0 2.25
26 22 0 4.0
245 16 0 3.75
254 12 0 2.0
145 0 0 2.0
7 25 0 2.25
5 23 0 3.25
20 14 0 2.25
173 13 0 3.25
241 27 0 3.0
128 13 0 2.0
131 18 0 2.75
83 2 0 2.5
220 11 0 2.25
10 6 0 2.75
118 17 0 3.25
254 5 0 2.75
185 3 0 2.0
357 29 0 2.75
191 8 0 3.25
69 12 0 3.5
351 1 0 2.0
184 14 0 2.25
121 8 0 2.25
5 27 0 2.75
225 12 0 2.5
190 30 0 3.5
11 15 0 3.5
245 36 0 3.25
334 16 0 2.0
272 7 0 3.75
256 29 0 3.25
145 24 0 3.25
291 7 0 2.75
80 26 0 2.25
183 2 0 3.0
121 12 0 2.0
287 25 0 4.0
4 23 0 2.0
200 4 0 3.25
3 21 0 3.0
51 29 0 2.0
319 51 0 3.25
56 5 0 3.25
53 20 0 2.75
144 13 0 3.5
272 26 0 3.75
145 19 0 2.25
46 5 0 2.25
336 15 0 3.25
208 14 0 2.75
174 12 0 2.25
335 29 0 3.5
349 2 0 2.25
231 20 0 2.5
288 3 0 3.5
298 1 0 3.5
316 23 0 4.0
175 26 0 3.75
145 7 0 2.25
295 5 0 3.75
270 10 0 4.0
273 11 0 2.0
148 6 0 2.0
138 20 0 2.25
339 29 0 4.0
183 10 0 4.0
264 3 0 2.5
250 20 0 2.0
19 0 0 3.25
230 41 0 3.0
14 16 0 3.0
289 28 0 2.75
109 19 0 3.75
320 4 0 3.75
244 15 0 3.25
126 30 0 3.5
279 21 0 2.5
131 18 0 4.0
301 9 0 3.75
99 7 0 3.75
249 20 0 2.75
107 28 0 3.25
36 10 0 2.25
185 1 0 2.75
179 10 0 3.25
148 25 0 3.75
15 24 0 3.25
76 2 0 3.5
258 4 0 4.0
2 0 0 2.75
117 14 0 4.0
70 21 0 2.25
320 15 0 4.0
8 18 0 3.75
293 22 0 4.0
260 13 0 2.5
295 12 0 3.5
337 19 0 2.5
154 23 0 2.75
26 40 0 3.25
223 17 0 2.25
30 8 0 4.0
145 23 0 3.5
147 19 0 3.5
82 17 0 3.25
107 18 0 3.75
66 6 0 3.5
286 7 0 4.0
229 30 0 2.75
343 11 0 3.75
354 28 0 2.0
227 26 0 2.25
118 5 0 3.0
71 7 0 3.0
355 6 0 2.25
120 22 0 3.0
357 13 0 2.25
311 30 0 3.75
271 5 0 4.0
149 2 0 2.0
302 1 0 2.75
25 24 0 2.5
271 8 0 3.5
124 22 0 4.0
282 15 0 3.25
215 9 0 2.25
167 4 0 4.0
323 15 0 2.5
342 18 0 3.0
281 24 0 3.25
266 30 0 2.75
108 26 0 3.25
227 29 0 3.75
119 3 0 3.5
115 25 0 2.25
110 25 0 2.5
162 26 0 3.5
0 2 0 2.75
330 3 0 2.25
160 5 0 2.5
113 11 0 2.0
94 12 0 2.25
335 1 0 3.0
306 21 0 3.5
51 10 0 3.25
327 0 0 3.75
52 26 0 3.25
131 6 0 4.0
216 22 0 4.0
91 0 0 2.5
127 23 0 2.75
116 19 0 3.5
84 16 0 2.25
267 0 0 2.0
61 26 0 2.75
21 6 0 2.0
265 23 0 2.75
165 28 0 3.5
221 3 0 2.0
80 21 0 3.0
160 30 0 3.75
324 4 0 2.25
59 46 0 2.25
312 11 0 4.0
233 3 0 2.0
258 19 0 2.0
268 30 0 3.25
289 26 0 3.25
46 14 0 3.75
325 23 0 2.25
15 2 0 2.0
357 0 0 3.25
174 22 0 2.5
205 27 0 2.0
266 19 0 3.75
246 10 0 2.25
86 12 0 2.5
317 5 0 2.5
331 16 0 3.0
168 2 0 2.25
330 15 0 4.0
315 11 0 2.75
276 9 0 2.25
84 70 0 2.0
332 6 0 4.0
20 9 0 2.75
346 27 0 4.0
155 21 0 4.0
313 27 0 2.5
55 39 0 2.5
12 1 0 2.25
247 51 0 3.0
239 28 0 3.5
253 3 0 3.75
182 28 0 3.25
0 10 0 4.0
87 19 0 2.5
95 23 0 3.25
164 7 0 2.0
20 1 0 4.0
325 25 0 3.25
301 19 0 3.0
2 22 0 3.0
304 26 0 3.25
222 16 0 2.25
133 19 0 3.25
123 18 0 3.25
314 23 0 4.0
136 27 0 4.0
19 19 0 3.75
63 5 0 3.0
302 5 0 3.75
351 30 0 3.5
266 18 0 2.5
47 2 0 2.5
137 16 0 2.5
197 60 0 2.0
358 8 0 3.0
276 52 0 2.0
136 2 0 3.0
305 27 0 2.5
9 4 0 3.25
55 30 0 2.25
263 3 0 3.25
317 9 0 3.0
127 29 0 2.5
102 27 0 3.0
58 28 0 3.0
188 28 0 2.25
38 17 0 2.0
288 5 0 2.75
128 16 0 2.0
280 7 0 4.0
50 20 0 3.5
302 24 0 2.75
29 7 0 2.25
144 17 0 4.0
86 21 0 3.0
226 7 0 2.25
45 9 0 3.0
157 14 0 2.5
132 28 0 3.75
167 22 0 3.0
36 1 0 2.75
19 6 0 3.0
142 5 0 2.5
211 0 0 4.0
31 9 0 2.5
351 9 0 2.75
33 19 0 2.25
285 20 0 2.0
340 22 0 2.25
263 16 0 3.75
161 18 0 4.0
321 9 0 2.0
12 17 0 3.75
33 43 0 2.25
275 11 0 2.5
19 9 0 4.0
234 14 0 2.75
118 12 0 4.0
168 0 0 3.25
218 24 0 3.75
256 7 0 2.5
195 22 0 2.75
204 10 0 2.25
150 10 0 3.25
123 26 0 4.0
323 7 0 3.5
85 26 0 2.25
298 29 0 2.5
82 12 0 2.25
122 29 0 2.25
136 30 0 2.75
208 30 0 2.25
161 23 0 2.0
8 17 0 3.0
354 8 0 2.0
61 7 0 3.75
136 13 0 2.5
230 16 0 2.0
344 22 0 3.5
219 18 0 2.25
179 4 0 3.5
113 17 0 4.0
70 9 0 3.0
76 26 0 3.5
164 16 0 4.0
37 47 0 2.75
271 25 0 2.75
263 6 0 2.75
332 11 0 3.75
27 15 0 2.5
207 0 0 2.75
241 11 0 3.0
237 9 0 2.25
311 29 0 3.75
300 4 0 3.25
345 18 0 2.5
264 30 0 3.0
103 26 0 2.75
132 4 0 4.0
328 60 0 4.0
10 19 0 2.5
91 16 0 3.25
36 25 0 4.0
343 2 0 4.0
68 4 0 2.75
266 2 0 2.0
12 8 0 2.5
353 12 0 2.5
81 29 0 3.5
52 10 0 2.5
244 44 0 4.0
129 4 0 2.25
292 16 0 2.25
179 15 0 2.5
252 30 0 4.0
168 26 0 2.5
197 9 0 3.0
119 9 0 3.0
188 25 0 2.75
294 46 0 2.75
49 1 0 3.5
71 16 0 3.25
9 22 0 2.25
233 4 0 3.5
231 4 0 2.0
206 29 0 2.75
243 13 0 2.25
202 11 0 3.5
131 11 0 3.0
76 13 0 2.0
335 24 0 3.0
86 23 0 2.5
133 21 0 2.25
26 13 0 3.0
225 21 0 2.25
275 8 0 2.25
23 49 0 3.25
334 29 0 3.25
256 20 0 3.5
249 15 0 3.25
149 13 0 3.75
340 5 0 4.0
286 16 0 3.5
255 9 0 3.0
240 0 0 3.25
80 9 0 2.75
40 12 0 3.25
94 24 0 4.0
198 7 0 3.0
79 24 0 3.25
120 28 0 3.5
189 20 0 2.5
341 1 0 2.0
72 1 0 3.75
103 29 0 4.0
290 14 0 3.25
186 12 0 4.0
292 22 0 3.0
268 30 0 2.75
178 8 0 2.75
343 18 0 2.25
280 17 0 2.5
337 26 0 2.75
115 21 0 4.0
220 4 0 2.25
279 8 0 2.75
175 14 0 3.75
113 4 0 4.0
147 6 0 3.5
347 55 0 2.75
224 15 0 4.0
309 26 0 2.0
136 26 0 3.5
304 19 0 2.0
353 0 0 3.25
132 7 0 4.0
156 17 0 2.5
311 7 0 3.75
263 0 0 3.75
10 5 0 3.0
260 10 0 2.5
182 29 0 3.5
48 16 0 3.5
21 9 0 3.25
174 11 0 3.25
134 17 0 3.5
170 20 0 3.25
228 19 0 4.0
232 29 0 2.75
356 27 0 4.0
3 9 0 3.25
94 8 0 4.0
17 24 0 3.25
293 25 0 3.5
280 29 0 3.0
313 23 0 2.25
103 13 0 3.75
132 11 0 2.5
200 7 0 3.5
35 5 0 2.25
230 8 0 2.0
199 20 0 2.5
311 37 0 3.25
85 0 0 2.25
274 7 0 4.0
327 9 0 3.75
25 3 0 2.75
121 0 0 3.75
222 18 0 2.5
317 16 0 2.5
70 21 0 3.75
252 5 0 3.25
199 12 0 3.5
16 7 0 2.0
132 23 0 3.5
341 4 0 2.25
88 1 0 3.5
191 28 0 3.75
51 40 0 2.75
206 21 0 3.75
258 15 0 2.75
18 27 0 2.75
59 23 0 3.25
275 29 0 2.25
244 25 0 2.0
332 2 0 3.5
188 3 0 2.75
62 6 0 3.25
74 13 0 3.5
94 21 0 3.0
179 3 0 3.0
132 16 0 3.25
62 25 0 4.0
12 6 0 2.0
135 21 0 3.0
158 21 0 4.0
347 16 0 3.25
45 21 0 3.25
271 21 0 2.5
135 22 0 3.25
267 23 0 3.5
276 5 0 3.0
260 2 0 2.0
106 16 0 4.0
88 1 0 3.25
149 14 0 2.25
109 21 0 3.75
204 8 0 2.75
206 2 0 3.75
303 26 0 2.75
354 33 0 4.0
62 8 0 4.0
60 28 0 3.75
100 3 0 4.0
272 30 0 3.5
92 0 0 2.0
304 27 0 4.0
348 5 0 2.5
193 22 0 3.0
168 20 0 4.0
280 21 0 2.25
205 4 0 2.25
350 7 0 3.25
146 22 0 3.25
301 22 0 2.5
118 15 0 2.0
43 12 0 2.0
5 15 0 2.75
245 13 0 3.75
167 14 0 2.0
101 15 0 4.0
186 18 0 2.5
348 14 0 2.75
212 4 0 3.5
237 36 0 3.5
171 27 0 2.25
110 16 0 3.5
124 18 0 3.5
140 1 0 3.0
80 10 0 3.25
311 27 0 2.25
26 9 0 2.75
11 21 0 3.5
55 24 0 2.5
1 43 0 2.5
287 14 0 3.5
308 13 0 3.25
32 27 0 2.25
274 1 0 2.5
80 26 0 3.75
275 23 0 3.5
171 0 0 3.25
194 12 0 4.0
259 1 0 3.5
182 17 0 2.75
81 23 0 3.75
172 15 0 2.25
99 7 0 3.5
60 45 0 2.75
227 10 0 2.25
77 10 0 2.75
223 4 0 3.25
243 48 0 3.5
132 14 0 3.0
113 27 0 2.5
4 27 0 4.0
22 7 0 3.5
64 22 0 2.75
325 26 0 3.75
132 21 0 3.75
124 16 0 2.25
254 16 0 3.5
34 13 0 3.75
98 16 0 3.5
173 25 0 3.75
278 18 0 2.0
116 27 0 2.25
223 3 0 2.25
199 30 0 3.25
181 5 0 3.25
355 0 0 2.25
349 3 0 3.25
347 5 0 2.25
284 22 0 2.75
170 27 0 4.0
19 19 0 4.0
263 17 0 2.5
100 25 0 4.0
270 3 0 3.75
78 7 0 2.5
7 2 0 2.25
144 9 0 2.25
221 12 0 2.0
89 2 0 2.0
61 26 0 2.0
340 27 0 2.25
157 8 0 2.25
352 4 0 3.75
47 1 0 2.5
32 2 0 2.0
119 2 0 3.25
183 4 0 2.25
359 18 0 2.5
309 22 0 3.75
48 3 0 3.5
267 16 0 3.0
182 21 0 3.25
300 25 0 3.25
18 4 0 2.75
246 28 0 2.5
22 10 0 3.25
339 17 0 4.0
291 1 0 2.0
261 5 0 3.5
136 24 0 2.75
225 58 0 2.25
328 8 0 2.25
148 7 0 2.25
22 22 0 3.0
147 24 0 3.0
201 6 0 3.25
243 19 0 3.0
159 13 0 2.0
153 16 0 2.75
140 6 0 3.75
152 27 0 3.75
106 26 0 2.0
300 22 0 2.75
221 36 0 3.0
89 0 0 4.0
13 16 0 4.0
271 9 0 4.0
266 12 0 2.75
7 8 0 2.5
141 51 0 2.0
317 10 0 3.0
34 13 0 3.0
337 10 0 3.5
172 18 0 2.25
234 10 0 2.0
223 7 0 3.5
231 30 0 2.75
308 1 0 2.0
53 10 0 2.0
246 18 0 2.25
183 16 0 3.0
111 16 0 2.75
357 28 0 2.25
319 17 0 2.25
308 1 0 2.75
61 30 0 2.75
73 22 0 3.25
338 27 0 2.0
155 18 0 2.75
264 75 0 2.25
225 16 0 2.0
255 5 0 2.25
70 18 0 2.25
142 11 0 2.0
184 5 0 2.5
136 0 0 2.25
260 4 0 2.0
163 15 0 3.5
293 21 0 3.75
180 9 0 2.75
212 19 0 3.0
92 1 0 3.25
155 27 0 3.25
228 17 0 3.75
128 1 0 3.25
111 17 0 3.0
218 24 0 3.0
237 0 0 3.5
1 4 0 2.0
127 11 0 3.25
60 27 0 3.75
51 27 0 3.5
283 9 0 4.0
131 5 0 4.0
240 12 0 3.25
213 22 0 2.5
347 8 0 3.75
145 2 0 3.5
146 23 0 3.0
224 9 0 2.75
244 6 0 2.0
226 22 0 3.5
296 3 0 4.0
344 2 0 2.75
338 23 0 2.0
345 1 0 2.5
40 5 0 3.25
268 6 0 3.5
271 18 0 4.0
220 7 0 3.5
271 80 0 2.25
137 14 0 2.0
217 8 0 3.5
275 21 0 3.0
72 24 0 2.5
345 1 0 2.0
108 12 0 2.75
141 24 0 2.25
192 3 0 3.75
165 5 0 2.75
206 27 0 2.0
116 18 0 3.0
313 26 0 3.25
35 27 0 4.0
331 22 0 2.5
100 11 0 2.0
55 25 0 3.25
310 9 0 2.5
70 20 0 2.0
275 24 0 2.75
145 22 0 3.0
346 0 0 3.5
237 12 0 3.25
231 20 0 3.0
97 15 0 2.5
311 22 0 3.75
322 24 0 2.25
339 5 0 3.5
256 3 0 2.5
330 17 0 2.75
198 1 0 2.25
334 11 0 3.25
7 4 0 2.75
83 26 0 3.75
136 30 0 3.5
144 8 0 3.75
147 10 0 3.75
92 28 0 3.5
137 20 0 2.25
95 19 0 4.0
251 25 0 2.5
213 4 0 3.5
185 4 0 2.0
286 33 0 2.75
243 4 0 2.0
234 10 0 3.25
356 0 0 2.0
81 17 0 2.75
54 13 0 2.0
271 22 0 2.0
248 5 0 3.0
114 24 0 2.0
51 5 0 3.25
115 17 0 2.5
230 22 0 4.0
147 2 0 3.5
334 26 0 3.5
31 18 0 3.0
141 19 0 2.5
10 13 0 2.75
152 10 0 2.0
337 29 0 2.0
310 1 0 3.25
306 6 0 3.75
37 26 0 3.25
149 8 0 2.5
276 22 0 3.5
20 11 0 3.75
115 26 0 3.25
84 30 0 2.0
188 23 0 3.25
55 12 0 2.5
41 50 0 2.0
326 29 0 3.0
198 3 0 2.25
128 11 0 2.25
125 8 0 2.25
203 28 0 2.75
207 7 0 3.5
103 21 0 3.25
90 18 0 2.25
35 25 0 3.25
66 1 0 3.5
324 20 0 2.5
83 12 0 2.25
85 25 0 4.0
21 59 0 2.5
254 0 0 3.0
65 3 0 2.5
11 12 0 4.0
169 8 0 2.5
356 5 0 2.0
311 51 0 3.0
17 20 0 3.0
222 78 0 3.25
224 7 0 3.5
320 5 0 2.25
7 15 0 2.0
174 27 0 3.0
24 2 0 2.0
179 16 0 2.0
206 3 0 2.25
267 49 0 3.25
70 19 0 3.75
146 1 0 2.25
190 23 0 2.5
286 6 0 2.25
166 64 0 4.0
131 26 0 3.5
61 3 0 3.0
40 22 0 2.0
167 18 0 2.0
259 17 0 3.5
253 6 0 2.75
132 20 0 3.75
304 23 0 3.5
129 3 0 3.0
148 61 0 3.0
232 16 0 3.5
187 11 0 3.75
105 1 0 3.5
60 29 0 2.0
194 29 0 3.25
235 18 0 3.5
264 5 0 2.0
240 24 0 3.5
136 28 0 4.0
165 3 0 4.0
218 25 0 3.25
134 6 0 2.5
6 26 0 2.25
138 3 0 3.75
228 24 0 2.75
100 5 0 2.75
18 25 0 4.0
327 23 0 3.75
342 12 0 3.75
8 26 0 4.0
332 28 0 3.5
106 23 0 2.75
213 18 0 2.0
138 10 0 3.0
203 35 0 3.5
155 20 0 4.0
283 15 0 2.0
65 23 0 3.0
334 16 0 3.25
66 3 0 3.75
82 24 0 3.0
188 9 0 3.0
265 29 0 4.0
8 2 0 3.0
64 15 0 3.75
204 19 0 2.25
56 5 0 2.0
93 1 0 3.75
212 21 0 3.25
240 10 0 2.75
67 9 0 2.75
341 15 0 3.75
274 33 0 4.0
345 20 0 3.75
25 0 0 4.0
211 22 0 2.5
170 6 0 3.5
66 11 0 2.0
239 7 0 3.75
66 27 0 3.75
279 19 0 2.0
10 27 0 3.75
283 22 0 2.75
91 16 0 4.0
254 20 0 3.25
237 18 0 3.5
62 29 0 3.0
143 15 0 3.75
294 11 0 2.25
188 10 0 2.0
305 17 0 2.75
335 27 0 2.75
112 1 0 3.5
301 3 0 2.0
154 12 0 3.75
194 21 0 3.5
258 1 0 2.25
342 0 0 2.5
120 19 0 2.0
144 0 0 3.0
97 26 0 2.75
239 29 0 4.0
176 0 0 3.75
188 2 0 3.75
143 1 0 4.0
148 0 0 3.25
141 11 0 4.0
91 4 0 3.75
75 39 0 2.75
93 2 0 2.5
174 2 0 2.25
118 26 0 3.0
106 13 0 2.0
31 20 0 2.0
313 25 0 2.25
58 24 0 2.75
87 14 0 2.25
261 9 0 2.75
229 11 0 2.5
95 24 0 2.25
335 15 0 3.5
231 7 0 3.25
251 24 0 2.75
333 4 0 2.75
11 17 0 2.0
62 22 0 2.75
27 27 0 3.5
202 29 0 3.25
28 27 0 3.75
86 2 0 4.0
35 24 0 4.0
64 12 0 3.25
104 12 0 4.0
150 29 0 2.75
165 25 0 4.0
314 3 0 4.0
105 27 0 2.0
252 36 0 3.0
96 17 0 2.25
291 1 0 3.0
30 7 0 3.75
62 22 0 2.0
160 27 0 2.5
96 8 0 2.0
342 12 0 4.0
209 16 0 3.5
27 18 0 3.25
232 1 0 3.75
333 16 0 2.0
218 28 0 4.0
112 13 0 2.75
104 27 0 2.0
248 10 0 4.0
272 18 0 3.75
272 27 0 2.75
29 13 0 3.75
254 7 0 2.5
62 15 0 3.75
11 13 0 3.0
234 4 0 2.75
107 9 0 3.5
25 31 0 2.0
71 26 0 3.5
260 12 0 3.25
322 24 0 2.75
303 11 0 2.75
170 16 0 2.25
153 26 0 2.75
181 14 0 2.75
116 13 0 3.25
160 15 0 4.0
24 26 0 3.5
91 24 0 2.0
86 11 0 3.5
330 23 0 3.75
153 4 0 3.0
214 14 0 2.75
72 10 0 3.0
47 11 0 2.75
6 7 0 4.0
310 17 0 3.25
310 13 0 2.75
181 29 0 2.0
343 27 0 2.25
353 6 0 3.0
103 14 0 3.75
356 28 0 3.0
288 16 0 2.0
346 2 0 2.0
243 2 0 2.75
243 5 0 2.0
80 4 0 3.25
134 9 0 3.75
166 24 0 2.75
104 7 0 3.0
322 24 0 2.5
107 2 0 2.75
8 18 0 3.5
92 5 0 2.5
35 3 0 2.0
245 27 0 3.75
272 20 0 3.25
106 19 0 3.0
196 21 0 3.0
342 26 0 3.0
203 18 0 2.75
104 56 0 2.5
156 34 0 2.5
2 54 0 2.0
268 25 0 4.0
96 7 0 2.0
54 18 0 2.0
235 21 0 3.25
55 9 0 3.25
310 20 0 4.0
139 1 0 3.5
5 9 0 2.5
133 4 0 2.25
148 5 0 2.25
122 30 0 2.25
219 21 0 2.5
351 6 0 2.25
22 10 0 2.75
7 26 0 3.0
100 19 0 2.25
198 10 0 3.25
305 2 0 3.25
330 13 0 4.0
263 5 0 3.75
158 19 0 2.0
46 4 0 3.75
2 23 0 2.75
359 15 0 3.75
148 12 0 2.0
41 24 0 3.75
335 4 0 3.0
69 20 0 4.0
82 18 0 3.75
272 9 0 2.5
76 19 0 3.75
110 26 0 2.0
265 2 0 2.75
125 19 0 2.75
177 5 0 2.25
95 1 0 3.25
60 21 0 3.5
272 28 0 3.25
151 19 0 3.75
296 20 0 2.75
318 6 0 2.0
151 8 0 3.0
237 19 0 3.5
330 12 0 2.25
302 26 0 3.5
202 26 0 2.75
203 10 0 2.75
35 4 0 3.75
357 14 0 3.5
291 1 0 4.0
209 16 0 2.5
214 1 0 3.0
312 14 0 3.5
306 25 0 2.25
96 14 0 2.0
167 0 0 2.75
261 21 0 4.0
88 3 0 4.0
48 0 0 2.0
251 0 0 4.0
320 26 0 3.25
317 14 0 3.75
236 15 0 3.5
24 22 0 2.0
39 6 0 2.5
94 1 0 3.25
36 6 0 3.25
148 12 0 2.25
7 17 0 2.75
183 27 0 2.0
313 11 0 3.75
28 29 0 2.25
328 30 0 2.0
5 34 0 3.0
333 23 0 3.0
32 1 0 4.0
134 12 0 3.75
21 22 0 4.0
330 0 0 2.75
114 14 0 2.0
87 25 0 2.5
30 3 0 4.0
232 57 0 4.0
213 25 0 2.5
51 24 0 2.0
94 9 0 4.0
306 12 0 2.0
108 6 0 3.75
325 23 0 2.5
259 19 0 3.5
26 3 0 3.0
220 20 0 2.25
124 21 0 3.75
316 12 0 3.0
338 18 0 2.0
19 3 0 3.75
39 28 0 2.0
59 56 0 2.0
148 5 0 3.25
82 30 0 4.0
173 14 0 3.25
176 26 0 2.0
125 15 0 2.25
292 7 0 2.0
359 2 0 3.0
344 13 0 3.75
308 29 0 3.5
42 3 0 3.5
15 7 0 2.0
61 28 0 4.0
60 3 0 2.75
45 0 0 2.5
348 13 0 3.25
197 3 0 4.0
198 8 0 2.5
145 24 0 3.0
243 7 0 3.0
80 14 0 4.0
347 16 0 3.0
141 25 0 2.0
356 2 0 2.75
101 4 0 2.75
160 8 0 2.25
116 8 0 2.5
295 24 0 2.25
277 22 0 4.0
247 15 0 2.5
221 22 0 2.0
88 13 0 2.25
130 23 0 3.75
324 10 0 3.75
299 12 0 2.0
53 15 0 2.75
237 7 0 3.75
148 52 0 3.25
301 6 0 2.25
36 10 0 2.75
33 30 0 3.75
210 30 0 2.0
26 20 0 3.25
193 17 0 3.0
200 13 0 3.0
274 23 0 2.75
343 25 0 2.0
139 11 0 3.75
176 8 0 3.5
28 23 0 3.5
227 29 0 2.25
181 3 0 2.75
84 8 0 3.0
355 17 0 3.0
231 1 0 4.0
86 30 0 2.5
198 13 0 2.5
227 18 0 2.25
136 6 0 2.5
2 23 0 3.25
265 12 0 3.5
116 19 0 3.75
267 5 0 2.75
108 8 0 3.0
307 0 0 4.0
102 27 0 2.25
149 18 0 3.0
0 19 0 3.75
216 13 0 3.5
333 26 0 3.75
295 23 0 3.0
138 7 0 4.0
158 5 0 3.5
316 6 0 3.25
127 4 0 3.75
92 14 0 2.0
144 13 0 2.0
277 13 0 3.75
227 14 0 3.75
157 23 0 3.75
344 27 0 3.25
290 27 0 3.5
258 1 0 2.0
324 23 0 3.5
37 14 0 3.75
17 28 0 4.0
93 23 0 2.0
98 28 0 3.5
219 24 0 3.0
72 4 0 3.75
21 14 0 2.75
10 8 0 3.0
147 15 0 2.0
228 22 0 2.0
194 3 0 3.25
26 15 0 3.0
60 8 0 2.5
273 9 0 3.25
95 6 0 4.0
127 19 0 3.5
304 4 0 2.0
334 8 0 3.5
278 23 0 2.25
340 17 0 3.25
80 11 0 3.5
357 0 0 3.75
217 14 0 3.75
76 13 0 4.0
329 10 0 2.75
239 28 0 3.0
209 8 0 3.0
356 27 0 2.5
227 7 0 2.25
82 58 0 2.5
332 19 0 2.0
129 27 0 4.0
28 11 0 2.75
324 18 0 2.0
83 2 0 4.0
150 0 0 3.75
316 27 0 3.0
87 6 0 2.5
188 5 0 4.0
68 40 0 4.0
354 25 0 2.75
180 5 0 4.0
94 21 0 2.25
311 5 0 2.0
334 70 0 3.5
334 15 0 2.0
113 21 0 2.0
274 17 0 3.75
241 24 0 3.5
28 21 0 3.0
239 29 0 3.5
127 27 0 3.25
316 8 0 2.25
13 23 0 2.25
351 26 0 3.5
206 1 0 3.75
345 22 0 4.0
317 0 0 3.0
280 14 0 2.0
315 23 0 2.5
169 28 0 2.0
180 1 0 2.0
88 16 0 2.5
32 6 0 3.25
175 4 0 3.75
114 23 0 4.0
224 24 0 2.0
303 1 0 2.0
176 29 0 4.0
167 22 0 2.5
304 2 0 2.25
185 29 0 4.0
268 25 0 2.5
264 4 0 4.0
230 10 0 3.75
254 21 0 2.0
55 3 0 3.75
20 3 0 4.0
50 26 0 2.75
79 16 0 3.75
276 14 0 2.0
294 9 0 3.75
235 3 0 3.5
93 9 0 3.25
19 21 0 3.0
280 26 0 2.75
158 1 0 2.5
49 3 0 3.5
254 10 0 3.75
38 22 0 2.0
358 7 0 2.5
24 29 0 4.0
37 0 0 3.25
131 11 0 3.25
214 73 0 2.75
107 19 0 4.0
16 21 0 2.25
212 12 0 2.5
108 2 0 2.5
42 36 0 3.5
55 20 0 2.25
185 11 0 3.75
61 4 0 2.5
32 4 0 3.5
248 28 0 2.0
279 23 0 2.5
36 28 0 3.75
134 59 0 2.75
120 5 0 2.5
179 14 0 3.0
203 8 0 2.25
256 24 0 2.5
342 77 0 2.75
221 19 0 2.5
159 56 0 3.75
76 24 0 3.75
24 26 0 3.75
85 11 0 3.0
118 0 0 3.0
303 5 0 2.0
220 15 0 2.0
186 10 0 3.25
173 51 0 4.0
178 74 0 3.0
261 55 0 3.75
65 25 0 2.25
93 2 0 2.75
114 2 0 3.5
13 0 0 3.0
338 34 0 2.25
162 9 0 2.75
238 15 0 2.0
200 25 0 4.0
227 25 0 2.5
259 16 0 3.0
175 14 0 2.5
155 15 0 2.75
45 25 0 2.0
194 21 0 2.75
170 16 0 3.5
79 19 0 3.25
333 5 0 2.5
16 21 0 3.75
138 14 0 3.75
249 25 0 3.25
59 10 0 2.75
163 9 0 3.0
298 11 0 3.5
209 8 0 2.0
28 7 0 3.5
344 30 0 2.75
209 30 0 2.5
148 3 0 2.75
70 26 0 2.25
249 27 0 3.0
346 13 0 2.5
318 29 0 3.0
162 24 0 3.5
19 7 0 2.25
257 7 0 2.25
24 28 0 2.5
192 10 0 3.75
292 14 0 2.5
350 22 0 3.0
179 26 0 2.0
62 8 0 2.25
246 18 0 3.25
86 3 0 4.0
325 2 0 2.0
293 0 0 2.25
159 0 0 2.25
142 9 0 2.5
64 27 0 3.5
140 36 0 2.75
21 23 0 2.0
248 8 0 3.0
17 43 0 3.0
262 59 0 3.5
297 30 0 2.0
178 2 0 2.0
271 7 0 3.25
51 2 0 2.5
190 28 0 3.0
28 22 0 2.75
92 7 0 2.0
78 25 0 2.0
283 6 0 2.25
217 21 0 3.0
215 1 0 3.5
178 25 0 3.5
234 5 0 2.0
177 22 0 2.75
198 28 0 4.0
24 7 0 2.75
209 25 0 4.0
147 22 0 3.0
254 27 0 2.75
276 29 0 2.75
238 10 0 2.5
330 5 0 2.5
127 17 0 2.0
162 1 0 3.25
87 20 0 4.0
352 8 0 3.25
329 4 0 4.0
271 2 0 2.25
62 8 0 2.5
97 25 0 3.75
270 10 0 2.0
33 9 0 2.75
64 21 0 3.25
180 3 0 2.25
70 6 0 2.5
270 26 0 3.75
143 20 0 2.0
284 11 0 2.75
15 23 0 2.25
34 7 0 3.25
287 18 0 4.0
78 7 0 2.75
339 6 0 2.75
35 25 0 3.0
152 4 0 3.5
246 22 0 2.75
262 28 0 2.25
234 13 0 2.0
176 22 0 2.0
323 28 0 3.25
102 3 0 2.25
316 7 0 4.0
302 13 0 3.0
48 14 0 4.0
310 2 0 2.75
202 51 0 2.5
66 12 0 3.75
63 11 0 2.5
104 17 0 2.0
64 24 0 3.25
346 11 0 2.75
122 18 0 3.0
13 28 0 3.0
319 8 0 3.75
12 26 0 3.25
352 0 0 2.0
99 28 0 4.0
121 26 0 3.0
355 24 0 3.5
288 28 0 3.0
332 22 0 3.0
285 28 0 3.5
332 14 0 3.75
313 12 0 3.75
235 3 0 3.25
352 10 0 2.75
327 18 0 3.0
345 18 0 2.0
273 8 0 2.25
348 9 0 3.5
347 15 0 3.25
134 30 0 2.75
185 4 0 3.0
26 24 0 2.5
60 13 0 2.5
114 5 0 3.75
264 16 0 4.0
193 13 0 3.5
241 1 0 3.25
152 12 0 2.25
82 6 0 3.75
221 6 0 2.0
231 3 0 2.75
67 2 0 2.5
304 21 0 2.5
66 33 0 2.5
105 18 0 2.0
94 20 0 3.5
92 6 0 2.5
289 11 0 3.25
145 61 0 3.0
285 29 0 3.75
191 24 0 2.75
182 6 0 2.75
115 15 0 3.5
49 16 0 3.75
104 15 0 2.75
334 0 0 2.5
285 2 0 4.0
108 24 0 2.75
310 24 0 2.5
187 26 0 2.75
351 3 0 2.5
330 29 0 2.75
200 26 0 3.0
164 4 0 3.0
279 15 0 3.75
73 13 0 3.5
212 20 0 4.0
48 52 0 2.5
266 0 0 2.5
300 15 0 4.0
262 2 0 2.0
139 21 0 4.0
280 28 0 2.0
259 9 0 2.5
154 21 0 2.0
296 17 0 2.5
348 3 0 3.75
226 27 0 2.75
230 13 0 3.75
133 5 0 3.5
325 30 0 3.5
35 10 0 3.75
315 14 0 2.0
171 9 0 3.25
80 16 0 2.0
332 13 0 3.75
232 1 0 3.25
152 19 0 3.5
157 27 0 2.5
196 28 0 2.25
6 22 0 2.25
76 5 0 3.25
254 7 0 2.0
76 14 0 2.25
155 17 0 4.0
299 10 0 3.75
12 20 0 2.25
36 56 0 4.0
342 0 0 3.5
150 15 0 3.0
334 1 0 3.0
291 8 0 2.25
228 11 0 3.0
182 15 0 3.5
355 1 0 3.25
169 22 0 2.5
148 20 0 4.0
333 23 0 2.75
172 2 0 3.0
348 8 0 2.75
174 28 0 3.75
129 13 0 2.25
22 3 0 2.0
351 8 0 3.0
45 23 0 2.0
46 28 0 3.0
331 15 0 2.25
299 6 0 2.75
83 14 0 3.25
207 20 0 3.5
261 6 0 3.75
151 21 0 2.25
52 0 0 2.25
84 15 0 2.25
142 6 0 3.5
201 12 0 2.75
78 2 0 2.75
97 20 0 2.0
170 6 0 3.0
114 17 0 4.0
268 7 0 4.0
208 12 0 3.0
76 3 0 3.75
193 23 0 4.0
243 16 0 3.75
95 9 0 2.75
228 9 0 4.0
136 25 0 2.25
163 4 0 4.0
297 22 0 3.0
19 17 0 2.75
205 7 0 2.25
31 0 0 2.25
192 14 0 3.25
109 18 0 2.5
30 5 0 4.0
256 29 0 2.25
292 3 0 3.75
56 19 0 2.0
15 8 0 2.5
87 24 0 3.25
166 21 0 3.75
227 27 0 2.5
9 29 0 4.0
206 16 0 2.0
301 38 0 3.25
259 29 0 3.75
53 16 0 4.0
10 11 0 3.0
14 50 0 2.5
290 3 0 3.25
143 25 0 2.75
318 15 0 4.0
278 16 0 2.5
92 5 0 2.25
244 63 0 3.0
349 28 0 3.0
147 15 0 3.75
345 9 0 3.5
83 11 0 2.0
49 24 0 2.75
280 14 0 3.0
199 16 0 3.25
230 6 0 3.25
359 7 0 3.5
129 5 0 3.25
270 29 0 2.25
141 22 0 2.75
229 11 0 2.75
15 19 0 2.25
205 17 0 3.0
267 0 0 3.5
321 7 0 3.25
45 16 0 2.75
76 28 0 3.5
141 5 0 2.5
347 8 0 2.75
90 13 0 3.0
157 20 0 2.0
267 15 0 3.5
209 21 0 3.75
131 7 0 3.5
306 0 0 3.0
106 25 0 2.75
343 0 0 3.25
129 5 0 3.0
27 19 0 4.0
285 22 0 2.25
250 0 0 3.5
171 2 0 3.75
7 6 0 2.25
214 20 0 3.5
211 30 0 2.5
67 11 0 3.25
265 14 0 3.25
162 17 0 3.25
359 12 0 3.5
173 25 0 3.5
70 16 0 3.0
249 8 0 2.0
261 8 0 2.5
18 18 0 2.0
326 17 0 3.0
318 15 0 3.75
348 13 0 2.0
315 15 0 2.75
236 3 0 3.5
146 5 0 2.25
141 7 0 3.25
69 11 0 2.5
226 17 0 2.75
192 27 0 2.25
81 49 0 2.25
235 28 0 3.25
223 33 0 4.0
326 18 0 4.0
224 4 0 3.0
7 3 0 2.0
139 35 0 3.25
187 7 0 2.75
284 0 0 3.5
181 21 0 3.25
234 0 0 2.25
104 1 0 2.25
212 15 0 2.0
235 10 0 3.25
24 65 0 3.0
103 11 0 3.75
175 6 0 3.5
84 8 0 3.75
161 6 0 3.5
107 21 0 2.5
333 3 0 3.25
176 27 0 2.0
84 15 0 4.0
175 24 0 2.75
333 5 0 3.25
161 7 0 2.5
118 2 0 2.5
357 8 0 2.5
337 17 0 2.75
193 23 0 3.0
341 13 0 3.25
359 17 0 3.75
220 25 0 2.0
340 11 0 4.0
101 30 0 3.5
277 18 0 3.25
75 1 0 3.75
285 42 0 3.5
202 26 0 3.5
305 6 0 3.75
99 23 0 2.5
227 13 0 2.25
220 52 0 3.5
63 28 0 4.0
241 18 0 3.75
229 1 0 3.25
252 28 0 3.25
159 21 0 4.0
83 26 0 2.5
166 20 0 4.0
155 47 0 3.25
174 20 0 3.25
219 28 0 3.0
58 22 0 2.0
232 17 0 2.75
316 25 0 4.0
110 7 0 2.0
283 19 0 3.75
239 21 0 2.5
85 9 0 2.75
295 7 0 2.75
127 2 0 2.25
186 5 0 4.0
343 9 0 2.25
142 0 0 3.75
48 27 0 2.75
262 26 0 3.5
114 8 0 3.5
58 7 0 2.25
79 23 0 3.0
308 16 0 2.5
70 28 0 3.0
232 26 0 3.75
160 21 0 3.75
263 4 0 2.25
68 28 0 3.75
70 22 0 3.0
50 15 0 3.25
192 11 0 3.25
204 20 0 2.0
121 20 0 2.25
349 27 0 3.0
354 47 0 4.0
156 46 0 3.75
119 6 0 2.75
322 26 0 3.75
259 17 0 2.25
312 4 0 3.75
84 22 0 3.0
226 25 0 2.75
359 2 0 2.25
277 6 0 3.5
79 13 0 3.75
282 30 0 3.5
201 18 0 2.75
169 16 0 3.0
231 22 0 2.75
205 7 0 4.0
87 35 0 2.0
220 20 0 3.75
45 20 0 4.0
311 14 0 4.0
71 18 0 2.75
20 10 0 3.25
60 4 0 3.0
320 28 0 2.25
233 22 0 2.75
138 27 0 2.25
208 21 0 2.25
308 13 0 3.0
344 2 0 2.25
145 21 0 3.25
135 5 0 3.75
290 4 0 3.75
226 11 0 3.25
49 1 0 3.25
310 1 0 4.0
216 19 0 2.25
230 10 0 2.75
131 30 0 2.25
237 18 0 2.75
338 17 0 2.0
230 0 0 2.75
229 3 0 3.25
177 7 0 2.25
198 28 0 2.5
174 30 0 2.25
294 22 0 2.0
3 9 0 4.0
16 23 0 2.5
105 1 0 2.0
182 0 0 2.0
59 27 0 2.5
256 18 0 3.0
323 24 0 2.25
293 18 0 3.75
243 6 0 3.25
177 17 0 2.75
38 21 0 3.75
36 28 0 2.25
229 1 0 2.25
51 10 0 2.0
170 25 0 4.0
81 14 0 2.0
159 13 0 3.5
331 21 0 2.5
179 21 0 2.5
246 21 0 3.75
267 15 0 2.25
195 12 0 2.0
160 15 0 3.5
37 11 0 4.0
34 6 0 2.25
261 24 0 2.5
257 28 0 3.5
239 1 0 3.25
159 9 0 2.5
173 20 0 4.0
271 34 0 2.25
243 10 0 2.5
43 21 0 2.5
194 22 0 2.5
29 1 0 3.75
209 8 0 3.25
67 27 0 3.0
270 16 0 4.0
122 9 0 2.0
286 29 0 2.75
22 26 0 3.25
89 18 0 3.0
23 2 0 2.25
228 10 0 2.25
153 30 0 2.0
16 23 0 3.75
2 21 0 4.0
122 3 0 2.0
187 4 0 4.0
245 4 0 3.5
85 20 0 2.75
88 26 0 3.25
114 19 0 3.0
201 24 0 2.5
163 26 0 2.5
306 4 0 2.5
40 13 0 2.0
137 30 0 2.5
37 1 0 3.25
89 10 0 3.75
331 20 0 2.75
213 7 0 3.25
62 26 0 4.0
87 18 0 2.0
141 14 0 2.25
194 4 0 2.5
267 2 0 2.0
188 30 0 4.0
334 16 0 3.75
314 24 0 3.5
15 20 0 3.0
293 0 0 3.25
169 7 0 3.5
0 10 0 3.75
269 22 0 2.0
130 15 0 4.0
187 3 0 3.0
56 8 0 2.0
283 27 0 4.0
315 26 0 2.0
293 11 0 3.5
249 26 0 3.75
3 1 0 3.25
31 17 0 4.0
95 8 0 2.25
331 28 0 3.0
347 10 0 2.25
251 30 0 3.0
168 16 0 3.75
176 18 0 4.0
181 10 0 2.0
43 4 0 3.25
162 14 0 2.25
78 6 0 4.0
266 11 0 3.75
194 14 0 4.0
203 10 0 3.0
97 13 0 4.0
6 1 0 2.75
239 22 0 4.0
62 14 0 3.25
33 45 0 2.0
228 21 0 2.0
239 4 0 4.0
170 5 0 3.5
92 9 0 2.0
232 29 0 3.0
58 18 0 2.0
106 12 0 2.25
153 8 0 3.75
131 24 0 2.0
91 2 0 3.75
82 25 0 3.75
112 5 0 2.5
121 30 0 2.75
266 28 0 3.25
154 9 0 2.75
32 37 0 3.5
150 11 0 2.0
236 8 0 4.0
198 8 0 3.75
135 13 0 2.75
89 25 0 3.25
149 24 0 2.5
191 22 0 2.5
89 4 0 2.0
91 25 0 3.75
46 12 0 3.75
183 21 0 3.75
344 7 0 4.0
83 16 0 3.75
203 34 0 2.0
348 2 0 3.0
46 11 0 4.0
77 8 0 2.5
229 23 0 3.25
48 3 0 3.25
184 16 0 2.75
315 2 0 2.75
351 9 0 2.5
9 4 0 2.5
272 11 0 2.75
82 4 0 4.0
3 7 0 3.75
269 8 0 2.0
145 9 0 2.0
200 24 0 2.0
293 11 0 4.0
10 9 0 2.75
287 8 0 2.0
103 55 0 3.5
6 22 0 3.75
25 16 0 2.0
111 26 0 3.5
125 28 0 3.75
330 20 0 3.5
24 16 0 3.25
21 10 0 2.25
354 2 0 2.75
54 3 0 2.75
353 18 0 3.0
184 0 0 4.0
123 14 0 4.0
217 7 0 2.5
99 78 0 2.0
139 6 0 2.0
30 11 0 3.25
112 30 0 2.75
286 17 0 3.0
41 4 0 2.0
110 22 0 4.0
30 10 0 2.5
64 10 0 3.25
314 6 0 4.0
138 2 0 3.25
161 11 0 3.75
322 30 0 3.5
294 11 0 3.25
137 3 0 3.25
44 30 0 3.0
244 23 0 3.75
299 52 0 3.25
271 19 0 2.75
232 11 0 3.25
288 29 0 2.0
84 23 0 3.0
349 0 0 3.75
60 14 0 2.0
328 23 0 2.5
103 18 0 3.5
157 28 0 3.75
44 7 0 2.0
287 26 0 3.5
271 7 0 2.5
264 8 0 2.5
17 2 0 2.25
227 11 0 3.5
107 25 0 4.0
180 21 0 2.0
47 0 0 4.0
341 17 0 4.0
181 17 0 2.75
225 30 0 2.0
270 25 0 4.0
316 24 0 3.25
221 30 0 2.25
75 0 0 3.75
95 19 0 3.0
98 26 0 2.75
334 7 0 2.25
312 5 0 2.25
258 30 0 4.0
188 2 0 3.25
277 11 0 2.5
195 0 0 3.75
183 21 0 2.75
98 27 0 2.0
265 1 0 3.75
212 1 0 3.25
180 5 0 2.75
323 10 0 2.0
166 18 0 3.25
224 15 0 2.5
249 17 0 3.75
336 8 0 3.5
242 0 0 2.25
305 13 0 4.0
171 6 0 2.25
201 11 0 3.25
207 3 0 4.0
241 11 0 2.5
206 26 0 2.75
201 7 0 3.25
19 25 0 3.5
196 17 0 3.25
93 4 0 2.75
80 9 0 2.25
241 0 0 2.5
81 19 0 2.25
236 16 0 2.25
89 1 0 3.75
64 11 0 4.0
145 9 0 3.0
60 29 0 3.5
72 17 0 3.25
332 22 0 4.0
2 12 0 3.5
299 1 0 3.0
301 25 0 3.75
53 29 0 2.5
274 2 0 3.0
316 20 0 2.0
176 17 0 4.0
56 3 0 3.0
86 26 0 2.25
272 15 0 3.25
254 80 0 3.25
277 1 0 3.25
87 14 0 2.5
121 12 0 4.0
231 0 0 3.0
216 23 0 3.5
243 0 0 3.0
17 30 0 2.25
38 1 0 2.5
172 12 0 3.0
45 53 0 2.5
53 30 0 2.75
133 6 0 3.25
180 10 0 2.75
96 8 0 2.75
221 22 0 3.75
5 23 0 3.75
262 5 0 3.25
4 6 0 2.75
346 2 0 4.0
282 29 0 4.0
300 27 0 2.75
351 18 0 2.5
276 11 0 3.5
66 9 0 2.0
40 30 0 3.25
62 18 0 3.0
242 4 0 2.25
350 3 0 2.25
126 5 0 2.5
324 28 0 3.5
351 44 0 2.5
177 25 0 3.75
192 4 0 3.0
299 18 0 3.5
86 5 0 2.25
234 5 0 2.75
331 6 0 2.75
34 8 0 2.5
83 15 0 3.25
191 4 0 2.25
170 24 0 2.5
260 20 0 4.0
70 27 0 3.75
73 15 0 2.25
59 16 0 2.25
359 3 0 4.0
128 11 0 2.0
147 4 0 4.0
16 0 0 2.25
204 21 0 3.25
150 1 0 2.75
167 8 0 3.5
353 19 0 3.5
12 6 0 2.75
238 17 0 3.5
282 16 0 2.75
258 15 0 2.25
174 24 0 3.75
73 24 0 2.5
33 7 0 4.0
154 11 0 2.0
224 20 0 3.75
296 23 0 4.0
305 26 0 3.25
134 24 0 2.75
37 12 0 3.75
320 15 0 3.25
258 13 0 3.25
319 9 0 2.75
21 22 0 3.0
103 27 0 2.0
130 0 0 3.0
186 23 0 2.25
334 17 0 2.75
284 16 0 3.25
205 10 0 4.0
39 23 0 2.5
180 5 0 2.25
13 16 0 3.25
75 13 0 2.25
176 21 0 3.5
101 30 0 2.5
161 30 0 3.25
4 19 0 3.25
152 3 0 3.5
253 20 0 3.75
16 29 0 3.75
144 3 0 3.25
240 15 0 2.5
205 29 0 4.0
252 23 0 2.75
323 1 0 2.0
307 4 0 2.5
251 27 0 3.75
88 7 0 3.5
228 30 0 2.75
333 12 0 3.75
96 21 0 2.0
343 15 0 2.25
350 8 0 3.25
59 26 0 2.75
101 6 0 2.25
125 22 0 3.75
283 23 0 3.5
134 22 0 2.0
323 17 0 2.75
66 30 0 3.5
317 2 0 3.25
110 24 0 3.5
257 28 0 2.25
87 25 0 3.0
181 15 0 2.0
72 4 0 2.5
263 17 0 2.75
340 2 0 3.75
59 5 0 3.75
49 3 0 3.25
200 23 0 3.0
218 2 0 3.25
154 19 0 3.5
91 21 0 2.75
87 12 0 3.75
9 30 0 3.0
248 2 0 2.5
119 1 0 2.25
121 14 0 2.75
136 11 0 2.75
333 26 0 2.25
321 16 0 2.0
150 30 0 3.75
42 25 0 3.75
1 25 0 2.25
38 25 0 3.0
330 7 0 3.5
298 24 0 4.0
322 4 0 3.25
174 1 0 2.75
264 0 0 2.75
298 21 0 3.25
336 30 0 2.25
152 7 0 3.5
110 0 0 3.75
74 26 0 2.0
8 21 0 3.0
199 21 0 3.75
258 16 0 2.75
13 2 0 3.25
251 9 0 3.0
138 0 0 2.0
117 11 0 2.25
168 28 0 3.0
28 26 0 2.25
165 12 0 3.75
36 0 0 4.0
176 3 0 2.75
312 7 0 3.75
43 5 0 2.75
290 7 0 2.0
250 10 0 2.75
262 12 0 2.0
174 17 0 2.5
78 28 0 3.25
42 22 0 2.5
281 24 0 2.25
294 15 0 3.25
206 24 0 2.75
204 30 0 2.25
150 24 0 2.75
333 16 0 3.0
226 20 0 2.5
60 9 0 3.25
163 22 0 4.0
359 1 0 2.0
333 62 0 3.75
184 28 0 3.75
298 15 0 4.0
327 24 0 2.75
244 2 0 3.0
306 26 0 3.25
32 6 0 2.75
28 10 0 3.25
347 21 0 2.5
80 0 0 3.0
44 14 0 3.5
207 9 0 2.25
185 17 0 2.0
192 24 0 4.0
34 20 0 4.0
328 23 0 4.0
46 23 0 4.0
50 18 0 3.75
261 20 0 3.75
39 27 0 3.75
269 57 0 2.0
304 9 0 3.25
45 11 0 4.0
38 23 0 3.0
61 5 0 2.0
200 25 0 2.5
99 16 0 2.25
180 11 0 2.25
3 17 0 2.25
90 13 0 3.5
349 6 0 3.75
153 27 0 3.5
32 30 0 2.25
183 22 0 2.5
163 29 0 3.75
252 29 0 2.25
154 22 0 2.75
36 13 0 2.25
38 22 0 2.75
227 6 0 2.25
128 12 0 3.25
92 2 0 2.0
74 11 0 2.75
124 12 0 2.75
199 20 0 3.5
102 23 0 2.75
137 21 0 2.0
322 8 0 3.75
248 10 0 2.75
61 41 0 3.25
203 2 0 3.5
110 58 0 2.75
133 17 0 2.5
284 12 0 3.75
45 22 0 3.5
268 20 0 2.75
206 8 0 3.25
11 10 0 4.0
83 12 0 4.0
114 29 0 2.75
289 4 0 3.5
209 26 0 3.25
84 5 0 4.0
217 33 0 2.5
33 15 0 4.0
178 24 0 2.75
327 7 0 2.75
201 20 0 2.0
155 11 0 4.0
133 18 0 2.0
352 11 0 2.25
14 28 0 2.0
306 5 0 3.0
95 15 0 2.25
313 2 0 2.25
8 7 0 3.5
149 38 0 3.0
235 18 0 4.0
203 20 0 2.5
335 11 0 2.25
283 52 0 2.0
123 28 0 2.25
4 3 0 2.0
9 34 0 2.25
306 17 0 3.0
285 9 0 3.25
67 7 0 4.0
316 5 0 2.5
135 27 0 3.25
34 11 0 2.25
96 5 0 2.0
149 8 0 3.75
285 27 0 4.0
348 27 0 2.75
134 28 0 2.75
296 27 0 2.25
119 4 0 2.25
281 30 0 2.75
337 8 0 3.0
121 28 0 2.0
356 9 0 3.75
245 29 0 2.75
108 13 0 2.25
251 13 0 2.5
96 9 0 2.0
9 12 0 3.0
236 5 0 3.5
331 6 0 4.0
318 27 0 3.25
15 7 0 3.5
339 30 0 3.0
291 25 0 3.25
242 27 0 2.5
296 26 0 3.5
32 24 0 2.0
201 0 0 3.25
119 26 0 2.5
326 3 0 3.75
136 11 0 3.25
234 7 0 4.0
130 18 0 2.25
261 10 0 3.0
240 4 0 2.5
132 9 0 3.25
184 26 0 2.25
168 4 0 2.5
356 9 0 2.75
137 23 0 4.0
200 28 0 3.25
303 23 0 3.25
187 16 0 2.75
233 24 0 2.5
216 0 0 2.25
173 12 0 2.0
192 10 0 3.5
116 14 0 2.75
89 8 0 2.0
210 24 0 2.25
11 12 0 3.25
263 2 0 2.0
340 6 0 2.75
48 15 0 2.5
246 14 0 3.0
313 21 0 2.25
201 50 0 2.5
29 28 0 2.0
61 12 0 3.5
257 23 0 4.0
138 14 0 2.75
203 26 0 3.75
174 11 0 3.5
248 12 0 3.25
128 1 0 2.5
182 16 0 2.75
150 16 0 4.0
19 52 0 2.25
66 10 0 2.25
70 2 0 2.75
166 20 0 2.25
301 24 0 3.0
311 9 0 3.5
191 19 0 4.0
62 23 0 3.75
342 14 0 4.0
234 12 0 2.0
163 15 0 3.25
117 5 0 2.0
97 23 0 3.5
136 4 0 2.5
184 1 0 2.75
283 23 0 4.0
312 19 0 3.75
198 27 0 4.0
54 2 0 3.5
89 18 0 3.75
154 26 0 3.0
272 17 0 3.75
142 12 0 2.25
146 14 0 4.0
101 12 0 4.0
318 3 0 4.0
275 15 0 3.0
75 1 0 4.0
193 1 0 4.0
285 18 0 2.5
126 45 0 2.5
128 20 0 2.5
258 15 0 3.5
185 11 0 2.75
2 2 0 3.25
35 15 0 3.75
304 28 0 4.0
247 14 0 3.25
247 17 0 2.75
290 16 0 3.25
338 26 0 2.0
136 28 0 3.5
313 1 0 2.75
40 40 0 4.0
170 9 0 3.75
23 20 0 2.25
96 16 0 2.0
339 24 0 2.25
328 26 0 3.0
145 11 0 3.0
278 17 0 2.25
81 10 0 3.5
160 27 0 2.25
323 30 0 2.5
281 48 0 2.5
114 23 0 3.5
271 2 0 4.0
281 11 0 3.5
251 24 0 2.25
89 57 0 3.25
99 20 0 4.0
240 11 0 3.25
192 14 0 3.5
73 19 0 4.0
265 8 0 3.5
289 14 0 2.75
90 20 0 3.0
236 23 0 3.25
325 1 0 4.0
168 12 0 3.75
88 14 0 3.0
225 11 0 3.0
88 23 0 3.75
348 17 0 3.25
209 28 0 4.0
27 40 0 2.5
251 7 0 4.0
73 29 0 2.5
140 29 0 2.5
198 15 0 2.5
87 1 0 4.0
14 25 0 3.25
16 31 0 3.0
103 25 0 3.0
15 16 0 3.75
88 7 0 2.5
133 22 0 2.25
108 9 0 4.0
198 2 0 3.0
333 15 0 2.75
275 23 0 3.0
341 1 0 2.5
37 17 0 2.5
253 34 0 4.0
253 10 0 2.75
322 52 0 2.75
244 10 0 2.5
71 19 0 3.5
6 8 0 3.0
330 17 0 3.0
55 9 0 2.0
239 25 0 3.25
335 21 0 2.5
239 59 0 2.25
272 18 0 2.0
86 26 0 2.0
3 25 0 3.75
289 20 0 3.5
316 1 0 2.0
295 34 0 3.0
188 20 0 3.25
294 3 0 2.25
50 26 0 2.0
342 38 0 3.75
117 76 0 2.0
223 4 0 2.5
339 1 0 3.5
358 1 0 3.25
347 3 0 4.0
257 10 0 3.25
114 29 0 4.0
163 24 0 2.25
214 26 0 3.25
220 22 0 3.25
69 25 0 2.0
201 21 0 3.25
264 22 0 3.25
183 26 0 2.75
196 14 0 2.25
133 1 0 2.5
210 1 0 2.25
84 12 0 3.25
154 18 0 2.25
187 0 0 3.0
225 6 0 3.75
4 48 0 2.0
250 10 0 3.75
313 10 0 2.0
147 12 0 3.25
173 2 0 2.0
215 26 0 3.75
20 25 0 3.75
51 21 0 2.0
232 7 0 2.0
277 7 0 2.75
0 4 0 4.0
42 5 0 2.25
133 4 0 3.5
226 19 0 2.25
40 1 0 3.75
124 29 0 3.75
104 20 0 2.25
56 10 0 2.0
63 1 0 3.0
80 19 0 2.25
173 4 0 2.75
248 2 0 2.25
106 6 0 3.25
22 23 0 3.25
236 30 0 3.75
106 21 0 2.75
319 19 0 2.25
257 0 0 2.75
212 14 0 3.25
316 29 0 2.0
63 52 0 2.75
136 30 0 2.5
158 26 0 3.75
353 17 0 2.5
268 8 0 2.0
216 19 0 3.0
192 3 0 3.0
122 26 0 3.25
171 12 0 2.0
11 17 0 3.75
229 22 0 3.0
61 4 0 2.75
229 8 0 4.0
332 13 0 4.0
20 13 0 2.25
157 31 0 3.25
354 18 0 2.5
331 22 0 3.5
250 17 0 3.25
353 13 0 2.5
197 1 0 2.75
81 13 0 2.0
213 10 0 2.5
332 25 0 2.25
125 24 0 2.75
86 20 0 2.5
50 30 0 3.5
219 9 0 3.25
350 26 0 2.0
350 0 0 4.0
226 22 0 4.0
16 24 0 3.25
120 21 0 2.75
253 24 0 2.0
100 12 0 2.25
131 25 0 4.0
196 15 0 3.5
177 26 0 2.75
159 22 0 3.0
184 40 0 3.25
242 10 0 3.25
297 2 0 2.0
67 26 0 3.5
211 15 0 3.75
237 0 0 3.75
60 20 0 2.25
146 29 0 3.5
273 18 0 3.25
60 25 0 2.0
15 12 0 4.0
169 23 0 2.75
255 1 0 2.75
226 26 0 2.75
197 10 0 3.0
272 23 0 4.0
143 27 0 3.75
258 27 0 2.0
274 25 0 4.0
340 28 0 4.0
23 39 0 4.0
246 27 0 3.5
300 23 0 3.5
3 12 0 3.25
187 0 0 3.25
233 6 0 2.0
230 15 0 3.5
261 21 0 3.5
323 1 0 3.25
321 15 0 3.25
258 13 0 2.0
80 6 0 3.0
225 11 0 3.75
117 12 0 2.0
330 13 0 2.5
178 6 0 2.25
317 21 0 3.0
281 30 0 2.0
336 25 0 2.25
290 7 0 3.25
4 6 0 2.0
280 12 0 3.75
232 25 0 3.75
70 7 0 3.0
228 15 0 3.75
188 28 0 3.75
21 9 0 2.0
96 28 0 2.25
271 11 0 2.25
106 20 0 3.25
129 21 0 2.25
220 29 0 3.75
253 1 0 3.0
276 55 0 3.75
274 0 0 3.25
265 26 0 3.5
203 10 0 3.75
53 22 0 3.0
220 1 0 2.5
263 45 0 3.0
24 26 0 2.75
4 5 0 2.75
285 2 0 3.75
22 0 0 4.0
32 25 0 2.75
9 4 0 4.0
277 14 0 2.0
229 23 0 3.5
99 14 0 2.25
269 2 0 3.25
350 21 0 2.75
66 55 0 3.0
347 30 0 3.0
302 19 0 2.0
190 2 0 2.5
5 17 0 3.5
56 1 0 4.0
67 4 0 3.75
111 7 0 2.5
51 29 0 3.5
307 28 0 2.5
261 14 0 2.0
354 16 0 3.0
239 9 0 2.0
28 17 0 4.0
184 25 0 2.75
245 14 0 2.5
112 11 0 2.75
233 27 0 2.75
128 29 0 2.0
28 21 0 2.0
200 16 0 2.75
28 17 0 3.0
50 12 0 4.0
98 25 0 3.75
65 28 0 3.5
34 15 0 3.5
335 6 0 3.5
135 22 0 4.0
336 22 0 3.0
127 10 0 4.0
30 23 0 2.75
93 3 0 3.5
43 1 0 2.5
223 1 0 3.75
314 4 0 3.0
250 19 0 3.0
235 17 0 2.0
263 10 0 4.0
298 20 0 2.25
102 11 0 2.5
180 22 0 2.25
54 14 0 3.5
134 30 0 3.0
103 20 0 2.0
199 6 0 3.0
182 53 0 2.25
28 30 0 3.25
110 24 0 3.25
336 23 0 2.75
107 3 0 2.5
104 28 0 4.0
334 23 0 3.25
355 7 0 2.5
157 6 0 3.0
258 24 0 2.75
12 18 0 3.25
157 7 0 2.5
58 11 0 2.0
62 10 0 4.0
344 29 0 3.25
288 19 0 2.5
145 14 0 2.25
341 10 0 3.75
226 16 0 2.5
3 16 0 2.75
205 15 0 3.25
346 23 0 4.0
288 7 0 2.25
277 24 0 3.25
340 7 0 3.25
56 25 0 2.75
0 19 0 4.0
299 29 0 2.5
285 23 0 3.75
136 15 0 2.0
289 6 0 3.5
296 19 0 4.0
16 24 0 2.25
232 30 0 2.0
45 6 0 3.75
67 13 0 2.25
53 11 0 3.25
105 16 0 3.0
18 11 0 2.0
350 8 0 2.75
259 5 0 2.5
90 73 0 2.25
296 30 0 2.75
158 24 0 4.0
339 26 0 2.0
63 60 0 3.25
235 27 0 3.0
165 7 0 2.0
251 3 0 2.5
282 12 0 4.0
299 1 0 2.5
113 10 0 2.5
236 3 0 2.75
8 23 0 2.25
196 8 0 2.25
29 20 0 4.0
106 58 0 3.5
171 22 0 4.0
0 11 0 4.0
104 17 0 4.0
313 18 0 3.25
31 2 0 4.0
145 35 0 2.75
60 20 0 2.0
25 14 0 3.25
358 21 0 4.0
139 0 0 2.0
187 23 0 3.5
147 14 0 3.25
134 19 0 3.25
320 17 0 3.25
261 4 0 3.5
88 35 0 4.0
239 10 0 2.25
169 29 0 3.75
208 15 0 4.0
127 17 0 3.5
344 29 0 3.5
89 12 0 3.25
335 28 0 2.5
263 26 0 3.75
283 24 0 3.0
245 2 0 2.75
139 14 0 2.5
33 18 0 2.5
54 23 0 4.0
98 7 0 2.0
195 26 0 3.0
325 26 0 2.25
317 24 0 3.5
214 12 0 2.25
119 16 0 3.0
353 26 0 2.5
351 17 0 3.5
359 3 0 3.5
260 2 0 2.75
265 15 0 2.75
311 26 0 2.5
216 21 0 3.25
101 8 0 3.0
34 12 0 2.0
73 19 0 3.75
130 19 0 2.5
58 29 0 3.25
322 13 0 2.0
292 27 0 2.0
57 28 0 2.0
126 4 0 3.25
66 3 0 3.25
154 9 0 3.25
264 28 0 2.25
29 22 0 3.5
30 21 0 3.0
65 9 0 2.25
119 25 0 3.0
323 13 0 4.0
278 10 0 3.75
344 16 0 2.25
180 18 0 2.5
65 16 0 3.25
95 10 0 3.75
326 30 0 3.5
176 20 0 2.0
153 10 0 4.0
348 24 0 3.75
359 0 0 2.0
302 31 0 2.5
208 20 0 2.0
214 16 0 2.75
310 1 0 2.25
51 4 0 3.75
88 12 0 3.25
119 6 0 3.25
322 15 0 3.75
54 5 0 2.75
31 1 0 4.0
39 21 0 4.0
284 23 0 2.75
303 25 0 2.5
202 22 0 3.0
21 8 0 2.25
30 7 0 2.25
84 42 0 4.0
103 60 0 2.0
45 24 0 2.75
148 19 0 4.0
90 17 0 2.0
8 6 0 2.25
121 14 0 2.0
256 14 0 3.5
284 4 0 3.75
236 1 0 3.0
71 21 0 3.25
223 19 0 2.5
109 24 0 2.5
111 10 0 4.0
22 11 0 2.5
134 10 0 2.0
257 8 0 2.0
32 24 0 2.25
97 0 0 3.75
210 24 0 2.5
340 0 0 2.0
302 14 0 4.0
256 16 0 4.0
29 9 0 3.75
157 15 0 2.0
163 11 0 4.0
80 6 0 2.5
85 30 0 3.75
140 20 0 3.25
100 10 0 4.0
196 13 0 2.75
100 8 0 2.25
187 4 0 3.0
311 24 0 4.0
227 4 0 3.5
301 24 0 3.5
45 18 0 3.25
143 23 0 2.25
85 5 0 2.25
298 23 0 2.25
275 14 0 2.5
249 16 0 2.0
266 12 0 3.25
265 12 0 2.25
169 8 0 2.0
104 3 0 2.75
97 27 0 3.5
149 11 0 3.5
358 63 0 2.5
219 10 0 3.25
359 26 0 3.0
242 23 0 3.0
1 15 0 3.25
207 28 0 3.5
136 29 0 2.75
70 28 0 3.75
100 12 0 3.5
351 17 0 3.0
179 1 0 2.5
291 1 0 2.5
228 22 0 2.5
82 26 0 2.75
342 18 0 3.5
223 1 0 4.0
231 10 0 3.0
144 5 0 3.5
307 11 0 3.75
230 7 0 2.75
297 20 0 3.75
315 25 0 2.0
233 10 0 2.0
275 25 0 2.5
93 14 0 2.75
119 24 0 3.75
166 8 0 3.0
84 21 0 3.75
23 13 0 3.5
293 22 0 2.25
197 23 0 3.75
223 27 0 2.75
203 6 0 3.0
123 3 0 3.25
24 8 0 4.0
297 16 0 3.5
296 6 0 3.75
218 1 0 2.75
96 27 0 2.25
99 15 0 3.5
278 24 0 3.0
241 17 0 2.75
337 11 0 2.75
60 21 0 3.75
244 14 0 2.5
332 0 0 2.5
121 30 0 3.5
163 26 0 3.5
16 5 0 3.25
261 28 0 3.75
254 19 0 3.75
72 8 0 2.5
141 16 0 2.0
1 10 0 3.75
189 12 0 2.5
153 19 0 2.75
81 62 0 3.5
326 10 0 2.5
287 13 0 2.25
60 12 0 3.25
180 18 0 4.0
155 15 0 2.25
311 22 0 3.0
224 19 0 3.5
185 8 0 3.5
326 1 0 3.25
158 4 0 3.5
240 1 0 2.5
319 30 0 2.25
210 5 0 2.0
137 10 0 2.5
