265 18 0 3.0
280 17 0 4.0
174 12 0 4.0
197 20 0 1.5
91 17 0 1.5
226 11 0 2.75
36 20 0 1.75
152 5 0 2.25
105 9 0 3.25
276 48 0 3.0
264 1 0 2.0
331 2 0 3.75
93 13 0 2.25
342 1 0 2.0
276 5 0 3.25
17 8 0 4.0
36 11 0 1.5
113 3 0 3.0
296 6 0 2.25
319 7 0 2.75
152 4 0 2.0
192 8 0 4.0
201 10 0 2.75
248 1 0 1.75
54 29 0 1.5
11 16 0 3.75
78 20 0 2.75
31 20 0 3.0
216 3 0 3.25
51 13 0 3.75
264 19 0 3.25
337 0 0 2.25
285 1 0 2.75
9 2 0 3.5
144 10 0 3.0
342 4 0 2.0
344 3 0 1.5
42 16 0 2.75
204 1 0 3.75
267 17 0 2.75
137 16 0 3.25
335 32 0 2.0
178 19 0 4.0
347 57 0 4.0
136 7 0 1.75
49 2 0 3.5
44 30 0 2.75
240 10 0 3.0
277 13 0 1.75
162 19 0 2.5
133 16 0 2.0
256 4 0 3.0
182 10 0 2.5
199 42 0 2.25
184 18 0 3.0
227 30 0 1.75
203 30 0 3.0
220 7 0 2.5
48 11 0 3.0
328 19 0 3.5
172 20 0 4.0
248 19 0 3.25
196 4 0 2.0
77 9 0 2.75
2 12 0 3.5
103 7 0 1.5
268 19 0 3.5
83 14 0 3.5
299 11 0 2.0
207 6 0 4.0
289 0 0 3.25
79 4 0 2.5
128 6 0 1.75
120 5 0 1.5
210 9 0 3.25
289 0 0 2.0
313 11 0 1.75
43 10 0 3.0
331 14 0 3.5
14 15 0 3.25
275 0 0 2.75
232 3 0 3.0
56 60 0 3.25
302 6 0 1.5
246 6 0 2.25
118 15 0 2.75
152 5 0 2.75
48 10 0 2.75
40 8 0 2.25
129 19 0 2.75
327 19 0 1.75
34 12 0 3.75
226 6 0 3.5
193 10 0 2.75
262 18 0 2.0
135 57 0 2.0
56 16 0 1.5
55 8 0 1.5
188 4 0 3.75
29 17 0 2.0
135 16 0 2.25
329 15 0 2.5
235 4 0 1.75
180 3 0 2.75
86 20 0 3.75
157 20 0 2.5
210 16 0 4.0
202 0 0 2.0
3 19 0 1.5
161 8 0 1.75
79 3 0 1.75
246 3 0 3.25
100 0 0 4.0
38 16 0 2.0
38 7 0 2.0
23 5 0 2.75
168 12 0 2.0
190 8 0 3.0
144 18 0 2.5
208 31 0 3.0
294 12 0 1.5
47 19 0 2.75
186 5 0 2.0
288 2 0 3.25
28 4 0 3.5
65 6 0 1.5
300 15 0 2.0
2 6 0 3.5
120 5 0 2.0
87 9 0 2.0
268 6 0 2.25
223 1 0 3.25
259 8 0 2.75
295 2 0 3.5
216 9 0 3.0
85 4 0 1.75
47 20 0 3.0
108 6 0 2.25
272 39 0 3.75
344 11 0 3.75
89 6 0 3.0
225 16 0 2.5
188 18 0 4.0
9 9 0 3.5
221 1 0 1.5
338 9 0 3.0
264 18 0 3.0
219 9 0 1.75
87 4 0 2.75
337 2 0 1.75
342 3 0 3.5
352 11 0 4.0
221 3 0 3.0
84 8 0 3.25
75 0 0 3.25
20 4 0 3.5
124 7 0 2.25
272 16 0 3.0
119 11 0 3.0
279 1 0 3.75
229 1 0 1.5
240 13 0 3.0
296 9 0 2.25
27 20 0 1.5
162 7 0 3.25
62 11 0 3.0
167 18 0 3.25
189 5 0 2.25
329 16 0 2.0
183 14 0 2.0
242 18 0 2.0
48 20 0 3.0
239 17 0 3.0
237 16 0 2.75
122 9 0 3.5
315 12 0 2.75
203 10 0 3.0
99 6 0 2.25
197 16 0 2.5
288 8 0 1.5
333 60 0 4.0
176 0 0 2.5
76 10 0 3.0
282 2 0 1.5
221 13 0 3.75
100 13 0 2.5
123 0 0 3.75
34 19 0 3.5
306 17 0 2.25
182 4 0 1.5
273 13 0 1.75
104 16 0 1.75
337 9 0 3.75
299 7 0 3.0
20 1 0 3.5
298 2 0 2.5
251 50 0 2.0
268 15 0 3.25
99 9 0 3.75
92 3 0 3.5
326 19 0 3.0
104 1 0 2.5
149 7 0 3.0
338 16 0 2.0
169 1 0 2.75
317 18 0 2.5
324 2 0 3.75
272 9 0 2.5
65 19 0 2.5
118 17 0 4.0
60 5 0 1.75
40 18 0 1.75
131 2 0 3.25
100 6 0 2.5
80 1 0 3.5
308 17 0 3.25
99 2 0 1.5
298 0 0 1.75
45 14 0 1.75
249 19 0 2.0
97 47 0 3.5
126 5 0 1.5
140 20 0 4.0
356 12 0 1.75
95 6 0 3.25
137 11 0 1.5
260 10 0 2.75
57 3 0 2.25
306 15 0 3.75
197 20 0 2.0
191 6 0 3.0
104 18 0 3.75
187 18 0 3.0
117 12 0 1.75
293 13 0 3.0
26 11 0 2.0
355 14 0 2.5
150 4 0 1.75
173 8 0 2.75
314 4 0 4.0
126 4 0 2.75
177 11 0 4.0
187 19 0 2.25
267 12 0 3.0
76 12 0 3.25
152 14 0 3.5
0 12 0 2.0
87 0 0 3.75
13 20 0 1.75
141 2 0 3.75
60 13 0 2.25
194 15 0 2.25
210 0 0 1.5
92 9 0 3.25
70 45 0 3.5
165 11 0 1.5
163 17 0 3.0
291 16 0 4.0
120 13 0 3.75
357 15 0 3.5
8 12 0 2.5
86 19 0 2.25
231 16 0 3.75
58 4 0 3.75
255 15 0 2.5
161 15 0 3.5
13 4 0 1.75
283 16 0 3.75
101 1 0 3.25
223 3 0 3.0
313 14 0 2.25
275 8 0 3.5
269 79 0 4.0
189 15 0 2.25
338 19 0 2.25
230 2 0 3.5
114 6 0 2.25
250 5 0 3.0
243 3 0 2.75
163 20 0 1.75
248 6 0 1.5
195 10 0 3.25
59 12 0 3.0
241 10 0 2.5
136 6 0 4.0
267 5 0 3.5
91 46 0 3.75
254 1 0 3.75
80 11 0 1.75
29 15 0 1.75
119 15 0 3.0
57 8 0 4.0
160 19 0 3.75
249 54 0 3.25
268 18 0 2.5
3 50 0 1.75
202 16 0 1.5
44 4 0 1.5
14 13 0 2.5
67 5 0 1.5
331 2 0 2.5
246 19 0 2.25
270 7 0 1.5
8 7 0 2.75
342 15 0 2.5
111 14 0 3.5
141 8 0 2.5
304 31 0 3.75
249 7 0 2.75
195 6 0 3.5
229 8 0 2.0
37 2 0 2.25
13 32 0 2.25
241 13 0 3.75
131 1 0 3.0
39 14 0 4.0
206 4 0 1.75
145 18 0 3.75
127 15 0 3.75
135 19 0 1.5
230 17 0 3.0
295 10 0 2.25
169 42 0 2.25
22 10 0 4.0
76 2 0 4.0
229 3 0 4.0
34 10 0 4.0
224 10 0 3.0
255 20 0 2.75
272 20 0 3.75
114 9 0 2.75
218 6 0 3.5
82 5 0 1.5
244 23 0 4.0
42 17 0 1.5
181 12 0 2.25
152 12 0 2.0
119 13 0 2.75
65 3 0 3.5
200 7 0 2.25
248 34 0 2.5
352 10 0 3.25
211 1 0 1.75
111 15 0 2.0
225 15 0 1.75
30 16 0 2.25
32 3 0 3.0
208 3 0 4.0
346 0 0 3.25
44 4 0 2.5
215 14 0 3.25
299 12 0 3.0
80 55 0 4.0
15 10 0 3.25
238 2 0 2.5
154 3 0 3.5
327 29 0 3.5
302 2 0 3.75
332 19 0 2.0
57 7 0 3.0
52 1 0 1.5
326 10 0 1.75
114 12 0 2.25
264 7 0 2.25
242 7 0 2.0
350 6 0 2.25
106 19 0 2.5
233 20 0 3.75
41 12 0 2.25
272 0 0 2.25
106 10 0 2.75
353 10 0 3.75
10 6 0 2.75
347 0 0 4.0
154 0 0 3.5
220 6 0 3.25
11 19 0 2.25
181 8 0 3.0
115 14 0 3.25
271 0 0 1.5
220 11 0 3.75
277 4 0 3.0
261 1 0 1.5
156 13 0 3.0
98 13 0 1.5
88 16 0 3.5
168 16 0 2.25
349 9 0 2.0
193 17 0 1.75
233 9 0 3.25
239 16 0 3.5
350 9 0 2.25
15 8 0 3.5
265 12 0 3.5
82 14 0 3.0
157 2 0 3.25
299 8 0 2.0
233 16 0 3.5
265 9 0 3.25
259 15 0 3.75
49 17 0 4.0
322 7 0 1.5
263 10 0 2.5
58 10 0 3.0
137 2 0 2.25
296 14 0 3.5
253 17 0 4.0
219 3 0 3.0
210 16 0 3.0
248 3 0 3.5
351 9 0 3.25
326 13 0 4.0
35 20 0 2.75
190 2 0 2.0
100 12 0 3.0
117 11 0 3.75
96 5 0 1.5
296 11 0 2.0
9 6 0 3.75
229 0 0 2.5
150 5 0 3.25
134 3 0 1.5
187 0 0 4.0
254 0 0 1.5
114 20 0 4.0
305 14 0 2.75
188 8 0 3.0
295 59 0 2.0
359 13 0 3.5
192 5 0 3.5
87 50 0 2.25
207 11 0 2.75
293 11 0 3.0
94 0 0 3.0
249 3 0 3.5
188 5 0 1.75
124 10 0 3.0
151 12 0 2.75
84 9 0 3.25
112 0 0 2.75
238 16 0 2.25
121 8 0 3.25
308 8 0 3.75
40 1 0 2.5
56 10 0 2.5
188 14 0 1.5
65 9 0 2.25
210 16 0 3.5
115 17 0 3.0
190 9 0 2.0
280 33 0 1.75
314 13 0 1.5
137 0 0 1.75
50 14 0 3.0
152 7 0 2.75
267 43 0 3.0
177 55 0 2.5
124 20 0 2.75
113 13 0 3.0
326 6 0 2.5
249 3 0 2.25
38 12 0 3.25
21 14 0 2.5
0 6 0 1.5
172 3 0 2.75
102 15 0 4.0
280 18 0 1.5
81 2 0 3.25
129 18 0 1.5
112 0 0 1.5
185 39 0 3.75
68 0 0 2.5
109 4 0 3.75
140 18 0 3.0
221 3 0 2.0
161 12 0 2.5
276 45 0 2.0
159 8 0 3.25
216 8 0 3.5
2 51 0 3.5
145 4 0 2.0
84 6 0 2.75
197 18 0 4.0
306 9 0 1.5
311 16 0 2.0
347 17 0 1.75
182 4 0 2.75
310 51 0 3.25
337 3 0 1.75
280 16 0 1.75
122 1 0 1.5
50 5 0 4.0
71 3 0 3.75
102 11 0 3.75
139 12 0 4.0
32 6 0 1.75
7 18 0 2.75
349 11 0 2.25
107 4 0 2.5
42 14 0 1.75
353 1 0 2.5
356 3 0 4.0
279 18 0 3.25
229 4 0 3.25
229 17 0 3.25
129 7 0 2.0
188 10 0 2.75
227 2 0 4.0
230 12 0 1.5
265 16 0 3.5
1 10 0 3.5
81 4 0 1.75
84 0 0 3.75
317 10 0 3.75
337 61 0 2.25
136 6 0 3.75
140 14 0 3.5
100 51 0 3.5
186 1 0 3.0
184 20 0 1.5
168 28 0 2.5
285 4 0 2.25
260 20 0 2.0
325 2 0 2.0
112 2 0 1.5
25 5 0 1.5
146 4 0 3.25
316 13 0 2.25
168 12 0 1.5
106 20 0 1.75
290 13 0 2.75
71 6 0 3.5
342 8 0 3.75
282 14 0 2.25
58 16 0 2.0
194 34 0 3.0
168 19 0 2.5
43 0 0 3.75
346 4 0 2.75
39 16 0 3.75
259 12 0 1.5
48 1 0 1.5
312 17 0 2.0
280 3 0 1.5
156 12 0 2.0
109 5 0 4.0
64 8 0 3.5
276 37 0 4.0
275 20 0 3.25
12 10 0 3.75
270 3 0 1.5
80 18 0 2.75
118 12 0 1.75
318 45 0 1.5
201 15 0 3.0
41 10 0 3.75
208 7 0 3.5
281 18 0 1.75
146 12 0 3.75
328 4 0 3.5
237 1 0 3.75
79 7 0 1.75
328 11 0 3.75
159 11 0 3.0
40 12 0 1.75
29 5 0 3.25
121 17 0 2.25
313 13 0 2.5
237 17 0 3.25
312 47 0 3.5
3 8 0 2.0
328 13 0 1.5
322 45 0 2.75
230 5 0 2.75
4 15 0 1.75
179 14 0 3.0
39 10 0 2.5
99 6 0 3.75
212 2 0 1.5
223 15 0 3.5
222 16 0 2.75
157 11 0 2.25
149 11 0 2.5
285 20 0 2.5
247 10 0 2.5
72 10 0 2.0
245 20 0 4.0
100 19 0 1.75
308 8 0 2.25
38 9 0 2.75
234 20 0 4.0
148 4 0 4.0
253 20 0 2.25
357 13 0 3.5
266 6 0 3.5
342 5 0 2.75
171 30 0 1.5
182 13 0 4.0
276 6 0 2.0
39 0 0 3.0
40 18 0 3.5
200 3 0 2.75
355 60 0 1.75
317 15 0 1.75
171 15 0 2.0
266 10 0 1.75
336 17 0 2.5
354 10 0 1.5
224 5 0 2.75
162 12 0 1.75
37 3 0 4.0
247 0 0 4.0
345 20 0 3.75
9 15 0 2.0
196 18 0 3.5
284 10 0 4.0
160 31 0 2.0
84 20 0 2.75
30 13 0 4.0
49 7 0 2.5
237 5 0 2.75
207 52 0 4.0
290 3 0 3.5
262 14 0 3.25
114 59 0 3.25
58 9 0 2.5
140 40 0 2.25
306 19 0 3.0
151 9 0 2.25
173 26 0 3.25
131 1 0 1.5
103 5 0 4.0
241 6 0 2.75
218 33 0 1.75
13 1 0 3.0
68 11 0 2.75
89 7 0 3.5
252 19 0 1.75
79 18 0 2.25
5 2 0 2.0
199 12 0 4.0
165 0 0 3.25
99 12 0 1.75
7 5 0 2.25
232 12 0 3.75
226 3 0 2.75
70 11 0 2.25
256 0 0 2.0
358 20 0 3.25
193 11 0 1.75
100 5 0 2.0
211 12 0 3.0
320 3 0 4.0
325 11 0 3.0
266 16 0 1.75
250 14 0 2.0
200 15 0 1.75
2 18 0 3.0
276 19 0 2.5
264 10 0 2.5
9 17 0 2.75
158 3 0 2.75
274 12 0 2.75
79 20 0 4.0
140 12 0 3.75
324 0 0 1.75
70 16 0 3.5
287 11 0 4.0
24 16 0 3.0
266 20 0 3.25
221 6 0 1.5
17 5 0 3.0
190 16 0 1.75
15 7 0 3.25
190 10 0 1.75
34 16 0 3.75
47 10 0 3.5
136 3 0 1.5
352 0 0 3.25
325 10 0 1.75
122 18 0 4.0
121 2 0 2.0
0 8 0 3.0
103 9 0 3.75
157 3 0 3.0
157 11 0 2.0
235 52 0 4.0
213 10 0 1.5
111 14 0 2.75
124 3 0 3.25
152 21 0 2.75
299 2 0 2.25
10 20 0 3.25
332 17 0 3.25
208 8 0 3.0
104 17 0 1.5
199 1 0 3.0
178 7 0 3.5
351 12 0 3.25
107 12 0 3.75
337 13 0 2.25
14 6 0 2.5
234 1 0 1.75
7 17 0 1.75
50 11 0 3.75
356 12 0 4.0
308 18 0 3.5
86 17 0 3.5
189 9 0 3.75
239 8 0 3.0
104 7 0 3.75
294 18 0 3.0
204 16 0 3.75
180 16 0 1.75
101 14 0 3.0
165 4 0 2.5
253 1 0 2.0
86 18 0 2.25
287 17 0 3.25
97 6 0 3.75
101 18 0 3.0
157 1 0 1.75
182 7 0 3.0
42 2 0 1.5
195 14 0 3.75
196 0 0 4.0
282 17 0 1.75
252 11 0 2.25
141 17 0 3.0
121 18 0 3.0
114 37 0 3.5
113 7 0 4.0
198 5 0 3.25
185 11 0 1.75
38 4 0 2.0
235 4 0 2.5
206 2 0 2.75
105 4 0 4.0
35 5 0 3.75
25 18 0 2.25
186 3 0 3.0
14 18 0 2.5
272 5 0 1.75
118 2 0 2.0
60 11 0 2.75
139 11 0 2.0
101 2 0 3.5
205 16 0 3.75
111 3 0 3.25
102 13 0 3.75
241 6 0 1.5
298 1 0 1.5
286 0 0 1.5
177 0 0 2.5
221 5 0 1.5
256 14 0 3.0
247 8 0 1.75
259 12 0 2.75
270 12 0 3.5
16 1 0 3.25
274 51 0 2.0
173 10 0 2.0
81 19 0 2.75
17 13 0 3.5
19 11 0 2.25
119 12 0 3.25
292 54 0 2.0
33 34 0 1.5
293 11 0 1.75
150 17 0 3.5
312 49 0 2.75
328 13 0 2.75
258 20 0 4.0
85 15 0 3.25
151 2 0 2.0
217 8 0 1.75
82 15 0 2.0
90 1 0 4.0
204 9 0 2.5
158 11 0 1.75
62 9 0 3.25
115 13 0 3.75
17 11 0 3.25
275 17 0 3.5
353 19 0 2.75
72 10 0 1.5
146 6 0 2.75
207 10 0 4.0
146 17 0 2.0
127 15 0 3.25
238 0 0 2.5
191 4 0 3.75
263 15 0 1.5
103 15 0 2.25
52 15 0 2.75
242 50 0 1.5
63 8 0 2.75
295 2 0 2.25
230 9 0 2.75
244 13 0 4.0
262 4 0 1.75
37 2 0 1.75
321 4 0 4.0
3 0 0 3.5
2 4 0 2.25
187 14 0 3.75
329 3 0 2.0
291 19 0 4.0
357 12 0 3.0
189 8 0 2.0
67 5 0 1.75
296 17 0 1.75
232 5 0 2.25
283 17 0 3.75
1 11 0 3.0
274 9 0 1.5
273 11 0 3.5
76 10 0 2.5
73 12 0 2.75
98 5 0 2.25
50 5 0 3.5
200 10 0 2.25
137 18 0 1.75
68 13 0 1.5
61 52 0 2.25
74 15 0 3.5
271 24 0 4.0
39 2 0 3.5
25 17 0 3.25
75 26 0 2.75
57 19 0 2.5
66 58 0 3.75
89 13 0 2.5
35 63 0 3.0
36 18 0 2.25
51 6 0 2.5
70 19 0 1.5
127 74 0 1.5
44 16 0 2.25
61 5 0 1.75
288 15 0 1.5
50 9 0 4.0
141 5 0 3.0
210 16 0 3.75
331 4 0 1.5
83 0 0 3.0
273 3 0 4.0
163 3 0 2.0
81 4 0 3.0
238 12 0 2.75
295 8 0 3.75
188 1 0 2.0
345 2 0 1.75
129 6 0 2.75
148 9 0 3.75
143 79 0 1.75
81 11 0 2.5
131 42 0 1.5
230 19 0 1.5
330 17 0 3.25
221 14 0 2.25
248 0 0 1.75
199 59 0 2.25
107 20 0 2.25
2 19 0 3.25
283 17 0 3.0
73 17 0 1.5
195 16 0 4.0
199 15 0 3.25
283 18 0 2.75
339 3 0 3.75
126 16 0 3.25
13 16 0 2.25
246 9 0 2.75
250 4 0 3.5
69 19 0 3.75
294 3 0 1.75
17 18 0 4.0
140 1 0 2.5
75 0 0 2.75
68 16 0 3.25
208 16 0 2.75
100 15 0 2.5
342 14 0 2.0
177 19 0 2.75
24 7 0 2.25
197 6 0 2.25
148 1 0 3.0
218 17 0 4.0
303 3 0 2.5
108 4 0 2.0
8 8 0 2.25
23 17 0 4.0
69 14 0 3.25
22 3 0 2.0
210 9 0 2.25
131 5 0 4.0
183 6 0 4.0
37 14 0 2.25
26 19 0 1.5
193 15 0 3.25
146 64 0 2.0
222 5 0 3.75
22 5 0 2.5
324 9 0 2.75
207 10 0 3.0
161 19 0 1.5
235 20 0 3.25
323 15 0 3.25
171 3 0 3.25
148 9 0 1.5
76 1 0 2.0
25 8 0 3.25
232 12 0 2.75
97 15 0 4.0
108 1 0 2.25
37 16 0 4.0
312 2 0 2.75
53 1 0 2.0
133 39 0 2.0
14 18 0 2.0
243 1 0 2.0
111 11 0 3.5
172 13 0 3.0
21 60 0 3.25
336 15 0 3.25
322 2 0 1.5
280 6 0 3.0
19 19 0 1.75
173 16 0 3.0
63 19 0 2.5
171 2 0 4.0
293 60 0 3.5
286 16 0 1.75
197 20 0 2.25
228 18 0 3.75
43 6 0 3.75
99 0 0 3.25
244 12 0 3.25
196 9 0 3.25
250 7 0 3.0
143 10 0 3.0
206 1 0 2.0
39 9 0 2.0
356 14 0 3.0
269 3 0 1.75
305 2 0 1.5
207 13 0 3.25
61 18 0 3.25
252 15 0 1.75
99 40 0 2.0
122 15 0 4.0
89 9 0 2.25
342 14 0 4.0
204 9 0 3.0
206 1 0 2.5
239 20 0 4.0
48 2 0 3.25
96 0 0 2.5
210 14 0 1.5
261 7 0 1.75
158 6 0 3.5
327 6 0 2.25
237 0 0 1.5
339 18 0 3.0
327 13 0 3.75
131 0 0 3.0
24 10 0 4.0
307 40 0 1.5
80 9 0 3.75
315 7 0 3.5
105 17 0 2.25
269 3 0 2.5
141 16 0 3.0
315 12 0 2.25
289 14 0 3.75
63 3 0 2.25
3 1 0 1.75
289 8 0 3.75
227 5 0 3.0
87 59 0 4.0
208 0 0 3.0
345 10 0 4.0
0 20 0 3.75
54 1 0 3.75
359 6 0 2.75
121 48 0 3.0
222 18 0 1.5
137 59 0 2.5
342 7 0 4.0
240 17 0 3.75
296 13 0 3.75
56 7 0 3.5
189 15 0 3.0
307 18 0 3.25
169 0 0 3.0
214 12 0 2.75
20 13 0 2.5
338 7 0 3.5
83 19 0 3.0
83 10 0 2.75
220 17 0 4.0
335 15 0 2.75
11 0 0 2.5
301 9 0 2.25
14 17 0 2.5
219 2 0 1.75
174 11 0 1.75
223 7 0 1.5
261 43 0 2.25
209 20 0 2.5
244 3 0 3.0
332 13 0 1.75
216 5 0 2.75
57 7 0 2.0
343 17 0 3.0
83 17 0 2.25
152 19 0 2.5
165 15 0 1.5
103 5 0 2.0
315 28 0 3.5
225 13 0 3.75
271 12 0 2.0
323 5 0 2.25
61 2 0 1.75
58 14 0 3.0
0 19 0 4.0
208 9 0 3.5
234 20 0 3.75
229 9 0 3.75
208 5 0 3.75
29 11 0 3.0
359 2 0 2.5
216 4 0 3.5
88 66 0 2.75
331 24 0 3.0
161 56 0 3.25
198 6 0 1.75
133 5 0 2.0
262 59 0 1.75
33 15 0 3.5
320 13 0 3.0
66 0 0 3.25
129 18 0 2.5
111 14 0 1.75
293 14 0 4.0
28 16 0 2.5
168 44 0 2.5
56 18 0 1.5
120 14 0 1.75
316 18 0 3.75
81 20 0 2.0
144 6 0 1.75
358 38 0 3.75
243 12 0 4.0
151 9 0 3.0
257 8 0 3.5
141 18 0 2.0
237 9 0 2.5
159 15 0 3.75
329 41 0 3.5
345 7 0 3.5
150 18 0 1.5
4 6 0 1.75
245 4 0 3.75
357 19 0 1.5
20 17 0 2.75
75 0 0 3.5
40 16 0 4.0
196 18 0 2.0
340 15 0 3.75
213 10 0 2.5
283 0 0 3.25
118 45 0 4.0
313 13 0 2.75
69 14 0 3.5
228 3 0 4.0
227 18 0 2.75
350 13 0 2.25
316 8 0 4.0
108 78 0 3.25
82 14 0 3.5
138 54 0 1.5
149 12 0 3.5
151 18 0 1.5
131 11 0 1.75
153 13 0 1.5
358 0 0 3.0
305 8 0 2.0
225 5 0 1.5
127 30 0 2.75
155 10 0 1.75
358 9 0 3.75
287 14 0 3.75
253 5 0 3.75
142 19 0 3.75
35 13 0 2.75
202 5 0 3.0
248 13 0 2.5
57 1 0 2.25
137 8 0 1.75
253 6 0 3.75
134 2 0 2.5
117 18 0 1.75
27 35 0 3.75
132 0 0 3.25
5 6 0 3.75
165 11 0 4.0
143 28 0 3.25
178 0 0 3.75
43 23 0 3.25
105 10 0 3.75
343 9 0 2.5
92 1 0 1.5
307 20 0 2.5
227 12 0 2.5
255 14 0 1.75
86 1 0 2.0
217 4 0 3.0
335 47 0 1.75
104 8 0 2.5
283 12 0 2.0
45 18 0 1.75
295 51 0 3.25
352 5 0 1.75
287 15 0 2.75
24 1 0 3.0
258 17 0 2.25
25 40 0 3.75
16 18 0 3.75
339 12 0 3.25
243 20 0 1.5
313 15 0 2.75
217 15 0 2.5
40 7 0 2.75
222 1 0 2.0
17 14 0 2.5
289 7 0 2.5
258 8 0 2.5
296 9 0 3.25
263 11 0 2.0
325 3 0 2.0
275 3 0 4.0
358 1 0 3.5
315 8 0 3.75
123 9 0 3.25
155 5 0 4.0
21 5 0 4.0
117 7 0 2.75
130 20 0 2.0
162 4 0 2.75
200 16 0 1.75
14 7 0 1.5
293 15 0 3.25
131 20 0 2.0
119 10 0 3.25
70 19 0 3.25
144 18 0 2.75
328 12 0 3.75
338 7 0 1.5
238 7 0 3.5
156 10 0 2.5
218 8 0 2.25
100 18 0 2.0
131 13 0 2.75
145 1 0 4.0
169 3 0 2.0
348 12 0 3.25
160 14 0 1.75
182 17 0 1.5
163 0 0 2.75
151 6 0 1.75
126 13 0 3.5
323 5 0 2.5
207 13 0 2.25
65 11 0 2.0
169 12 0 2.25
9 19 0 2.5
182 5 0 3.0
200 8 0 3.75
282 32 0 2.25
145 8 0 3.5
280 19 0 2.25
211 13 0 3.25
166 2 0 4.0
170 16 0 2.5
326 48 0 1.5
243 15 0 3.0
54 9 0 4.0
209 0 0 2.25
264 5 0 3.25
270 10 0 2.75
287 18 0 2.5
58 17 0 2.25
161 7 0 2.25
154 4 0 2.75
73 8 0 2.5
341 19 0 1.5
254 32 0 3.0
219 24 0 1.5
143 2 0 3.0
162 2 0 3.25
33 4 0 2.75
167 8 0 3.5
63 17 0 1.75
79 9 0 3.25
267 19 0 2.5
259 18 0 2.75
110 13 0 1.5
151 1 0 2.5
138 13 0 1.5
153 10 0 3.25
149 2 0 3.25
44 13 0 1.75
96 18 0 2.0
93 16 0 3.5
96 10 0 2.0
305 6 0 3.25
119 1 0 3.0
57 16 0 3.0
250 30 0 2.25
203 8 0 2.0
299 13 0 2.75
189 2 0 3.5
165 8 0 3.5
22 5 0 3.5
123 16 0 2.0
160 6 0 3.25
308 0 0 2.5
145 1 0 3.0
148 9 0 4.0
70 2 0 2.5
184 3 0 4.0
93 10 0 3.75
135 8 0 2.5
182 0 0 3.75
349 6 0 2.0
172 13 0 2.25
344 17 0 3.5
179 14 0 2.0
155 20 0 4.0
297 74 0 3.0
197 14 0 4.0
138 10 0 3.5
293 18 0 3.25
319 6 0 2.25
136 17 0 2.75
72 14 0 2.25
284 20 0 1.5
219 10 0 2.5
288 11 0 1.75
261 20 0 2.0
345 12 0 2.25
254 6 0 2.0
298 3 0 2.0
128 4 0 4.0
233 1 0 3.0
169 11 0 3.5
296 1 0 4.0
171 14 0 2.25
121 15 0 3.5
335 9 0 3.75
46 2 0 2.25
18 1 0 2.5
274 8 0 1.75
173 12 0 2.25
22 9 0 1.5
213 17 0 1.75
319 9 0 2.5
44 3 0 1.5
184 6 0 2.5
2 11 0 2.75
287 20 0 3.0
131 13 0 4.0
157 18 0 1.75
284 18 0 2.0
59 10 0 3.75
135 11 0 2.0
144 0 0 3.5
303 14 0 1.5
7 3 0 2.0
332 19 0 2.5
154 13 0 4.0
39 1 0 3.25
159 64 0 2.75
355 6 0 2.5
4 6 0 3.5
260 16 0 4.0
323 6 0 3.0
236 8 0 3.5
136 16 0 2.75
236 5 0 2.5
63 20 0 2.5
350 11 0 3.25
298 19 0 1.75
199 21 0 2.75
348 17 0 1.5
217 20 0 3.75
146 3 0 3.5
140 5 0 3.0
219 4 0 3.25
163 3 0 2.75
165 3 0 2.75
105 5 0 2.25
168 15 0 3.75
91 14 0 2.75
146 4 0 3.5
177 13 0 3.25
247 7 0 2.75
55 8 0 2.0
227 11 0 3.75
279 61 0 1.5
312 5 0 1.5
133 13 0 3.25
344 54 0 3.75
163 16 0 3.75
195 7 0 1.75
152 3 0 2.25
258 14 0 3.0
268 0 0 2.75
156 33 0 3.0
105 8 0 2.0
295 18 0 2.0
315 8 0 2.5
232 10 0 1.75
201 1 0 1.5
287 5 0 2.0
261 9 0 3.5
88 17 0 3.0
72 4 0 2.25
8 3 0 4.0
250 6 0 2.0
164 39 0 1.75
12 12 0 3.0
257 17 0 3.0
286 7 0 3.0
258 2 0 3.25
195 14 0 3.0
22 8 0 2.25
260 38 0 3.0
246 14 0 1.75
104 20 0 2.75
146 18 0 2.0
245 13 0 2.0
131 6 0 2.75
246 3 0 2.5
319 16 0 2.0
337 13 0 3.5
226 16 0 1.75
232 1 0 2.0
183 1 0 2.75
12 12 0 3.75
259 12 0 2.0
329 12 0 3.0
205 6 0 1.5
118 13 0 3.75
357 18 0 4.0
89 19 0 2.75
162 44 0 1.75
205 1 0 3.0
166 7 0 1.5
155 19 0 1.75
101 11 0 1.75
79 1 0 1.75
103 15 0 1.75
49 16 0 3.5
185 49 0 2.75
354 5 0 3.0
32 12 0 3.25
255 7 0 3.25
116 11 0 3.25
312 2 0 2.5
3 9 0 3.75
313 36 0 2.75
39 6 0 2.5
77 11 0 1.5
109 14 0 1.5
40 14 0 2.75
213 17 0 3.25
336 0 0 4.0
225 1 0 2.0
116 1 0 3.75
22 5 0 3.75
324 7 0 2.0
287 16 0 2.0
271 2 0 2.75
204 0 0 1.75
340 15 0 2.0
184 11 0 2.5
228 8 0 4.0
32 5 0 2.0
39 17 0 3.25
258 19 0 3.75
206 0 0 2.25
84 9 0 3.75
279 9 0 3.75
224 8 0 2.0
329 3 0 2.75
111 2 0 2.0
273 1 0 2.5
110 17 0 2.75
57 18 0 3.5
155 1 0 2.0
282 12 0 3.75
115 20 0 4.0
100 74 0 1.5
250 1 0 3.5
254 7 0 1.75
100 4 0 3.25
300 0 0 2.75
222 2 0 2.75
344 8 0 3.5
304 10 0 3.75
20 10 0 2.25
251 12 0 2.0
255 57 0 2.5
249 19 0 2.25
109 12 0 1.5
209 9 0 3.25
244 7 0 4.0
314 10 0 4.0
172 32 0 3.25
45 19 0 4.0
285 15 0 2.25
46 10 0 3.5
292 7 0 2.25
14 40 0 2.5
277 10 0 1.5
256 5 0 2.5
285 20 0 2.75
175 12 0 2.75
306 7 0 3.5
291 20 0 1.75
303 0 0 2.75
187 17 0 2.5
221 11 0 3.0
217 12 0 3.25
57 37 0 4.0
297 16 0 1.75
97 18 0 3.5
195 9 0 3.75
48 17 0 2.5
191 26 0 1.5
77 19 0 2.5
331 10 0 2.25
133 20 0 3.0
34 18 0 2.0
88 2 0 3.5
104 17 0 4.0
56 5 0 2.0
264 6 0 1.75
54 5 0 2.25
128 20 0 3.5
34 18 0 4.0
314 8 0 4.0
101 17 0 4.0
47 15 0 3.25
37 18 0 2.0
150 12 0 1.5
229 12 0 3.0
61 17 0 2.5
6 5 0 2.0
125 1 0 2.75
81 13 0 3.75
333 20 0 3.75
43 1 0 1.5
17 10 0 2.5
295 22 0 3.75
8 5 0 1.5
355 15 0 2.5
253 11 0 1.75
94 42 0 2.5
194 9 0 3.5
330 2 0 3.0
331 19 0 3.0
161 18 0 2.25
46 3 0 3.75
128 7 0 3.5
283 48 0 2.25
299 16 0 2.0
240 11 0 2.5
227 7 0 2.0
131 8 0 1.75
145 16 0 2.75
292 16 0 2.75
311 9 0 2.0
167 13 0 1.5
133 20 0 2.25
159 1 0 2.25
347 15 0 3.75
147 11 0 2.0
288 1 0 2.0
153 11 0 2.5
161 12 0 3.0
230 0 0 2.0
91 9 0 4.0
123 7 0 4.0
70 7 0 2.0
259 12 0 3.5
332 3 0 1.5
232 9 0 2.25
84 1 0 2.25
133 18 0 1.5
50 1 0 2.75
94 3 0 3.0
270 14 0 1.5
299 18 0 2.25
85 6 0 2.0
32 15 0 2.0
260 6 0 4.0
96 34 0 1.5
161 2 0 3.75
54 12 0 2.25
167 5 0 2.0
270 12 0 3.75
126 4 0 2.0
231 20 0 2.75
282 4 0 3.0
42 16 0 3.0
340 14 0 1.75
43 3 0 1.75
117 5 0 2.25
130 0 0 3.5
279 14 0 1.75
56 59 0 2.75
350 58 0 2.75
136 58 0 1.5
204 5 0 2.25
220 7 0 4.0
127 7 0 3.75
96 5 0 3.25
44 14 0 4.0
351 4 0 2.75
149 16 0 2.0
2 17 0 4.0
142 1 0 3.0
246 8 0 3.75
129 55 0 2.75
238 14 0 1.5
113 17 0 3.0
159 7 0 1.75
304 18 0 3.25
351 17 0 2.5
281 11 0 2.25
286 3 0 2.25
261 3 0 3.0
75 5 0 1.75
220 14 0 3.5
185 17 0 3.0
213 17 0 3.75
274 12 0 4.0
26 14 0 2.25
228 4 0 3.25
239 19 0 2.5
7 0 0 3.75
264 53 0 2.0
209 10 0 2.5
94 1 0 3.25
343 6 0 1.5
195 15 0 1.5
239 1 0 1.5
115 15 0 2.0
144 20 0 2.5
308 13 0 3.5
188 18 0 3.25
349 20 0 2.5
254 14 0 3.5
27 12 0 4.0
93 17 0 2.0
331 3 0 2.0
277 4 0 2.5
226 10 0 4.0
281 17 0 4.0
195 6 0 1.5
166 21 0 3.0
299 7 0 1.75
62 0 0 3.25
242 14 0 3.25
12 0 0 1.5
98 58 0 4.0
255 18 0 3.5
356 10 0 2.75
299 4 0 2.5
229 14 0 4.0
302 5 0 3.0
31 7 0 2.25
143 17 0 3.25
320 1 0 3.25
325 23 0 3.75
350 19 0 2.75
328 7 0 3.5
211 13 0 3.0
52 15 0 2.5
347 11 0 2.0
168 8 0 3.0
179 16 0 1.75
38 7 0 3.75
313 5 0 2.0
171 10 0 3.0
335 0 0 4.0
317 1 0 2.5
139 17 0 3.0
315 20 0 2.5
105 10 0 1.5
133 17 0 3.75
117 19 0 3.25
182 8 0 2.5
338 15 0 3.0
269 12 0 3.75
91 5 0 4.0
112 20 0 2.25
12 19 0 1.5
312 2 0 3.25
59 6 0 2.75
321 13 0 2.5
161 31 0 3.5
171 6 0 3.25
5 0 0 3.75
199 19 0 2.75
244 6 0 1.75
67 7 0 1.75
251 4 0 4.0
69 19 0 3.25
245 1 0 1.5
210 18 0 2.0
193 1 0 3.0
132 18 0 1.75
40 57 0 1.5
19 19 0 2.0
58 5 0 1.5
225 10 0 1.5
156 11 0 2.25
261 50 0 4.0
152 15 0 1.75
150 13 0 3.5
342 24 0 3.0
0 19 0 3.5
329 7 0 2.25
70 5 0 3.75
1 10 0 2.25
338 3 0 3.0
79 4 0 1.5
169 7 0 2.25
22 14 0 3.5
101 12 0 4.0
227 21 0 3.75
113 8 0 2.25
211 4 0 2.0
84 0 0 3.25
255 16 0 2.5
160 16 0 2.25
224 2 0 3.0
298 0 0 3.0
111 13 0 3.25
315 12 0 1.5
196 17 0 3.0
305 16 0 2.5
247 5 0 3.5
299 11 0 3.0
72 3 0 3.25
170 18 0 1.75
232 17 0 3.75
228 12 0 1.75
25 4 0 1.75
287 19 0 3.25
173 3 0 3.0
257 15 0 3.5
24 18 0 2.75
174 12 0 2.0
134 16 0 2.0
60 12 0 3.5
20 13 0 3.75
167 3 0 2.75
170 8 0 3.25
67 20 0 4.0
316 8 0 2.25
338 4 0 2.25
294 19 0 3.0
251 6 0 3.25
274 17 0 3.5
282 12 0 4.0
299 11 0 3.25
343 6 0 2.25
94 13 0 4.0
126 7 0 1.75
353 2 0 3.25
21 16 0 1.75
331 6 0 3.25
15 19 0 2.75
91 18 0 3.5
77 16 0 3.75
6 19 0 2.75
321 4 0 3.25
91 0 0 3.75
255 11 0 2.5
300 18 0 2.75
267 11 0 2.25
148 11 0 4.0
311 20 0 1.75
162 3 0 3.25
148 8 0 3.0
122 3 0 2.25
280 58 0 3.0
95 0 0 3.75
91 0 0 3.0
236 10 0 3.0
355 4 0 3.75
25 16 0 2.25
58 15 0 4.0
72 30 0 2.5
343 7 0 3.5
287 11 0 1.5
123 32 0 3.75
35 16 0 3.5
80 15 0 1.5
3 5 0 3.0
92 5 0 3.5
7 7 0 4.0
7 9 0 3.5
60 20 0 2.75
79 20 0 2.25
118 20 0 3.25
209 59 0 2.5
331 6 0 3.75
313 13 0 1.75
351 25 0 4.0
241 31 0 1.75
119 46 0 3.0
55 6 0 1.75
307 12 0 1.5
122 0 0 1.75
2 19 0 3.5
92 4 0 3.0
316 4 0 3.0
318 10 0 2.5
286 60 0 1.5
355 55 0 4.0
227 5 0 3.25
125 22 0 2.0
197 9 0 1.75
341 7 0 2.5
186 4 0 1.75
37 2 0 3.5
94 19 0 3.25
117 7 0 3.25
145 14 0 3.25
259 3 0 2.5
195 0 0 2.0
181 12 0 4.0
167 6 0 1.5
284 4 0 3.5
14 18 0 3.75
107 14 0 1.75
22 3 0 1.75
140 8 0 2.25
304 7 0 3.0
300 10 0 3.75
88 15 0 2.75
74 20 0 3.0
35 11 0 2.75
183 7 0 3.0
281 19 0 2.25
85 9 0 3.0
11 15 0 4.0
294 2 0 3.25
72 16 0 2.25
348 6 0 2.75
291 12 0 3.75
70 7 0 2.5
179 14 0 2.5
5 2 0 3.0
89 5 0 2.75
45 3 0 3.0
44 0 0 3.5
273 54 0 2.0
83 8 0 2.25
60 3 0 1.5
10 17 0 3.75
294 3 0 3.25
218 13 0 2.0
301 4 0 1.75
297 0 0 3.5
194 18 0 3.75
81 12 0 3.75
126 16 0 1.5
12 13 0 3.75
41 1 0 3.75
265 15 0 3.5
265 15 0 3.25
77 10 0 3.5
248 18 0 2.75
198 6 0 1.5
329 29 0 2.0
64 0 0 4.0
177 0 0 2.25
116 5 0 1.75
79 3 0 2.5
235 41 0 3.25
87 5 0 3.25
356 19 0 2.25
350 12 0 2.5
307 13 0 3.75
174 2 0 1.75
132 17 0 3.5
322 2 0 2.0
302 8 0 3.0
218 5 0 1.5
292 15 0 1.75
6 10 0 3.25
296 11 0 2.75
239 12 0 2.0
261 13 0 1.75
237 10 0 2.5
180 14 0 3.25
135 8 0 3.0
112 10 0 2.25
26 13 0 3.25
336 16 0 1.5
245 61 0 4.0
118 4 0 3.0
17 0 0 2.0
49 16 0 3.75
235 1 0 1.75
113 5 0 2.25
223 7 0 3.25
266 3 0 3.5
237 35 0 3.75
351 13 0 2.25
237 15 0 1.75
278 11 0 2.0
99 4 0 1.5
74 58 0 3.25
55 0 0 2.5
247 14 0 2.25
306 12 0 2.0
241 20 0 3.5
169 8 0 2.75
104 15 0 3.5
315 9 0 2.75
322 7 0 4.0
238 8 0 3.0
42 10 0 4.0
221 7 0 3.25
53 3 0 3.25
220 16 0 2.0
30 3 0 2.0
348 7 0 4.0
75 5 0 2.0
77 17 0 4.0
41 20 0 2.25
118 20 0 2.75
316 11 0 3.0
229 20 0 2.0
193 6 0 4.0
335 12 0 3.75
201 18 0 3.5
38 3 0 2.5
98 19 0 3.25
202 3 0 2.5
75 15 0 1.5
77 59 0 3.0
218 10 0 3.75
127 38 0 4.0
184 14 0 1.5
92 5 0 3.0
77 9 0 2.0
290 27 0 1.75
332 16 0 4.0
234 1 0 2.75
13 2 0 3.25
168 1 0 2.75
247 11 0 2.5
142 13 0 3.25
59 8 0 2.5
76 54 0 3.5
94 4 0 4.0
117 17 0 2.0
256 16 0 2.25
207 3 0 3.0
248 17 0 4.0
148 20 0 1.5
230 6 0 3.75
166 7 0 4.0
77 4 0 2.5
138 12 0 3.25
66 10 0 2.25
204 9 0 4.0
327 13 0 2.25
190 5 0 3.0
245 3 0 2.5
60 45 0 3.75
78 12 0 3.5
10 35 0 2.75
120 9 0 1.5
93 14 0 3.0
301 7 0 2.25
168 20 0 2.5
160 9 0 2.25
232 20 0 3.0
48 2 0 1.75
285 7 0 2.25
179 6 0 3.25
1 19 0 1.5
61 16 0 3.75
170 6 0 2.75
223 13 0 4.0
178 21 0 1.75
310 0 0 2.0
323 12 0 3.0
43 45 0 4.0
174 13 0 3.25
184 12 0 2.0
346 2 0 2.5
48 6 0 3.75
265 1 0 2.0
86 3 0 3.25
319 5 0 2.25
37 16 0 3.0
29 13 0 2.25
99 8 0 1.75
304 13 0 2.5
251 1 0 3.25
246 3 0 1.75
313 17 0 2.75
68 1 0 3.25
8 19 0 2.25
103 19 0 3.75
197 37 0 3.75
269 4 0 2.5
147 14 0 1.5
121 16 0 3.75
178 9 0 3.25
49 1 0 2.0
272 0 0 1.5
122 18 0 2.5
357 10 0 2.75
31 7 0 4.0
100 4 0 1.5
303 13 0 1.5
290 5 0 3.5
10 9 0 3.75
321 4 0 1.5
249 15 0 1.5
169 9 0 3.75
216 6 0 3.5
207 12 0 3.0
48 13 0 2.25
91 20 0 3.5
301 8 0 2.75
38 13 0 2.75
325 9 0 2.75
279 9 0 2.75
168 11 0 2.5
110 5 0 2.5
114 20 0 2.75
260 3 0 3.0
304 1 0 1.5
6 10 0 3.5
295 9 0 3.75
268 1 0 3.5
319 8 0 3.5
80 19 0 4.0
255 0 0 3.75
263 9 0 4.0
77 14 0 1.75
80 3 0 3.75
222 17 0 2.75
118 43 0 2.0
287 12 0 3.0
243 18 0 2.25
206 9 0 1.75
96 17 0 2.75
343 11 0 3.25
165 5 0 3.75
271 19 0 3.0
108 16 0 3.75
174 9 0 2.0
70 0 0 3.75
345 2 0 2.75
90 8 0 3.75
198 3 0 3.25
39 9 0 1.75
205 8 0 2.0
35 14 0 3.25
275 13 0 3.5
184 14 0 1.75
84 17 0 3.25
136 11 0 1.5
216 14 0 4.0
18 5 0 4.0
186 13 0 3.0
79 7 0 3.25
53 8 0 1.75
310 1 0 1.75
290 2 0 3.5
246 10 0 1.5
183 13 0 3.5
340 20 0 3.5
165 7 0 4.0
180 18 0 2.5
207 20 0 1.75
206 1 0 3.25
271 1 0 1.75
338 9 0 1.5
91 8 0 3.0
236 19 0 2.0
218 2 0 2.75
175 11 0 3.75
22 8 0 3.0
18 9 0 1.75
190 5 0 3.25
149 14 0 1.75
142 1 0 1.75
329 7 0 3.75
342 18 0 3.75
59 5 0 3.75
40 6 0 3.25
201 8 0 3.5
144 3 0 3.0
209 18 0 2.75
145 13 0 3.5
317 52 0 4.0
116 6 0 2.25
27 11 0 2.75
134 20 0 3.5
350 19 0 1.75
123 13 0 2.0
235 3 0 2.25
184 60 0 2.25
159 17 0 1.75
351 17 0 1.75
306 17 0 3.0
134 17 0 1.75
284 18 0 2.25
293 12 0 3.0
247 17 0 1.5
172 15 0 1.75
56 16 0 3.25
145 12 0 2.5
92 2 0 3.0
122 4 0 2.0
82 15 0 3.25
128 0 0 1.75
288 13 0 2.25
7 10 0 4.0
323 6 0 3.5
310 10 0 1.5
299 19 0 2.75
58 8 0 1.5
239 10 0 3.25
157 7 0 1.75
67 2 0 3.0
215 7 0 1.5
172 1 0 1.75
209 3 0 2.5
53 19 0 3.0
160 34 0 1.75
86 46 0 3.25
151 1 0 2.0
98 20 0 3.0
8 15 0 2.75
159 14 0 3.75
153 9 0 3.25
94 18 0 2.75
83 10 0 1.75
105 2 0 4.0
268 13 0 1.75
31 16 0 1.75
102 10 0 3.5
86 16 0 1.75
111 2 0 2.75
61 7 0 2.75
257 0 0 3.25
30 11 0 2.5
64 5 0 3.75
245 38 0 3.75
43 38 0 1.5
346 3 0 3.0
123 8 0 3.5
291 1 0 2.25
52 13 0 2.75
40 17 0 4.0
156 7 0 3.75
253 7 0 2.5
10 1 0 3.0
180 20 0 3.25
255 7 0 1.75
331 14 0 3.0
17 9 0 3.5
111 16 0 2.25
83 3 0 3.0
103 12 0 2.0
183 9 0 2.75
282 9 0 4.0
210 20 0 1.5
346 9 0 3.25
76 7 0 3.5
263 4 0 3.25
81 5 0 3.75
196 11 0 1.5
93 3 0 3.5
277 16 0 2.0
321 1 0 3.0
287 0 0 2.5
242 16 0 3.5
213 6 0 1.5
121 4 0 3.75
56 7 0 2.75
116 13 0 3.25
122 17 0 2.75
193 14 0 3.75
276 6 0 3.25
1 6 0 1.75
243 18 0 4.0
11 6 0 4.0
24 43 0 3.75
56 9 0 1.75
214 10 0 1.5
269 3 0 3.25
24 4 0 3.75
22 11 0 2.25
63 8 0 2.25
116 10 0 3.5
83 12 0 3.75
16 4 0 1.5
65 7 0 2.0
175 4 0 2.25
74 19 0 2.0
162 18 0 1.5
331 44 0 1.75
224 1 0 1.5
100 17 0 3.5
55 5 0 3.0
244 4 0 2.25
83 79 0 3.0
160 17 0 3.25
96 5 0 3.5
317 1 0 3.5
124 1 0 1.5
264 3 0 2.25
282 15 0 4.0
143 13 0 2.25
240 20 0 3.75
16 13 0 3.25
192 3 0 4.0
322 20 0 3.0
64 4 0 4.0
329 3 0 2.25
136 11 0 2.0
115 16 0 1.75
160 2 0 2.25
306 18 0 2.0
28 7 0 1.75
150 3 0 3.75
5 14 0 3.75
24 6 0 4.0
47 17 0 2.0
104 19 0 3.5
349 19 0 4.0
114 35 0 2.25
176 1 0 1.5
324 20 0 3.75
105 47 0 3.75
68 10 0 3.25
244 6 0 2.75
76 1 0 3.5
233 18 0 1.5
179 1 0 3.5
237 20 0 1.5
150 0 0 4.0
319 20 0 1.75
312 13 0 4.0
168 10 0 3.25
198 11 0 3.25
246 33 0 3.5
289 20 0 2.5
319 6 0 3.75
145 12 0 1.75
19 5 0 2.75
158 13 0 2.0
334 17 0 2.75
171 20 0 4.0
24 12 0 3.25
91 71 0 3.25
235 19 0 3.25
354 4 0 2.25
281 20 0 3.25
60 12 0 2.75
16 0 0 1.75
241 5 0 2.5
317 6 0 2.5
27 16 0 1.75
188 9 0 2.5
58 15 0 3.75
109 17 0 4.0
136 0 0 3.75
350 13 0 3.5
183 9 0 2.25
243 5 0 3.0
333 19 0 2.5
33 7 0 3.75
5 6 0 3.5
97 17 0 3.75
331 18 0 2.75
65 8 0 2.5
38 19 0 3.0
284 2 0 2.0
331 1 0 3.25
325 17 0 2.75
260 12 0 2.25
146 41 0 2.25
214 20 0 3.0
91 1 0 3.5
260 11 0 3.75
108 63 0 3.0
73 1 0 2.5
99 0 0 3.5
15 18 0 2.75
208 5 0 1.75
118 5 0 1.75
123 10 0 2.75
349 8 0 4.0
36 5 0 3.5
94 6 0 3.75
179 15 0 3.75
110 14 0 2.75
58 2 0 2.75
316 20 0 2.5
62 13 0 2.5
8 13 0 4.0
284 20 0 2.75
333 14 0 3.75
75 16 0 2.0
15 16 0 3.75
286 12 0 2.75
241 10 0 2.75
231 19 0 3.5
174 17 0 1.75
63 51 0 3.25
327 21 0 2.75
100 7 0 2.75
178 12 0 3.0
92 16 0 2.75
214 50 0 4.0
286 0 0 2.25
105 13 0 4.0
210 18 0 3.0
302 8 0 2.0
53 13 0 3.0
147 16 0 1.75
168 1 0 1.75
261 12 0 4.0
23 20 0 2.5
67 18 0 2.25
237 11 0 1.75
103 17 0 1.5
332 19 0 2.25
108 1 0 2.75
330 3 0 1.5
233 15 0 3.0
42 8 0 4.0
181 12 0 3.75
138 11 0 1.75
252 20 0 3.5
297 18 0 3.25
50 11 0 3.25
156 1 0 2.5
261 19 0 3.0
224 10 0 2.0
126 20 0 1.5
328 9 0 3.75
95 19 0 3.75
295 0 0 3.5
332 20 0 4.0
241 12 0 2.75
67 1 0 2.0
238 2 0 1.5
18 20 0 3.0
357 6 0 2.0
153 5 0 1.75
159 40 0 2.25
239 18 0 4.0
128 17 0 3.5
254 11 0 1.5
277 21 0 2.25
328 7 0 2.75
61 9 0 3.0
91 11 0 2.5
8 12 0 1.5
122 1 0 3.25
167 0 0 3.75
220 26 0 2.25
146 1 0 2.25
26 7 0 4.0
160 15 0 3.0
299 15 0 2.25
359 20 0 1.75
200 14 0 3.0
188 17 0 2.75
358 11 0 3.5
117 3 0 2.25
328 7 0 4.0
43 0 0 2.0
2 7 0 3.5
320 17 0 1.75
107 44 0 1.5
204 18 0 1.5
278 3 0 2.0
103 60 0 2.25
104 8 0 2.25
315 24 0 1.75
351 16 0 3.0
10 1 0 2.5
133 17 0 2.0
52 13 0 3.0
306 19 0 4.0
236 12 0 3.5
139 12 0 3.5
309 11 0 2.75
313 9 0 3.25
329 29 0 1.75
219 0 0 4.0
14 6 0 2.75
36 20 0 3.0
192 4 0 3.0
321 26 0 2.0
227 7 0 4.0
38 3 0 3.5
244 16 0 2.25
325 15 0 4.0
233 0 0 3.5
128 7 0 1.5
309 17 0 2.5
350 5 0 4.0
9 7 0 1.75
328 3 0 3.25
278 0 0 3.5
22 14 0 3.0
54 5 0 3.75
324 20 0 3.25
71 0 0 2.25
11 3 0 2.75
218 11 0 3.0
49 5 0 2.25
207 15 0 1.75
302 11 0 1.75
158 8 0 3.75
352 2 0 3.75
149 16 0 3.0
216 17 0 2.5
353 4 0 1.75
218 2 0 1.5
211 5 0 3.5
37 2 0 1.5
327 6 0 1.5
300 1 0 2.75
68 8 0 3.75
2 12 0 3.75
127 10 0 3.75
262 5 0 3.5
311 4 0 3.0
293 6 0 2.75
50 8 0 3.75
85 2 0 1.75
42 11 0 2.25
46 11 0 2.25
273 5 0 3.75
340 2 0 3.5
1 15 0 4.0
275 0 0 3.25
283 16 0 4.0
130 14 0 1.5
258 16 0 2.0
359 17 0 4.0
323 5 0 3.0
113 18 0 4.0
255 18 0 3.75
180 17 0 2.25
146 2 0 1.5
255 8 0 2.5
166 2 0 1.75
35 13 0 3.75
266 17 0 2.25
151 41 0 2.0
251 11 0 3.5
261 10 0 3.25
191 8 0 3.5
193 13 0 3.75
9 16 0 1.5
14 7 0 2.25
184 1 0 1.75
324 16 0 4.0
179 18 0 3.25
104 6 0 1.75
80 46 0 3.75
90 19 0 3.75
245 54 0 1.75
43 11 0 3.0
37 16 0 3.75
110 6 0 3.25
34 7 0 2.5
322 4 0 3.75
271 8 0 2.25
222 9 0 1.75
184 6 0 2.75
89 3 0 1.5
283 11 0 1.5
92 18 0 1.75
120 7 0 3.25
267 6 0 3.25
184 0 0 3.0
312 13 0 2.25
43 14 0 3.5
251 4 0 3.0
68 0 0 1.5
284 14 0 2.0
99 1 0 1.5
237 33 0 1.75
115 35 0 4.0
225 19 0 3.75
88 16 0 3.75
208 20 0 3.5
278 15 0 1.5
258 0 0 3.5
276 0 0 3.0
49 15 0 2.75
52 11 0 1.75
113 5 0 3.75
294 17 0 2.75
117 2 0 4.0
327 25 0 3.0
158 14 0 4.0
314 16 0 3.25
69 8 0 2.5
146 19 0 3.5
348 11 0 2.5
59 18 0 1.75
207 2 0 1.75
304 3 0 2.0
269 5 0 1.5
51 9 0 1.5
83 5 0 2.25
143 0 0 3.25
105 4 0 1.75
249 7 0 3.5
122 14 0 3.0
9 6 0 1.75
129 16 0 1.75
14 3 0 1.5
161 11 0 3.25
306 14 0 2.5
184 7 0 2.5
314 18 0 2.25
345 18 0 1.75
55 20 0 3.0
145 17 0 2.5
151 6 0 3.5
170 4 0 1.75
331 11 0 3.0
58 6 0 2.5
29 3 0 3.75
8 13 0 2.5
58 5 0 3.25
251 7 0 3.25
102 12 0 3.75
161 5 0 2.5
272 16 0 3.25
347 2 0 2.75
45 2 0 1.5
350 2 0 1.5
103 8 0 2.5
148 4 0 2.5
324 11 0 2.5
245 2 0 1.75
307 4 0 1.75
34 6 0 1.5
11 1 0 2.5
148 12 0 3.0
328 12 0 3.0
253 7 0 4.0
286 10 0 3.25
141 3 0 2.25
69 17 0 4.0
299 8 0 3.75
88 20 0 1.5
31 7 0 3.5
114 0 0 3.5
202 24 0 2.75
328 3 0 1.5
143 8 0 1.75
356 4 0 3.75
72 15 0 3.5
293 10 0 2.75
39 13 0 3.5
35 12 0 3.0
74 12 0 3.25
324 13 0 2.25
203 6 0 3.25
284 43 0 1.75
91 61 0 3.25
210 18 0 2.25
67 5 0 4.0
330 4 0 2.0
254 18 0 3.75
142 51 0 3.5
316 16 0 2.5
104 6 0 2.25
241 15 0 2.0
66 41 0 2.5
262 19 0 2.5
19 71 0 2.25
177 17 0 3.0
55 0 0 4.0
338 18 0 1.75
299 17 0 2.5
217 15 0 3.5
315 5 0 4.0
7 10 0 3.75
37 8 0 2.25
65 5 0 1.75
331 1 0 1.75
300 9 0 3.75
343 7 0 1.75
271 3 0 1.75
270 17 0 3.25
106 11 0 3.25
271 5 0 2.75
162 49 0 3.0
51 9 0 2.75
160 14 0 4.0
167 19 0 3.0
344 16 0 3.0
89 20 0 2.0
186 17 0 1.5
241 60 0 2.25
325 6 0 3.25
132 11 0 2.75
94 52 0 3.75
321 9 0 1.75
36 5 0 3.0
316 20 0 1.5
239 10 0 3.75
43 0 0 2.75
202 5 0 2.0
173 11 0 2.75
203 11 0 2.75
358 19 0 2.0
169 9 0 2.25
24 1 0 2.5
178 58 0 2.5
356 11 0 2.75
0 15 0 2.5
140 46 0 1.5
153 47 0 3.25
130 5 0 2.25
158 0 0 3.75
208 6 0 3.75
193 8 0 3.75
142 14 0 2.5
213 8 0 3.75
105 11 0 1.5
181 6 0 3.0
4 11 0 3.0
49 1 0 4.0
286 15 0 2.75
76 11 0 2.25
289 18 0 4.0
86 1 0 1.5
197 13 0 3.5
352 19 0 1.75
245 7 0 3.25
212 8 0 1.5
303 19 0 2.0
22 13 0 1.75
168 3 0 4.0
291 4 0 3.0
178 1 0 3.0
124 1 0 3.75
82 7 0 2.5
209 58 0 2.25
295 8 0 2.5
349 12 0 3.0
101 19 0 3.0
154 3 0 2.0
58 18 0 4.0
206 0 0 3.25
0 9 0 1.5
2 5 0 3.0
263 20 0 3.0
21 13 0 1.5
320 3 0 1.75
214 11 0 2.25
137 0 0 2.25
334 10 0 2.0
19 7 0 1.5
169 9 0 1.75
114 6 0 3.5
98 0 0 3.5
272 1 0 1.5
290 2 0 2.25
56 14 0 4.0
120 7 0 1.5
180 14 0 2.5
107 1 0 2.5
254 56 0 2.75
193 9 0 2.5
345 14 0 3.5
224 20 0 2.0
304 12 0 3.75
188 2 0 4.0
61 16 0 3.5
276 6 0 2.75
235 12 0 2.75
36 19 0 3.5
195 17 0 1.5
329 17 0 2.75
37 8 0 3.5
236 74 0 2.5
135 11 0 2.75
314 8 0 3.0
244 7 0 2.5
244 11 0 1.75
154 19 0 1.5
264 13 0 1.75
74 13 0 3.0
351 12 0 2.25
300 54 0 1.75
134 1 0 1.75
78 15 0 3.75
208 0 0 1.75
136 12 0 2.0
111 1 0 1.75
216 14 0 3.75
132 63 0 4.0
11 4 0 3.5
122 5 0 2.75
29 6 0 2.25
78 7 0 2.0
73 0 0 3.75
317 5 0 1.5
101 8 0 2.5
333 8 0 3.0
163 17 0 2.75
356 4 0 2.0
74 1 0 3.0
193 5 0 2.75
313 16 0 1.5
57 20 0 2.5
97 14 0 2.0
90 16 0 1.5
89 1 0 1.75
244 15 0 1.5
285 16 0 4.0
324 0 0 3.75
154 15 0 4.0
213 15 0 3.5
60 4 0 3.75
348 19 0 3.75
14 14 0 1.75
10 8 0 1.75
28 3 0 3.5
316 3 0 3.75
257 8 0 2.25
264 20 0 1.5
354 1 0 3.25
16 14 0 1.5
64 6 0 2.75
341 4 0 3.0
258 14 0 2.5
320 20 0 2.25
268 8 0 4.0
251 20 0 3.5
341 11 0 1.75
310 6 0 1.75
4 58 0 1.5
129 24 0 3.0
72 13 0 3.25
276 7 0 3.0
152 9 0 2.25
351 13 0 1.5
52 37 0 3.75
4 9 0 2.25
170 12 0 3.0
237 20 0 3.5
148 4 0 2.25
271 6 0 3.0
160 4 0 2.0
225 12 0 2.5
292 18 0 1.75
280 14 0 1.75
172 5 0 2.5
326 4 0 4.0
163 2 0 1.75
166 1 0 3.25
56 13 0 4.0
2 17 0 3.5
178 20 0 2.0
294 20 0 2.75
20 8 0 3.5
343 6 0 3.5
158 4 0 2.75
220 4 0 2.25
182 15 0 2.75
287 12 0 2.5
78 15 0 2.5
212 15 0 3.25
23 18 0 3.25
169 5 0 3.25
108 11 0 2.5
178 5 0 4.0
184 7 0 3.75
302 30 0 1.5
141 2 0 2.5
141 8 0 3.5
278 13 0 3.0
300 19 0 4.0
318 1 0 3.0
330 17 0 1.75
53 10 0 3.75
249 8 0 2.0
202 20 0 1.5
293 13 0 3.5
54 10 0 4.0
36 14 0 1.75
37 8 0 3.75
56 21 0 4.0
137 9 0 2.75
68 2 0 2.5
300 2 0 3.75
306 19 0 3.25
293 6 0 1.75
219 15 0 1.5
98 7 0 3.25
9 3 0 4.0
293 20 0 2.0
335 19 0 1.75
138 16 0 3.75
124 13 0 3.75
126 1 0 4.0
109 1 0 2.75
150 2 0 2.5
126 15 0 2.75
179 0 0 3.75
256 19 0 3.25
286 0 0 3.25
276 14 0 2.5
81 19 0 3.75
83 16 0 1.5
278 14 0 3.25
273 1 0 2.75
357 4 0 3.25
355 16 0 3.5
319 17 0 2.75
270 19 0 3.25
67 15 0 3.25
296 17 0 1.5
43 4 0 1.5
189 11 0 3.25
238 10 0 2.25
338 13 0 3.0
158 4 0 3.5
312 0 0 3.5
304 9 0 2.0
208 1 0 3.5
138 2 0 2.5
219 16 0 3.25
324 3 0 1.5
224 2 0 1.5
202 7 0 2.5
119 10 0 2.75
137 18 0 2.75
242 0 0 2.75
24 8 0 3.0
169 9 0 3.0
10 19 0 3.75
227 20 0 3.75
298 20 0 3.5
129 11 0 2.75
27 40 0 3.75
29 32 0 3.0
83 4 0 1.5
142 6 0 2.25
145 72 0 2.25
124 34 0 4.0
227 2 0 2.0
108 12 0 3.5
232 2 0 4.0
17 14 0 3.75
160 58 0 4.0
347 60 0 2.25
258 16 0 2.25
57 8 0 2.25
349 11 0 2.0
191 15 0 3.0
302 6 0 4.0
152 16 0 2.5
130 19 0 1.75
10 14 0 4.0
101 0 0 3.5
108 13 0 2.0
71 5 0 2.25
264 4 0 2.0
338 12 0 1.75
36 15 0 3.75
115 15 0 1.5
139 56 0 2.5
23 11 0 2.75
57 17 0 3.75
281 9 0 2.75
234 18 0 2.25
334 20 0 2.0
154 2 0 3.5
135 17 0 3.75
142 17 0 1.5
338 5 0 2.75
300 3 0 4.0
269 56 0 3.0
80 1 0 3.0
137 42 0 3.5
210 12 0 1.75
136 20 0 3.25
120 0 0 3.25
303 11 0 3.75
147 17 0 4.0
316 12 0 1.5
285 10 0 2.25
319 10 0 3.25
232 9 0 4.0
71 8 0 2.0
182 0 0 2.75
151 7 0 3.0
179 19 0 1.75
9 0 0 1.75
243 8 0 1.75
29 4 0 3.25
130 3 0 2.0
82 3 0 4.0
51 15 0 2.5
329 5 0 2.25
297 15 0 3.25
288 20 0 4.0
71 6 0 2.25
91 47 0 3.25
175 11 0 2.25
305 9 0 2.25
198 17 0 3.25
272 11 0 3.5
31 7 0 2.0
341 40 0 2.25
328 6 0 2.0
241 72 0 1.5
302 15 0 2.25
109 18 0 3.75
211 3 0 1.5
348 19 0 3.5
230 6 0 3.25
307 2 0 3.0
201 14 0 3.75
122 13 0 3.0
285 9 0 2.25
204 13 0 3.0
321 16 0 1.5
222 5 0 2.75
132 3 0 2.25
10 25 0 3.25
65 9 0 4.0
141 7 0 4.0
248 17 0 2.75
127 0 0 3.25
355 11 0 2.5
282 5 0 2.75
329 14 0 3.75
284 18 0 3.0
214 17 0 2.0
333 8 0 2.5
345 10 0 2.25
227 15 0 1.75
73 1 0 3.0
211 5 0 2.75
29 14 0 3.5
257 3 0 4.0
308 12 0 3.5
324 5 0 3.0
90 3 0 1.75
19 17 0 4.0
323 20 0 2.5
299 9 0 1.5
233 17 0 2.75
73 5 0 1.75
300 1 0 4.0
121 17 0 3.75
316 12 0 2.25
63 10 0 4.0
55 3 0 3.5
315 15 0 3.75
266 8 0 2.5
128 8 0 2.25
190 18 0 1.75
43 18 0 4.0
207 14 0 1.5
119 2 0 1.5
295 0 0 2.0
265 14 0 1.75
132 45 0 2.0
163 16 0 1.75
280 9 0 2.75
280 11 0 2.25
110 21 0 2.75
323 1 0 2.0
115 58 0 4.0
52 7 0 1.75
88 7 0 3.5
260 6 0 2.5
37 15 0 3.75
251 9 0 3.5
304 54 0 2.75
178 14 0 2.5
172 11 0 3.25
326 15 0 3.5
201 38 0 2.75
97 13 0 4.0
14 10 0 2.75
209 19 0 3.0
178 11 0 3.25
159 6 0 3.0
47 4 0 2.5
168 8 0 1.75
47 11 0 3.75
12 15 0 3.75
123 13 0 2.5
77 2 0 1.75
303 2 0 1.5
130 42 0 3.5
22 13 0 3.75
227 9 0 1.5
44 18 0 2.5
305 7 0 1.5
82 1 0 2.75
207 4 0 3.0
194 14 0 4.0
298 54 0 4.0
356 20 0 4.0
153 18 0 3.5
171 1 0 3.25
290 12 0 4.0
55 17 0 1.5
125 13 0 1.5
228 33 0 3.75
43 19 0 3.0
21 2 0 1.5
279 44 0 2.75
296 8 0 3.0
308 19 0 1.5
155 4 0 1.75
31 10 0 4.0
227 17 0 3.5
300 15 0 3.0
2 14 0 1.75
279 13 0 1.5
208 14 0 3.25
201 54 0 4.0
37 18 0 2.75
189 10 0 2.0
178 8 0 2.75
54 15 0 2.25
63 45 0 3.75
191 7 0 1.75
142 4 0 3.5
92 9 0 3.5
278 8 0 2.0
139 7 0 2.25
131 1 0 2.5
119 9 0 1.75
126 0 0 1.75
64 9 0 3.75
104 3 0 3.25
315 9 0 3.5
287 27 0 4.0
151 3 0 2.0
34 10 0 2.5
176 8 0 1.5
214 7 0 1.75
173 19 0 2.0
170 9 0 1.75
79 20 0 2.0
3 16 0 3.5
230 12 0 4.0
0 17 0 3.0
62 13 0 1.75
265 17 0 1.5
141 3 0 4.0
349 10 0 1.5
28 16 0 2.25
21 6 0 3.75
141 20 0 2.25
185 13 0 3.25
122 18 0 3.75
173 18 0 2.0
192 77 0 3.25
284 17 0 3.0
107 17 0 3.25
160 1 0 2.25
346 17 0 4.0
170 50 0 3.25
220 0 0 3.25
122 11 0 2.0
319 2 0 1.75
137 6 0 3.25
309 11 0 2.25
230 53 0 4.0
162 8 0 2.0
285 15 0 3.5
228 12 0 3.75
137 52 0 2.0
149 15 0 3.75
113 15 0 1.75
86 47 0 3.0
83 11 0 4.0
284 2 0 2.5
249 38 0 3.5
191 17 0 3.25
222 4 0 3.25
185 18 0 3.75
295 2 0 4.0
251 7 0 1.75
165 5 0 1.75
333 10 0 3.5
18 16 0 2.75
245 15 0 4.0
294 2 0 2.75
314 7 0 3.75
236 19 0 2.75
213 9 0 1.75
38 4 0 2.25
122 21 0 1.5
219 0 0 2.0
263 10 0 3.0
339 6 0 2.75
64 2 0 4.0
11 15 0 3.0
264 7 0 2.0
154 6 0 4.0
294 7 0 2.25
300 0 0 1.5
191 5 0 3.5
140 2 0 1.75
313 3 0 2.0
73 3 0 2.75
313 1 0 3.5
331 0 0 1.75
62 13 0 2.75
283 2 0 3.25
183 3 0 3.75
125 11 0 2.0
260 0 0 2.0
17 4 0 2.25
44 18 0 3.25
13 0 0 2.25
301 20 0 4.0
255 5 0 2.0
310 41 0 2.75
259 18 0 3.75
345 2 0 2.5
29 5 0 3.75
177 5 0 3.25
159 0 0 2.25
102 9 0 2.0
132 8 0 2.75
115 7 0 3.25
280 10 0 2.5
115 54 0 1.75
309 10 0 3.75
335 11 0 4.0
121 17 0 1.5
146 19 0 3.25
99 8 0 2.0
49 1 0 3.25
327 2 0 1.75
62 17 0 3.0
160 20 0 2.25
134 20 0 2.5
355 11 0 4.0
125 1 0 4.0
46 9 0 3.25
204 14 0 4.0
102 13 0 3.5
141 17 0 2.5
100 11 0 2.0
53 14 0 1.5
238 1 0 3.25
126 14 0 3.0
88 60 0 1.5
205 7 0 3.0
303 15 0 3.25
4 12 0 1.75
270 13 0 3.0
85 15 0 4.0
257 16 0 3.5
216 48 0 1.5
333 20 0 1.75
168 13 0 1.75
305 12 0 1.75
255 24 0 2.0
80 0 0 2.0
193 1 0 1.75
248 27 0 2.25
134 11 0 2.25
6 3 0 4.0
339 16 0 3.75
323 13 0 1.5
84 13 0 3.5
200 13 0 3.5
334 19 0 2.0
337 9 0 4.0
358 2 0 3.75
35 24 0 4.0
253 15 0 3.5
13 0 0 2.0
222 24 0 2.75
24 15 0 2.75
350 20 0 2.25
165 18 0 2.5
63 17 0 3.25
265 9 0 2.75
212 39 0 1.75
14 19 0 3.5
42 34 0 2.0
273 9 0 2.75
245 8 0 2.0
50 3 0 2.25
296 39 0 4.0
292 14 0 3.25
83 0 0 3.5
127 9 0 2.75
185 4 0 2.0
58 4 0 2.25
162 16 0 2.75
311 0 0 1.5
29 15 0 3.25
256 12 0 2.75
243 1 0 3.25
264 11 0 3.5
91 14 0 3.25
89 7 0 3.75
94 15 0 4.0
266 39 0 2.5
341 20 0 2.5
224 14 0 3.0
230 15 0 1.5
213 5 0 3.75
309 11 0 3.0
10 2 0 3.25
315 2 0 4.0
315 10 0 1.75
256 17 0 1.5
206 8 0 3.75
9 5 0 4.0
190 14 0 3.25
173 1 0 1.5
165 4 0 2.75
89 16 0 2.0
102 15 0 2.5
1 10 0 2.5
165 13 0 2.25
67 53 0 2.5
347 7 0 3.5
309 2 0 3.5
196 0 0 3.25
243 9 0 1.5
1 18 0 1.5
305 7 0 4.0
317 19 0 2.5
284 13 0 1.5
345 3 0 1.5
98 50 0 2.75
78 7 0 1.75
14 2 0 3.5
52 56 0 1.5
208 20 0 1.5
43 45 0 2.0
310 1 0 2.5
194 13 0 3.5
229 5 0 2.75
265 42 0 2.0
224 4 0 2.25
22 33 0 2.5
168 17 0 1.75
259 5 0 4.0
262 14 0 2.25
72 3 0 1.5
20 20 0 2.5
348 0 0 3.25
243 2 0 1.75
37 18 0 2.5
70 0 0 1.5
179 17 0 2.25
117 5 0 4.0
338 1 0 1.5
46 3 0 2.5
162 20 0 4.0
235 3 0 2.5
242 11 0 1.75
205 4 0 2.75
232 20 0 1.75
270 3 0 2.0
99 10 0 3.5
107 20 0 2.5
31 17 0 3.75
40 4 0 1.75
181 17 0 3.25
54 15 0 1.75
298 12 0 2.0
192 13 0 2.75
276 39 0 2.0
81 3 0 2.25
328 19 0 3.25
225 14 0 3.5
344 20 0 1.5
55 11 0 2.5
27 17 0 2.75
62 16 0 3.25
0 59 0 2.5
358 14 0 4.0
27 13 0 3.75
167 10 0 2.75
13 7 0 1.5
213 16 0 2.25
55 4 0 4.0
135 4 0 1.75
281 6 0 2.25
213 13 0 2.75
219 2 0 4.0
300 9 0 3.25
45 20 0 2.0
18 59 0 2.25
248 9 0 3.25
221 1 0 2.75
106 11 0 2.75
128 6 0 1.5
109 1 0 2.5
212 12 0 3.25
224 5 0 3.5
132 16 0 4.0
296 0 0 3.25
67 11 0 3.25
221 17 0 3.5
358 9 0 2.75
213 4 0 3.0
25 18 0 4.0
65 9 0 3.0
176 13 0 1.5
98 12 0 2.25
61 12 0 3.75
356 19 0 1.75
119 9 0 2.5
333 17 0 2.0
113 11 0 2.75
336 2 0 4.0
146 14 0 3.75
328 1 0 2.25
113 54 0 3.5
190 16 0 1.5
150 0 0 3.0
143 4 0 4.0
22 15 0 3.5
107 0 0 2.25
353 78 0 1.75
45 7 0 1.5
287 0 0 4.0
67 11 0 2.25
341 15 0 3.25
131 12 0 3.5
214 11 0 1.5
305 2 0 2.5
86 8 0 2.75
341 17 0 3.5
254 0 0 4.0
200 17 0 3.5
3 6 0 2.5
115 2 0 3.5
219 1 0 1.75
162 70 0 2.75
197 15 0 4.0
137 8 0 2.5
217 11 0 3.5
2 15 0 2.5
57 7 0 1.5
179 20 0 4.0
75 10 0 1.5
289 16 0 3.5
41 17 0 3.5
132 0 0 1.5
264 11 0 1.75
208 3 0 1.75
116 12 0 2.75
336 1 0 2.5
276 4 0 3.75
257 18 0 1.75
345 7 0 3.0
202 15 0 1.5
224 11 0 3.5
356 11 0 1.5
89 4 0 2.75
56 16 0 4.0
329 6 0 3.25
119 15 0 3.25
286 11 0 3.0
198 7 0 2.25
317 15 0 3.0
193 18 0 2.0
348 10 0 1.5
189 1 0 2.0
264 17 0 2.0
138 9 0 2.5
196 6 0 1.75
172 8 0 3.25
259 56 0 1.75
168 17 0 3.5
236 14 0 1.5
118 54 0 3.0
237 12 0 3.25
129 0 0 3.25
243 17 0 3.25
303 20 0 3.0
52 14 0 2.5
336 2 0 3.25
165 14 0 2.25
252 4 0 2.25
53 17 0 3.5
121 11 0 1.75
308 2 0 3.5
141 17 0 4.0
64 15 0 4.0
286 2 0 3.75
259 14 0 2.75
63 6 0 1.75
294 17 0 3.0
51 7 0 2.0
147 16 0 3.5
46 0 0 2.25
104 4 0 3.5
338 18 0 4.0
181 6 0 3.25
139 9 0 3.25
292 8 0 4.0
26 44 0 2.0
157 14 0 1.75
325 16 0 2.25
90 57 0 2.5
70 26 0 3.0
143 10 0 2.25
149 28 0 1.75
315 20 0 3.75
335 17 0 1.75
95 7 0 2.5
107 15 0 1.5
185 6 0 3.75
141 20 0 2.0
210 16 0 1.75
124 2 0 3.5
325 0 0 2.75
273 0 0 3.0
223 2 0 2.5
128 1 0 3.5
117 8 0 3.25
21 1 0 2.5
75 18 0 2.25
321 19 0 2.75
167 12 0 3.0
255 6 0 1.5
102 8 0 1.5
37 8 0 3.25
192 6 0 4.0
177 10 0 2.25
189 9 0 3.5
143 13 0 2.5
99 20 0 3.75
89 18 0 3.0
257 18 0 1.5
105 1 0 2.5
26 16 0 3.5
10 17 0 4.0
356 18 0 3.25
123 47 0 1.5
77 69 0 1.75
286 13 0 2.75
322 6 0 3.75
51 5 0 4.0
111 6 0 3.5
292 73 0 2.75
45 1 0 4.0
124 17 0 3.5
173 2 0 3.5
209 14 0 2.5
114 8 0 1.75
291 17 0 2.5
145 13 0 3.0
3 20 0 3.75
124 11 0 3.0
43 13 0 1.5
223 1 0 1.5
264 7 0 1.75
247 19 0 2.75
15 15 0 3.0
328 11 0 3.25
23 9 0 3.0
344 12 0 3.5
57 1 0 2.5
346 0 0 2.75
318 6 0 2.25
312 9 0 2.25
126 19 0 3.5
254 6 0 4.0
67 17 0 3.5
120 32 0 2.0
75 19 0 3.25
74 18 0 2.75
309 14 0 3.5
38 24 0 2.75
96 2 0 1.75
230 30 0 2.0
277 14 0 3.5
223 19 0 4.0
281 10 0 3.5
269 7 0 3.75
19 2 0 2.75
58 4 0 1.75
221 11 0 3.75
314 10 0 3.0
199 2 0 2.5
240 14 0 3.0
13 0 0 3.0
169 3 0 3.25
151 8 0 4.0
253 8 0 3.5
252 4 0 3.75
205 11 0 3.5
55 3 0 2.5
210 6 0 1.75
162 3 0 1.75
4 20 0 3.5
18 17 0 3.25
119 9 0 2.25
249 15 0 2.25
46 7 0 1.75
206 10 0 3.75
321 13 0 4.0
352 3 0 3.5
202 11 0 3.5
41 6 0 2.0
299 19 0 3.5
156 6 0 3.5
137 9 0 2.0
190 17 0 2.25
171 15 0 3.25
187 12 0 1.5
356 38 0 3.25
111 5 0 1.5
24 16 0 3.75
65 2 0 3.0
320 15 0 2.5
107 23 0 1.5
137 35 0 2.25
157 18 0 3.75
343 11 0 3.0
319 9 0 2.0
38 45 0 4.0
10 33 0 1.75
137 16 0 3.0
192 5 0 2.5
324 12 0 2.75
242 20 0 1.5
92 7 0 1.75
263 11 0 4.0
123 12 0 1.5
338 12 0 2.75
188 12 0 3.75
36 15 0 3.5
227 18 0 1.5
69 8 0 1.75
164 20 0 3.75
267 8 0 1.75
232 18 0 1.75
227 13 0 1.75
195 13 0 2.5
343 6 0 2.0
238 15 0 2.25
127 4 0 4.0
240 6 0 1.75
312 4 0 3.5
213 9 0 2.5
298 2 0 3.25
38 5 0 2.0
141 3 0 3.75
39 3 0 2.25
187 11 0 2.5
355 2 0 2.75
21 11 0 3.75
76 37 0 2.25
28 3 0 3.25
46 57 0 3.0
334 8 0 3.25
136 4 0 2.25
317 57 0 3.75
257 1 0 3.25
187 19 0 3.75
288 18 0 3.25
274 56 0 3.75
183 18 0 3.75
114 7 0 3.5
94 8 0 1.5
52 1 0 3.0
129 1 0 3.5
151 3 0 2.25
348 20 0 4.0
250 34 0 2.75
272 57 0 2.75
88 20 0 3.75
110 11 0 2.75
190 3 0 1.5
43 17 0 2.25
44 18 0 3.75
262 12 0 2.0
259 12 0 2.5
154 6 0 1.5
30 10 0 4.0
307 0 0 3.75
303 2 0 3.25
290 16 0 2.25
293 30 0 2.5
225 14 0 1.75
75 6 0 1.5
48 12 0 1.5
341 18 0 1.75
209 6 0 2.25
81 19 0 2.0
278 45 0 4.0
100 14 0 3.5
178 7 0 2.0
1 2 0 1.75
128 39 0 2.75
117 3 0 1.5
111 11 0 2.25
89 51 0 1.5
194 3 0 2.25
273 18 0 4.0
39 16 0 2.0
326 5 0 2.0
146 15 0 4.0
327 0 0 2.5
207 19 0 1.75
234 18 0 3.25
176 4 0 3.25
42 14 0 3.25
21 53 0 2.25
214 4 0 2.25
81 6 0 3.25
200 9 0 3.25
128 2 0 2.5
274 18 0 3.5
129 11 0 3.5
58 16 0 2.5
12 16 0 3.75
183 59 0 3.5
208 16 0 1.75
157 14 0 3.0
36 35 0 2.25
233 13 0 1.75
232 10 0 3.25
265 14 0 2.25
301 20 0 2.25
299 17 0 3.5
244 10 0 2.75
105 17 0 2.0
301 16 0 1.75
233 52 0 3.25
207 0 0 3.75
24 17 0 2.25
140 14 0 1.5
2 11 0 2.0
214 4 0 3.5
275 0 0 3.0
340 8 0 1.5
176 8 0 2.25
237 16 0 4.0
317 12 0 3.25
328 0 0 3.5
197 7 0 1.75
12 6 0 2.0
118 3 0 2.25
302 14 0 4.0
79 20 0 1.75
99 16 0 2.0
28 7 0 1.5
118 10 0 2.25
11 15 0 3.75
8 75 0 3.25
57 70 0 3.75
50 15 0 3.25
333 20 0 2.0
179 16 0 3.75
12 9 0 3.75
323 2 0 4.0
109 19 0 3.75
328 11 0 4.0
81 37 0 1.5
347 15 0 3.25
12 14 0 1.5
263 19 0 1.75
182 20 0 2.0
353 11 0 3.5
137 15 0 3.25
352 58 0 2.25
19 13 0 3.0
28 2 0 2.5
232 2 0 3.25
227 15 0 3.0
34 3 0 2.25
22 2 0 1.75
250 19 0 3.0
0 19 0 1.75
134 16 0 3.5
322 19 0 2.25
142 2 0 4.0
193 2 0 3.0
49 12 0 3.75
222 9 0 3.5
153 0 0 3.25
332 10 0 2.75
136 20 0 2.5
185 16 0 3.5
226 7 0 1.5
89 76 0 2.75
275 6 0 2.75
63 7 0 2.5
117 4 0 3.75
107 6 0 2.5
26 6 0 4.0
211 14 0 3.0
84 15 0 2.25
21 12 0 2.25
287 18 0 2.25
302 5 0 3.25
143 2 0 2.0
141 4 0 1.75
223 13 0 2.0
54 12 0 1.5
201 42 0 3.5
104 1 0 1.5
197 15 0 2.25
130 20 0 2.75
104 12 0 4.0
54 2 0 2.25
6 16 0 1.75
260 18 0 2.5
297 0 0 3.75
348 7 0 3.75
122 17 0 2.25
197 6 0 1.5
94 19 0 3.0
240 16 0 3.0
249 13 0 3.75
177 4 0 1.5
300 0 0 2.5
289 15 0 2.0
174 10 0 1.75
96 19 0 1.5
215 14 0 2.75
294 9 0 2.25
249 1 0 3.0
119 14 0 3.75
250 58 0 3.0
202 10 0 3.75
211 6 0 3.25
65 4 0 1.5
138 9 0 2.25
162 3 0 1.5
155 6 0 4.0
15 3 0 3.0
337 1 0 2.0
297 30 0 3.25
216 19 0 2.25
122 19 0 2.25
239 15 0 1.5
27 3 0 3.25
210 9 0 1.5
157 16 0 3.0
281 19 0 3.25
324 1 0 4.0
296 5 0 3.0
259 16 0 3.5
50 49 0 2.0
214 20 0 3.5
121 8 0 3.5
144 12 0 1.75
150 10 0 2.75
248 7 0 3.25
296 18 0 3.25
345 8 0 2.75
176 10 0 3.0
134 20 0 1.5
161 7 0 1.5
356 10 0 3.25
122 0 0 3.5
62 21 0 2.0
183 20 0 3.75
14 9 0 2.5
353 12 0 2.5
33 53 0 3.5
264 78 0 3.25
149 6 0 2.0
272 33 0 1.75
34 8 0 1.75
307 7 0 1.75
19 8 0 3.25
248 1 0 4.0
30 13 0 2.75
67 8 0 1.5
167 16 0 2.25
235 7 0 3.25
1 2 0 2.75
90 3 0 2.25
192 15 0 3.75
37 50 0 1.75
348 11 0 1.5
107 8 0 1.5
175 18 0 3.75
91 19 0 3.0
101 36 0 3.75
58 17 0 1.5
161 58 0 2.25
281 20 0 3.0
21 9 0 4.0
354 15 0 2.5
15 2 0 4.0
313 7 0 3.75
243 11 0 3.75
179 9 0 2.25
114 55 0 3.75
216 14 0 1.5
278 1 0 3.5
104 16 0 4.0
66 10 0 3.25
155 5 0 3.5
127 19 0 2.25
166 41 0 2.5
71 20 0 3.75
233 0 0 3.0
141 13 0 2.5
57 15 0 3.25
102 7 0 2.25
169 3 0 2.75
79 10 0 3.5
202 14 0 1.75
161 10 0 1.75
315 18 0 2.0
44 17 0 3.0
359 7 0 2.25
284 20 0 3.5
50 10 0 4.0
325 10 0 2.25
182 14 0 2.25
149 8 0 2.0
327 16 0 2.0
322 9 0 2.25
125 15 0 1.75
318 4 0 4.0
241 1 0 3.0
283 6 0 1.5
324 4 0 2.0
196 18 0 4.0
353 9 0 2.5
26 6 0 2.25
145 19 0 3.5
235 13 0 3.0
216 18 0 2.25
252 26 0 2.0
105 6 0 1.75
79 19 0 3.25
266 6 0 1.5
20 16 0 2.75
227 12 0 3.5
6 6 0 4.0
63 9 0 2.0
99 15 0 3.25
347 3 0 4.0
43 3 0 1.5
315 10 0 3.5
136 16 0 2.25
166 15 0 3.0
143 10 0 3.75
192 13 0 3.25
17 8 0 1.5
120 18 0 3.0
215 4 0 2.25
112 18 0 2.75
71 20 0 3.25
24 9 0 2.0
354 12 0 1.75
282 11 0 2.25
306 15 0 2.75
101 1 0 3.5
247 20 0 2.0
195 16 0 2.25
3 0 0 1.5
302 7 0 2.0
106 14 0 4.0
69 0 0 1.75
263 14 0 2.75
26 0 0 4.0
1 20 0 3.5
304 7 0 3.5
139 1 0 2.25
335 34 0 4.0
70 55 0 3.0
150 21 0 4.0
201 3 0 2.5
99 2 0 2.75
235 39 0 3.0
240 31 0 3.25
133 17 0 3.5
256 8 0 3.75
102 6 0 2.75
259 18 0 2.5
252 20 0 2.25
46 0 0 3.25
30 11 0 3.25
148 3 0 2.0
96 2 0 2.0
180 45 0 2.25
140 8 0 3.0
21 20 0 3.25
140 12 0 3.25
239 11 0 3.25
317 17 0 2.5
78 2 0 3.75
2 11 0 2.25
159 19 0 4.0
6 44 0 2.5
204 16 0 4.0
185 14 0 3.25
128 14 0 3.5
333 9 0 3.0
193 9 0 3.75
20 15 0 4.0
267 20 0 1.5
48 11 0 2.5
52 12 0 3.5
358 7 0 3.0
270 7 0 1.75
280 19 0 1.75
199 13 0 3.0
290 26 0 2.5
311 20 0 2.5
46 2 0 3.5
59 12 0 2.0
25 52 0 3.75
58 9 0 2.25
260 13 0 3.25
31 31 0 2.0
142 14 0 2.0
268 6 0 2.75
182 11 0 3.5
101 5 0 2.5
6 0 0 2.0
88 11 0 3.25
135 19 0 3.5
165 9 0 3.75
55 3 0 3.25
69 8 0 3.5
59 18 0 2.25
347 1 0 2.5
9 15 0 1.75
328 19 0 1.5
117 18 0 2.25
34 19 0 2.75
176 20 0 2.0
299 14 0 3.75
160 14 0 2.5
44 30 0 2.0
201 1 0 3.5
137 3 0 3.0
268 49 0 1.5
286 7 0 3.5
87 16 0 2.75
164 48 0 3.25
197 12 0 2.0
192 11 0 3.25
60 12 0 3.75
352 7 0 2.0
338 13 0 3.25
147 11 0 3.75
226 18 0 3.25
98 3 0 3.0
202 15 0 3.0
346 6 0 3.5
311 6 0 1.75
199 17 0 4.0
271 0 0 3.25
286 12 0 2.0
139 2 0 3.0
132 0 0 4.0
341 2 0 2.0
200 15 0 3.25
216 11 0 3.0
123 4 0 3.0
60 9 0 4.0
333 14 0 3.0
280 8 0 2.5
33 5 0 3.5
52 7 0 3.0
9 18 0 2.5
234 14 0 2.75
203 2 0 2.25
131 18 0 4.0
117 13 0 3.75
65 8 0 4.0
91 14 0 3.5
333 56 0 3.75
91 20 0 3.75
212 11 0 4.0
113 0 0 2.0
310 16 0 3.75
225 6 0 1.75
43 11 0 2.75
114 9 0 1.75
