47 70 0 2.5
249 26 0 2.5
130 27 0 2.0
115 15 0 3.25
61 17 0 3.75
294 29 0 2.75
125 45 0 3.25
166 1 0 2.0
252 25 0 4.0
232 4 0 4.0
127 9 0 3.0
223 5 0 3.0
172 3 0 3.75
228 12 0 2.25
258 20 0 1.0
344 12 0 1.5
196 0 0 1.75
268 20 0 1.5
216 2 0 3.0
107 28 0 4.0
241 1 0 1.75
324 6 0 3.5
226 44 0 1.25
221 23 0 3.25
153 19 0 4.0
273 12 0 2.5
74 20 0 1.0
90 3 0 1.0
300 2 0 2.25
1 10 0 4.0
55 7 0 2.5
152 21 0 2.75
114 12 0 1.75
114 9 0 3.25
129 24 0 3.25
305 6 0 3.0
33 18 0 3.0
187 2 0 2.0
128 24 0 2.5
126 15 0 2.0
222 7 0 1.25
132 35 0 2.5
325 21 0 2.0
292 28 0 3.0
196 1 0 3.5
115 26 0 4.0
149 8 0 3.5
286 15 0 3.75
2 27 0 1.25
108 26 0 2.75
88 14 0 1.75
167 46 0 2.75
221 28 0 1.25
92 25 0 1.0
44 16 0 1.5
357 30 0 2.5
257 21 0 4.0
113 21 0 1.0
192 22 0 3.5
5 25 0 3.25
221 29 0 3.5
134 3 0 1.5
216 53 0 1.75
57 15 0 3.75
119 20 0 3.0
228 21 0 3.75
233 29 0 1.25
157 15 0 1.5
307 26 0 2.5
282 3 0 3.0
282 16 0 1.5
182 37 0 3.75
211 4 0 3.25
292 28 0 2.25
263 24 0 1.25
207 14 0 3.25
60 16 0 1.5
252 0 0 4.0
326 14 0 3.5
318 20 0 3.75
302 25 0 2.75
357 52 0 1.75
103 54 0 1.0
329 26 0 2.75
107 18 0 1.0
28 27 0 3.0
331 12 0 3.75
56 20 0 2.0
113 3 0 2.0
249 4 0 3.75
276 17 0 2.75
208 0 0 3.75
302 2 0 3.0
90 23 0 1.25
160 37 0 3.5
178 10 0 2.5
59 1 0 2.25
247 16 0 1.75
238 23 0 4.0
240 6 0 2.75
96 29 0 4.0
316 9 0 2.0
167 22 0 3.0
209 25 0 3.25
255 20 0 1.25
322 14 0 3.75
65 9 0 1.0
29 7 0 2.75
2 24 0 3.5
166 28 0 2.5
68 28 0 2.5
279 27 0 1.5
80 2 0 2.75
142 13 0 2.75
18 20 0 1.75
144 26 0 1.0
52 7 0 3.5
265 20 0 3.25
270 26 0 2.25
295 11 0 3.0
38 56 0 2.5
235 22 0 4.0
269 22 0 3.75
142 14 0 3.75
184 7 0 1.75
251 15 0 3.5
329 11 0 3.25
102 4 0 1.5
293 3 0 1.25
88 11 0 2.5
153 9 0 2.0
33 4 0 2.5
344 17 0 2.5
283 12 0 4.0
51 8 0 2.75
315 23 0 2.0
288 10 0 2.25
231 0 0 3.25
81 10 0 2.5
244 3 0 2.75
166 5 0 1.25
342 2 0 3.75
190 50 0 2.25
159 23 0 2.0
226 70 0 3.5
4 8 0 1.5
265 14 0 1.0
359 30 0 4.0
175 41 0 2.25
2 23 0 2.5
320 6 0 1.25
276 26 0 1.25
356 1 0 3.5
37 5 0 1.0
145 30 0 3.5
296 3 0 3.25
191 1 0 3.0
242 21 0 4.0
68 17 0 2.25
309 27 0 1.0
235 5 0 2.0
345 49 0 2.75
235 5 0 2.25
311 16 0 3.5
128 20 0 1.25
30 17 0 2.0
121 28 0 2.75
156 53 0 3.25
34 17 0 1.5
245 25 0 2.75
194 13 0 3.5
252 25 0 2.5
0 26 0 1.25
352 30 0 3.25
231 36 0 2.75
314 14 0 4.0
69 24 0 2.75
209 6 0 2.25
92 25 0 1.25
121 19 0 2.75
75 27 0 3.5
137 19 0 3.5
358 0 0 2.25
86 8 0 3.25
41 1 0 3.0
236 23 0 3.75
319 25 0 1.5
312 12 0 2.25
335 8 0 1.75
11 26 0 2.5
273 16 0 1.75
318 6 0 2.5
175 3 0 2.5
40 71 0 1.0
336 25 0 1.25
178 3 0 3.75
234 1 0 2.5
131 4 0 3.75
123 18 0 3.5
57 1 0 2.75
340 74 0 3.0
175 5 0 3.5
49 30 0 2.75
305 20 0 1.5
57 4 0 4.0
213 24 0 3.25
147 16 0 1.25
190 13 0 1.5
338 25 0 2.75
244 24 0 1.5
70 29 0 4.0
266 24 0 2.75
72 2 0 1.0
142 23 0 3.0
259 10 0 2.25
254 22 0 1.5
317 24 0 3.75
39 12 0 3.75
103 8 0 4.0
1 14 0 2.25
281 30 0 2.25
36 3 0 1.75
312 6 0 1.0
45 4 0 1.0
24 6 0 2.25
210 76 0 3.25
268 29 0 2.75
152 18 0 3.75
50 20 0 3.0
273 9 0 2.5
92 27 0 3.0
344 19 0 3.75
333 8 0 3.25
47 11 0 3.25
305 31 0 3.0
226 27 0 3.75
129 10 0 3.0
8 29 0 1.0
150 17 0 1.25
258 21 0 3.5
24 4 0 1.0
304 11 0 1.5
138 29 0 2.5
342 18 0 2.5
84 10 0 3.25
140 18 0 2.5
125 25 0 4.0
108 21 0 1.0
147 7 0 3.25
291 6 0 2.0
89 20 0 2.25
198 2 0 1.0
306 17 0 1.0
183 13 0 3.0
346 71 0 1.75
145 0 0 2.75
176 27 0 2.25
346 13 0 2.75
85 28 0 1.0
262 6 0 2.25
143 27 0 2.0
148 28 0 1.25
232 41 0 2.25
179 7 0 1.5
284 55 0 3.25
1 10 0 1.5
84 4 0 4.0
118 24 0 3.5
344 20 0 3.25
47 2 0 2.0
32 28 0 2.5
7 21 0 2.5
171 46 0 3.0
38 35 0 1.0
249 8 0 1.5
152 28 0 3.0
176 26 0 2.0
101 18 0 4.0
19 9 0 1.75
299 2 0 1.0
19 24 0 4.0
92 22 0 2.75
263 12 0 3.0
169 5 0 3.0
131 10 0 1.5
134 11 0 4.0
23 32 0 1.75
129 24 0 1.75
257 1 0 1.5
40 17 0 1.0
317 0 0 1.5
345 2 0 1.75
311 28 0 1.5
194 16 0 2.25
234 15 0 1.5
171 0 0 1.0
221 14 0 3.25
138 22 0 3.5
193 14 0 1.0
327 3 0 2.25
216 17 0 1.25
37 15 0 2.25
124 29 0 1.25
80 0 0 1.75
223 13 0 1.0
155 17 0 3.25
236 30 0 2.75
190 1 0 3.25
301 18 0 2.5
290 44 0 3.5
169 10 0 3.25
280 21 0 3.5
121 30 0 1.0
177 17 0 1.5
158 27 0 3.0
203 3 0 1.5
265 30 0 2.25
89 8 0 3.75
338 15 0 2.25
338 10 0 1.25
224 6 0 1.5
133 21 0 4.0
77 16 0 3.75
358 20 0 1.75
262 12 0 2.75
246 26 0 3.25
311 26 0 3.5
272 4 0 4.0
327 7 0 2.5
51 29 0 3.0
83 46 0 1.25
183 7 0 2.75
3 17 0 2.0
155 1 0 2.25
259 0 0 4.0
17 14 0 1.75
127 2 0 1.25
67 47 0 2.0
59 41 0 3.25
329 16 0 1.75
246 48 0 3.0
27 15 0 3.5
249 19 0 2.25
207 20 0 4.0
104 22 0 2.75
114 45 0 2.0
38 23 0 2.75
138 22 0 2.0
323 0 0 3.0
127 16 0 4.0
51 29 0 2.5
159 6 0 2.5
106 7 0 1.75
282 20 0 1.25
338 27 0 1.0
84 4 0 2.5
172 3 0 4.0
120 27 0 2.0
294 0 0 3.25
268 2 0 3.5
143 7 0 3.25
104 3 0 2.75
115 28 0 3.75
64 0 0 2.0
150 10 0 1.5
164 1 0 2.25
128 0 0 3.25
95 1 0 4.0
244 39 0 1.5
193 1 0 2.0
223 8 0 3.25
202 16 0 3.5
352 8 0 1.5
58 55 0 1.5
300 27 0 1.75
25 10 0 4.0
267 1 0 3.25
355 30 0 1.0
236 5 0 2.0
22 58 0 3.75
286 54 0 2.0
50 29 0 1.5
174 6 0 2.0
107 1 0 3.0
15 8 0 2.5
155 27 0 2.0
23 27 0 1.25
141 22 0 2.75
257 14 0 4.0
73 1 0 1.25
261 59 0 1.5
22 11 0 2.0
337 18 0 2.5
244 17 0 3.5
23 17 0 4.0
287 12 0 4.0
309 15 0 2.25
316 21 0 3.0
161 75 0 1.75
131 8 0 3.0
172 26 0 1.0
136 30 0 1.0
11 21 0 1.25
292 3 0 2.75
41 17 0 3.0
299 8 0 2.5
260 28 0 2.5
86 10 0 1.5
212 5 0 2.0
230 4 0 1.75
283 62 0 2.75
106 65 0 4.0
204 8 0 1.0
75 21 0 2.5
258 16 0 1.5
18 21 0 3.0
100 28 0 1.5
217 13 0 1.5
38 9 0 3.75
126 17 0 3.75
296 34 0 3.0
255 16 0 2.75
117 60 0 3.0
324 11 0 3.0
48 1 0 1.5
198 28 0 3.75
359 0 0 1.0
286 0 0 1.0
130 23 0 1.75
343 21 0 2.25
306 11 0 3.75
273 16 0 2.25
127 7 0 2.5
196 12 0 1.75
263 22 0 1.5
191 21 0 1.0
90 12 0 3.5
352 1 0 3.0
102 9 0 2.5
263 23 0 3.25
85 78 0 2.75
79 22 0 2.75
37 17 0 3.25
314 10 0 4.0
41 20 0 1.5
117 8 0 4.0
166 43 0 3.0
48 18 0 2.5
53 44 0 2.0
224 13 0 4.0
79 22 0 4.0
85 19 0 1.75
254 27 0 1.25
58 27 0 2.5
35 27 0 1.75
198 21 0 1.0
135 6 0 2.25
236 0 0 1.5
261 13 0 3.0
125 42 0 3.0
56 6 0 4.0
315 17 0 2.0
113 13 0 1.5
186 12 0 1.0
130 7 0 2.5
74 4 0 1.25
1 0 0 3.25
156 9 0 3.0
289 10 0 2.25
55 13 0 3.0
204 11 0 2.5
11 15 0 1.5
104 22 0 1.5
152 15 0 1.5
105 26 0 1.75
17 23 0 4.0
126 15 0 3.25
146 77 0 3.75
12 8 0 2.5
200 24 0 1.0
246 49 0 1.0
233 23 0 2.75
110 13 0 3.0
350 16 0 3.75
83 12 0 4.0
192 9 0 4.0
101 14 0 4.0
77 5 0 3.0
16 6 0 2.25
64 29 0 2.25
75 4 0 3.25
258 26 0 2.75
26 20 0 1.5
169 2 0 2.75
64 22 0 3.75
33 22 0 2.75
239 27 0 3.0
54 41 0 2.5
353 12 0 2.25
195 11 0 3.75
341 26 0 1.5
325 17 0 1.25
160 12 0 4.0
320 30 0 1.25
281 33 0 3.0
15 14 0 2.75
3 30 0 1.75
238 11 0 2.5
302 23 0 2.75
109 31 0 1.75
253 5 0 2.75
284 7 0 2.75
239 2 0 3.5
175 5 0 3.75
87 2 0 2.0
72 19 0 3.5
352 46 0 3.0
81 23 0 3.75
343 11 0 1.5
319 60 0 3.25
59 17 0 1.25
53 56 0 3.25
256 15 0 3.0
332 2 0 1.75
29 10 0 2.25
241 6 0 2.75
127 15 0 3.75
322 39 0 2.25
7 3 0 2.0
102 16 0 2.25
74 4 0 2.25
128 25 0 3.75
79 65 0 3.75
310 25 0 1.75
205 0 0 3.75
314 51 0 1.25
226 2 0 1.0
73 5 0 4.0
42 1 0 2.25
312 47 0 3.25
354 6 0 1.25
14 1 0 3.0
174 15 0 1.25
79 0 0 2.25
108 6 0 3.5
107 11 0 1.25
122 17 0 4.0
79 5 0 1.5
225 10 0 4.0
75 75 0 2.75
353 54 0 2.5
45 22 0 3.75
237 17 0 3.5
116 28 0 2.25
307 29 0 1.75
185 30 0 1.0
228 7 0 3.75
204 26 0 1.5
326 22 0 2.5
315 19 0 2.0
19 0 0 2.0
49 9 0 2.75
338 1 0 3.75
167 6 0 4.0
0 20 0 2.5
155 8 0 3.5
287 27 0 1.75
125 29 0 2.0
187 26 0 2.0
229 25 0 3.5
356 29 0 3.5
168 2 0 3.25
92 1 0 2.75
340 7 0 2.75
18 14 0 2.75
353 11 0 2.5
97 2 0 1.5
166 9 0 4.0
14 15 0 2.5
120 28 0 2.5
153 47 0 3.75
357 11 0 2.25
347 18 0 2.5
323 13 0 2.5
184 2 0 2.25
24 37 0 2.0
229 10 0 3.25
125 17 0 1.25
27 29 0 4.0
275 24 0 2.5
72 20 0 1.5
320 3 0 2.0
233 8 0 3.25
284 1 0 1.75
172 20 0 2.25
163 10 0 2.75
162 2 0 3.75
120 7 0 3.5
65 5 0 1.5
190 40 0 3.75
101 17 0 3.0
252 4 0 1.5
304 25 0 3.0
51 41 0 2.25
67 29 0 2.75
147 9 0 2.0
299 32 0 2.0
246 32 0 1.5
75 14 0 2.75
81 18 0 2.75
130 24 0 1.25
257 22 0 1.0
25 12 0 2.0
201 5 0 1.5
63 10 0 4.0
21 4 0 2.5
328 16 0 1.75
24 2 0 3.5
357 47 0 3.75
152 30 0 1.75
202 28 0 3.0
340 39 0 2.75
265 30 0 1.0
67 0 0 1.0
152 12 0 1.0
165 51 0 1.5
80 27 0 1.0
53 1 0 2.0
185 45 0 2.0
129 10 0 2.25
164 56 0 3.0
259 24 0 1.5
35 8 0 3.25
44 5 0 1.5
255 27 0 3.5
331 9 0 2.5
236 45 0 3.0
171 7 0 3.25
257 0 0 2.5
194 15 0 2.5
277 13 0 1.75
357 13 0 2.25
301 30 0 3.25
159 63 0 2.5
132 3 0 4.0
93 14 0 1.5
62 19 0 2.0
29 1 0 4.0
99 18 0 1.0
163 28 0 1.0
233 29 0 2.5
294 9 0 2.5
315 10 0 1.25
174 28 0 1.25
231 13 0 1.5
218 10 0 2.5
300 3 0 1.25
79 26 0 2.5
109 8 0 1.75
110 25 0 1.5
166 7 0 2.5
19 3 0 3.75
92 4 0 1.75
83 15 0 3.0
121 4 0 1.25
184 19 0 3.25
40 7 0 4.0
347 21 0 3.25
86 6 0 1.5
337 0 0 3.25
226 56 0 3.0
308 5 0 3.0
7 5 0 1.0
173 2 0 3.25
264 25 0 4.0
128 29 0 4.0
22 10 0 3.5
197 6 0 4.0
161 25 0 1.5
82 10 0 1.5
202 9 0 2.5
27 19 0 4.0
203 54 0 3.75
348 24 0 3.25
157 10 0 2.75
354 6 0 2.75
179 29 0 2.25
242 13 0 3.25
16 4 0 3.0
37 27 0 3.0
91 66 0 1.75
127 15 0 1.75
211 28 0 1.0
340 26 0 2.75
62 3 0 3.5
39 3 0 2.5
306 29 0 2.5
293 5 0 2.5
289 27 0 2.5
184 6 0 3.75
73 6 0 2.0
261 4 0 3.5
9 13 0 3.25
206 70 0 2.5
281 7 0 2.5
37 19 0 2.25
0 2 0 4.0
178 42 0 4.0
57 25 0 2.75
72 13 0 2.25
339 25 0 4.0
299 12 0 1.5
307 3 0 2.75
163 35 0 1.75
262 11 0 4.0
324 8 0 2.75
66 8 0 4.0
109 78 0 2.25
351 9 0 2.75
310 15 0 2.25
195 15 0 3.0
1 24 0 1.25
154 17 0 1.25
325 16 0 1.75
357 29 0 3.75
328 28 0 3.0
281 14 0 3.25
317 4 0 1.75
304 2 0 3.75
14 5 0 3.75
359 59 0 3.25
233 1 0 1.25
242 15 0 2.5
82 28 0 2.5
89 2 0 3.0
117 20 0 4.0
233 6 0 1.75
198 13 0 2.25
118 13 0 2.75
129 16 0 3.75
20 7 0 4.0
148 44 0 1.75
256 3 0 1.25
14 9 0 2.75
70 17 0 4.0
259 9 0 4.0
168 11 0 1.5
37 17 0 3.75
18 27 0 2.25
202 15 0 2.0
254 3 0 2.0
270 13 0 3.0
255 1 0 1.75
69 8 0 3.5
274 20 0 2.75
321 17 0 1.25
147 24 0 2.25
187 19 0 3.0
77 2 0 1.25
189 15 0 3.0
45 5 0 1.25
246 25 0 1.25
89 23 0 1.75
309 14 0 2.0
358 9 0 3.5
49 0 0 3.25
161 12 0 3.75
343 20 0 3.75
58 8 0 3.5
201 0 0 1.75
49 24 0 2.75
282 2 0 2.5
48 6 0 2.75
182 17 0 3.25
161 27 0 3.5
317 20 0 1.25
252 12 0 3.0
52 2 0 2.25
60 6 0 4.0
271 27 0 3.0
326 28 0 2.75
332 19 0 1.0
92 9 0 2.5
242 3 0 1.5
338 7 0 2.25
203 22 0 1.25
210 8 0 2.25
345 50 0 2.5
108 14 0 3.75
171 1 0 4.0
159 29 0 1.75
72 4 0 1.0
204 14 0 4.0
162 13 0 1.5
11 65 0 2.0
291 28 0 2.75
60 19 0 1.25
267 12 0 3.5
198 25 0 1.75
81 8 0 4.0
316 15 0 1.0
133 50 0 3.0
152 7 0 2.75
291 1 0 3.0
265 53 0 2.0
44 24 0 1.25
226 14 0 3.0
278 0 0 2.25
254 28 0 3.25
344 24 0 1.75
278 2 0 1.5
28 24 0 4.0
336 25 0 4.0
233 21 0 4.0
162 19 0 3.75
263 10 0 1.25
348 12 0 2.5
160 29 0 4.0
160 47 0 3.0
102 19 0 3.5
19 4 0 1.25
67 56 0 4.0
148 7 0 2.75
42 28 0 3.25
95 45 0 3.25
225 13 0 2.0
58 16 0 3.5
199 5 0 2.5
41 37 0 3.5
87 13 0 1.0
267 24 0 1.5
11 48 0 4.0
232 20 0 1.75
331 1 0 1.75
60 24 0 1.0
46 58 0 3.75
312 10 0 4.0
107 13 0 1.25
38 14 0 2.25
203 16 0 4.0
277 23 0 1.25
273 27 0 2.0
2 4 0 1.75
323 7 0 1.75
59 14 0 1.5
180 6 0 2.5
135 7 0 1.0
282 8 0 4.0
320 5 0 3.25
202 5 0 3.0
325 19 0 2.0
295 11 0 2.5
191 5 0 2.75
177 5 0 1.25
134 22 0 2.75
350 18 0 3.0
302 18 0 2.75
269 49 0 1.25
339 23 0 3.5
110 5 0 1.75
148 6 0 2.0
153 20 0 3.0
309 26 0 1.75
177 71 0 2.5
109 29 0 1.75
197 26 0 2.5
92 19 0 2.25
331 4 0 2.5
245 15 0 1.0
266 47 0 3.5
118 15 0 2.5
187 9 0 2.0
215 5 0 2.25
343 5 0 3.75
36 0 0 1.5
258 16 0 2.0
22 13 0 4.0
353 29 0 3.5
88 25 0 2.5
35 11 0 1.0
302 2 0 2.0
195 10 0 4.0
320 74 0 1.25
344 1 0 3.75
121 49 0 2.25
127 10 0 2.0
104 8 0 4.0
282 7 0 3.0
240 17 0 1.5
337 59 0 2.25
198 0 0 1.5
102 13 0 3.25
340 21 0 3.5
133 22 0 3.5
153 8 0 3.5
195 53 0 1.5
218 20 0 1.5
0 19 0 3.25
119 23 0 1.5
28 24 0 2.25
229 10 0 2.0
95 2 0 1.25
221 25 0 3.0
315 8 0 3.25
342 27 0 4.0
62 5 0 1.75
290 3 0 3.0
288 21 0 1.75
266 0 0 3.0
259 2 0 3.0
203 7 0 1.75
237 6 0 1.5
254 12 0 1.0
239 57 0 2.75
211 30 0 1.0
2 13 0 3.0
232 36 0 1.25
195 24 0 2.75
197 27 0 3.25
353 2 0 3.25
74 17 0 2.25
232 24 0 3.25
90 2 0 2.0
343 22 0 1.5
167 18 0 2.0
302 0 0 2.25
61 26 0 3.5
138 9 0 2.0
51 22 0 1.75
215 25 0 3.0
284 20 0 2.0
194 9 0 2.25
223 16 0 1.0
29 18 0 3.0
31 1 0 1.0
99 21 0 3.25
277 36 0 2.25
13 10 0 2.25
149 28 0 1.5
297 27 0 3.0
306 28 0 2.25
148 26 0 1.25
318 18 0 1.0
259 29 0 4.0
2 26 0 1.5
261 4 0 3.75
114 23 0 3.25
291 2 0 3.0
94 15 0 1.75
127 5 0 1.75
221 0 0 2.25
126 6 0 2.5
323 15 0 1.0
335 15 0 2.0
243 25 0 2.25
350 24 0 2.5
340 4 0 1.5
79 14 0 3.75
69 33 0 2.0
27 20 0 2.75
225 30 0 1.75
64 29 0 2.5
325 30 0 2.25
141 17 0 2.25
97 8 0 1.5
260 28 0 1.5
131 1 0 2.0
320 60 0 3.25
232 24 0 1.25
257 9 0 1.0
105 15 0 2.25
19 12 0 1.75
269 11 0 2.0
204 21 0 3.25
73 14 0 2.25
5 24 0 1.5
266 33 0 4.0
48 13 0 3.5
21 14 0 1.75
184 21 0 1.5
105 12 0 2.0
0 49 0 1.75
350 25 0 2.0
214 5 0 2.5
306 29 0 3.25
255 28 0 1.0
242 72 0 1.75
4 41 0 1.25
115 16 0 3.75
221 5 0 3.25
189 33 0 1.25
157 6 0 1.75
128 34 0 2.5
248 35 0 3.25
328 42 0 3.5
280 10 0 3.25
130 14 0 2.0
91 27 0 1.75
244 21 0 1.5
210 52 0 1.5
344 2 0 3.75
89 2 0 2.25
53 18 0 4.0
343 8 0 1.5
250 14 0 4.0
212 19 0 2.25
204 10 0 3.5
273 29 0 3.25
328 24 0 4.0
348 7 0 2.25
148 15 0 3.25
74 15 0 1.5
113 25 0 1.0
214 21 0 3.5
26 0 0 3.0
307 14 0 2.0
299 66 0 3.5
191 26 0 3.5
267 29 0 2.25
185 6 0 1.75
260 12 0 2.5
152 16 0 3.75
37 20 0 1.0
255 27 0 1.25
313 22 0 3.0
196 2 0 2.0
239 3 0 2.25
27 13 0 2.25
201 11 0 4.0
134 21 0 1.75
175 1 0 3.75
154 11 0 1.0
320 14 0 3.75
136 14 0 2.0
324 22 0 2.0
93 26 0 2.0
260 51 0 3.25
1 23 0 2.0
80 22 0 4.0
261 11 0 2.5
263 1 0 3.25
89 30 0 1.25
327 4 0 4.0
214 23 0 4.0
275 58 0 2.5
32 29 0 3.75
270 1 0 1.0
8 15 0 1.5
200 60 0 2.75
150 0 0 2.5
302 25 0 1.5
54 28 0 3.25
282 3 0 1.5
199 21 0 3.5
37 18 0 2.75
93 32 0 2.5
306 8 0 2.0
66 18 0 1.5
326 13 0 2.0
283 3 0 1.5
173 28 0 1.5
66 13 0 3.75
223 21 0 2.5
281 20 0 3.25
345 0 0 2.75
120 59 0 2.5
317 24 0 2.75
160 7 0 3.0
148 29 0 3.5
131 6 0 2.25
238 18 0 2.25
318 26 0 1.0
268 30 0 3.5
254 39 0 1.75
98 34 0 2.5
119 7 0 2.75
70 14 0 3.5
95 13 0 1.75
211 1 0 1.0
358 53 0 2.75
330 21 0 4.0
109 19 0 2.0
131 12 0 3.75
334 30 0 4.0
23 22 0 3.5
90 2 0 3.0
317 11 0 2.75
239 10 0 3.0
127 25 0 2.25
11 11 0 2.25
302 14 0 2.25
88 21 0 1.0
200 3 0 1.0
210 18 0 1.5
93 18 0 3.25
122 72 0 4.0
20 28 0 1.25
25 14 0 3.25
7 9 0 3.75
340 12 0 2.25
313 3 0 2.25
51 16 0 1.0
37 19 0 3.0
271 30 0 3.75
346 18 0 3.0
13 22 0 1.75
167 3 0 3.5
170 13 0 2.0
91 8 0 3.0
216 20 0 1.5
158 6 0 1.5
128 29 0 1.25
259 16 0 1.5
91 26 0 2.0
276 17 0 1.5
301 20 0 3.75
26 13 0 1.5
184 7 0 1.25
281 17 0 2.25
180 20 0 2.25
143 34 0 3.0
260 26 0 3.5
241 16 0 2.0
89 68 0 3.0
327 20 0 1.25
59 24 0 2.0
348 6 0 1.25
280 19 0 2.25
10 41 0 1.75
216 21 0 1.5
309 5 0 2.5
20 70 0 1.0
160 23 0 2.25
74 17 0 3.5
216 29 0 4.0
122 24 0 2.75
150 10 0 1.75
265 12 0 1.75
227 14 0 1.25
261 10 0 3.5
238 23 0 2.75
14 20 0 1.0
164 11 0 3.25
79 20 0 1.5
243 11 0 1.0
315 28 0 1.5
7 24 0 4.0
339 23 0 3.0
355 2 0 3.0
67 15 0 1.0
178 11 0 1.25
54 59 0 1.0
109 7 0 2.75
303 25 0 3.0
74 25 0 3.25
287 17 0 1.25
337 14 0 1.75
315 7 0 2.75
263 17 0 3.25
54 7 0 3.75
213 20 0 3.75
61 25 0 3.25
304 74 0 1.0
248 12 0 2.0
311 29 0 2.0
196 48 0 3.0
200 9 0 1.5
52 0 0 2.5
332 12 0 1.0
108 2 0 1.75
186 13 0 2.75
136 11 0 2.25
217 24 0 3.5
81 19 0 1.75
321 18 0 2.25
166 29 0 4.0
245 26 0 3.0
269 22 0 2.5
190 41 0 2.25
32 9 0 3.75
28 19 0 2.75
260 15 0 4.0
116 5 0 2.0
218 66 0 2.25
304 7 0 1.0
185 6 0 4.0
181 23 0 3.5
194 0 0 2.0
158 28 0 1.5
257 14 0 1.75
8 20 0 2.25
225 17 0 2.0
314 0 0 3.0
92 14 0 1.25
283 19 0 3.0
76 28 0 4.0
179 18 0 2.25
204 2 0 3.75
329 28 0 2.25
315 6 0 2.25
329 20 0 2.25
43 18 0 1.25
113 11 0 2.25
254 10 0 3.5
228 23 0 1.75
313 17 0 1.5
51 45 0 2.75
357 16 0 3.5
67 19 0 2.5
13 23 0 4.0
340 6 0 3.0
67 30 0 3.0
269 30 0 2.5
22 42 0 3.25
67 12 0 3.5
227 6 0 2.5
5 9 0 1.0
36 25 0 2.25
333 24 0 2.75
305 28 0 3.25
190 8 0 3.5
290 5 0 3.75
165 18 0 2.5
134 40 0 1.5
269 21 0 3.75
247 23 0 4.0
354 21 0 1.25
100 2 0 3.25
314 8 0 3.0
284 15 0 1.75
208 22 0 1.5
151 60 0 3.0
22 3 0 2.25
319 23 0 3.5
333 23 0 3.75
199 12 0 2.25
321 2 0 3.5
234 57 0 1.5
344 14 0 2.25
209 28 0 1.25
177 61 0 2.75
73 26 0 2.75
262 27 0 1.5
81 31 0 3.25
93 16 0 1.5
1 9 0 3.75
207 21 0 1.25
300 80 0 3.75
349 2 0 3.25
109 6 0 1.0
208 2 0 1.75
179 11 0 2.5
83 12 0 2.5
140 14 0 2.0
122 21 0 1.75
256 37 0 1.25
124 23 0 4.0
222 20 0 3.75
10 22 0 4.0
338 14 0 3.5
172 43 0 1.5
258 12 0 1.5
11 0 0 2.75
11 7 0 2.0
337 79 0 1.0
72 17 0 1.75
297 60 0 2.5
206 0 0 1.0
162 3 0 2.5
339 16 0 2.5
233 6 0 3.75
163 48 0 2.0
208 6 0 1.5
164 18 0 4.0
263 2 0 2.0
80 16 0 2.0
255 6 0 1.5
235 9 0 1.0
152 2 0 1.75
219 10 0 2.0
240 5 0 4.0
10 24 0 3.75
166 17 0 1.25
144 15 0 2.5
77 16 0 2.0
221 53 0 3.75
254 51 0 1.75
41 9 0 3.75
49 11 0 2.75
73 0 0 4.0
30 23 0 2.0
34 27 0 2.5
174 11 0 2.5
95 48 0 1.0
198 13 0 2.0
157 4 0 3.75
118 6 0 2.25
48 9 0 2.5
265 28 0 2.0
260 63 0 1.75
154 13 0 1.5
166 26 0 2.75
196 14 0 2.0
78 15 0 3.75
316 29 0 3.75
224 20 0 3.0
239 15 0 3.5
141 12 0 2.25
246 40 0 4.0
351 72 0 2.75
296 13 0 2.0
230 7 0 2.5
336 41 0 3.25
71 15 0 4.0
331 19 0 1.25
74 3 0 3.5
291 56 0 3.0
182 15 0 3.75
284 26 0 2.25
60 2 0 1.5
217 68 0 1.25
27 24 0 1.0
58 14 0 1.0
322 32 0 2.5
321 18 0 1.75
261 20 0 1.25
225 23 0 2.5
195 4 0 1.75
108 26 0 4.0
172 12 0 3.0
55 7 0 2.25
357 0 0 2.0
330 14 0 1.5
72 2 0 2.5
238 14 0 3.0
258 20 0 2.75
106 30 0 2.75
123 4 0 3.5
172 30 0 2.75
207 21 0 2.0
229 6 0 2.25
337 9 0 1.0
343 14 0 1.5
220 24 0 1.25
102 28 0 1.25
318 14 0 2.75
296 10 0 1.75
21 23 0 1.5
225 6 0 2.75
233 16 0 3.5
91 30 0 2.75
251 0 0 3.0
209 13 0 1.75
237 10 0 3.25
316 0 0 2.75
254 21 0 2.0
53 76 0 1.0
132 21 0 1.25
35 77 0 1.75
85 15 0 4.0
196 59 0 2.5
228 6 0 1.0
284 9 0 2.75
257 18 0 2.75
282 4 0 2.25
109 11 0 3.25
129 8 0 3.25
278 5 0 3.5
237 18 0 1.75
144 1 0 1.5
132 21 0 2.0
21 21 0 3.25
326 27 0 1.75
53 21 0 3.5
1 3 0 3.25
213 10 0 3.25
168 3 0 2.5
15 10 0 1.25
2 29 0 3.0
110 0 0 2.0
157 20 0 1.75
8 25 0 1.25
146 12 0 2.25
9 24 0 2.0
94 33 0 3.0
112 24 0 2.0
332 23 0 1.25
328 2 0 3.5
264 41 0 2.5
17 10 0 3.0
137 28 0 3.25
102 68 0 2.75
17 7 0 3.75
105 4 0 2.5
136 5 0 1.0
345 1 0 2.0
8 62 0 2.25
108 5 0 1.25
143 22 0 2.25
359 23 0 1.25
332 24 0 1.75
10 12 0 3.5
83 32 0 2.0
158 9 0 2.0
73 6 0 2.5
228 1 0 1.0
49 1 0 2.5
212 36 0 3.75
131 15 0 2.5
156 51 0 2.25
43 4 0 1.75
126 6 0 1.75
28 11 0 2.5
212 26 0 3.75
37 24 0 2.5
335 52 0 2.5
262 14 0 1.75
85 12 0 1.5
101 19 0 1.0
202 21 0 4.0
178 20 0 3.5
321 6 0 3.75
103 13 0 1.0
329 10 0 3.75
94 28 0 1.5
256 18 0 1.25
176 14 0 1.5
135 14 0 4.0
212 19 0 2.0
316 8 0 1.0
101 3 0 1.75
197 12 0 1.75
45 29 0 2.5
47 53 0 2.25
152 7 0 3.5
173 69 0 2.0
145 18 0 1.0
98 15 0 3.25
284 17 0 3.5
247 28 0 1.0
161 10 0 2.5
19 0 0 3.25
268 27 0 2.25
107 12 0 3.25
301 20 0 3.0
125 75 0 4.0
238 13 0 3.75
9 9 0 1.75
298 29 0 1.25
195 25 0 3.75
55 23 0 3.0
136 19 0 3.0
98 23 0 3.75
270 26 0 1.25
87 17 0 1.0
269 21 0 2.5
283 2 0 1.25
90 3 0 3.0
212 25 0 4.0
104 27 0 2.75
101 22 0 3.25
6 26 0 3.0
251 4 0 4.0
305 19 0 1.0
124 16 0 2.0
112 29 0 1.75
212 20 0 2.0
105 11 0 4.0
176 23 0 2.0
232 11 0 2.5
283 18 0 3.75
314 24 0 1.25
100 30 0 1.0
26 4 0 3.5
59 4 0 2.0
329 10 0 1.75
176 63 0 3.5
252 24 0 2.5
19 5 0 3.75
331 5 0 3.75
17 23 0 1.25
5 5 0 4.0
75 70 0 4.0
251 27 0 3.25
320 1 0 1.5
304 6 0 1.75
283 9 0 1.25
225 29 0 2.25
183 12 0 2.25
57 20 0 1.75
129 5 0 1.25
34 39 0 1.25
286 16 0 3.75
352 1 0 3.5
186 42 0 2.5
353 3 0 2.5
21 27 0 1.0
176 17 0 2.25
274 0 0 3.25
220 30 0 1.5
102 51 0 3.75
70 16 0 1.0
230 5 0 2.5
281 54 0 2.5
239 10 0 2.25
270 9 0 2.75
191 19 0 3.0
354 15 0 3.0
254 25 0 3.25
14 13 0 3.25
276 20 0 3.25
154 8 0 1.25
154 1 0 2.5
94 14 0 1.5
313 29 0 1.0
188 1 0 3.75
9 9 0 1.25
29 6 0 3.75
145 21 0 1.25
242 13 0 3.0
334 1 0 1.5
28 29 0 1.25
297 30 0 2.5
48 9 0 4.0
262 5 0 1.75
275 9 0 2.0
342 27 0 3.25
72 18 0 2.0
244 7 0 2.75
100 62 0 2.0
101 5 0 4.0
355 18 0 2.75
331 6 0 3.75
223 24 0 3.5
263 20 0 2.75
214 13 0 2.0
273 11 0 2.25
23 12 0 1.5
152 37 0 3.0
359 15 0 1.0
62 18 0 1.5
140 25 0 2.25
353 27 0 1.0
69 15 0 1.75
266 10 0 3.0
63 49 0 2.75
48 0 0 1.0
66 9 0 4.0
270 25 0 1.25
40 2 0 3.5
187 25 0 1.0
114 18 0 2.25
188 3 0 1.5
87 26 0 3.25
242 5 0 3.0
340 29 0 3.5
110 14 0 3.25
310 18 0 3.5
281 9 0 2.75
144 11 0 1.25
201 14 0 1.25
230 30 0 1.5
240 27 0 2.5
298 12 0 2.75
150 26 0 2.0
74 28 0 3.0
190 7 0 3.25
221 25 0 1.0
242 24 0 1.75
333 4 0 3.25
358 15 0 1.75
135 6 0 1.75
25 21 0 1.5
168 2 0 3.75
239 7 0 1.5
283 30 0 3.75
259 17 0 1.0
8 18 0 3.0
220 15 0 3.5
180 47 0 1.5
85 15 0 2.0
168 0 0 3.5
140 20 0 4.0
44 10 0 1.25
16 7 0 3.5
297 35 0 1.5
299 22 0 1.0
311 10 0 2.75
100 5 0 3.25
22 3 0 3.5
139 1 0 1.25
86 25 0 3.75
12 11 0 3.75
32 53 0 4.0
344 16 0 3.0
209 12 0 3.25
51 18 0 3.5
293 19 0 3.5
38 24 0 1.75
332 23 0 1.75
78 53 0 3.75
193 11 0 3.75
286 67 0 3.0
339 4 0 1.0
169 46 0 3.25
347 24 0 1.75
203 7 0 1.5
284 30 0 2.5
81 20 0 2.5
118 20 0 1.5
104 52 0 1.0
70 1 0 3.5
302 15 0 2.5
274 9 0 1.0
245 16 0 2.5
260 58 0 1.75
195 27 0 3.5
88 18 0 3.5
104 29 0 1.0
359 51 0 2.0
131 28 0 4.0
209 39 0 3.75
163 29 0 1.5
280 0 0 3.0
48 20 0 3.25
150 30 0 3.0
125 17 0 3.5
347 6 0 2.0
187 20 0 3.5
117 27 0 3.25
331 34 0 1.0
46 5 0 3.5
158 60 0 2.25
16 36 0 3.0
352 9 0 3.25
356 7 0 4.0
187 15 0 2.5
26 19 0 1.0
28 10 0 1.0
110 25 0 3.5
207 28 0 3.75
252 40 0 2.0
98 1 0 2.5
164 30 0 1.75
326 1 0 3.75
74 14 0 1.75
99 46 0 3.75
348 11 0 1.25
124 22 0 1.0
159 2 0 3.75
122 25 0 1.75
205 28 0 4.0
208 29 0 2.75
26 29 0 2.75
56 12 0 3.25
248 14 0 2.5
144 21 0 1.0
198 15 0 3.5
25 5 0 3.0
277 12 0 1.5
340 18 0 1.25
275 8 0 1.5
210 0 0 3.25
34 5 0 2.5
97 1 0 2.0
99 10 0 1.25
30 10 0 2.0
112 14 0 1.75
312 27 0 3.5
230 23 0 1.25
102 10 0 2.25
265 15 0 1.25
182 19 0 3.5
222 6 0 2.75
145 3 0 2.25
122 5 0 1.0
205 50 0 2.5
236 9 0 2.5
307 25 0 2.75
12 26 0 3.75
282 26 0 3.5
40 10 0 2.75
315 10 0 3.0
5 18 0 1.0
228 13 0 1.75
21 1 0 1.75
334 19 0 4.0
279 2 0 1.25
112 28 0 1.75
347 5 0 3.75
165 2 0 1.25
40 25 0 3.75
264 12 0 2.5
21 34 0 3.75
328 26 0 3.75
289 9 0 1.0
145 8 0 2.5
157 9 0 2.75
62 6 0 3.75
216 15 0 2.0
225 37 0 3.5
252 12 0 1.0
147 33 0 3.5
320 7 0 3.0
67 29 0 2.0
27 1 0 1.5
285 10 0 1.0
205 21 0 2.5
313 8 0 1.75
66 15 0 3.25
356 21 0 3.75
239 13 0 2.5
127 23 0 3.0
87 26 0 2.75
141 5 0 3.25
207 29 0 2.25
48 19 0 4.0
303 70 0 2.75
245 25 0 2.0
187 2 0 2.25
187 22 0 1.5
31 26 0 4.0
83 10 0 4.0
288 19 0 3.75
96 77 0 1.0
92 47 0 2.0
59 32 0 1.0
358 7 0 1.5
209 21 0 3.0
26 25 0 2.75
73 20 0 3.25
84 26 0 2.0
45 23 0 2.0
175 29 0 3.25
308 4 0 3.5
250 15 0 4.0
58 26 0 2.25
123 15 0 1.25
128 6 0 2.25
274 18 0 2.25
179 26 0 2.25
85 33 0 2.75
353 17 0 2.5
336 23 0 2.5
293 29 0 2.75
241 7 0 2.5
44 26 0 4.0
197 8 0 2.75
336 1 0 2.25
329 12 0 3.75
201 30 0 1.75
1 1 0 1.25
150 24 0 1.75
225 5 0 2.5
27 20 0 1.75
38 7 0 3.75
261 15 0 1.5
3 17 0 3.25
38 10 0 1.75
87 13 0 3.75
342 13 0 3.0
59 17 0 2.5
18 15 0 1.0
134 7 0 2.25
101 13 0 1.75
241 48 0 2.75
347 1 0 2.5
35 2 0 2.5
302 17 0 2.5
293 26 0 1.5
162 28 0 4.0
128 9 0 1.75
222 26 0 3.5
95 14 0 3.0
127 20 0 1.25
26 12 0 1.25
230 29 0 2.25
88 30 0 1.5
217 25 0 3.75
339 42 0 3.25
284 27 0 1.0
138 20 0 2.5
258 17 0 2.0
331 19 0 2.75
1 7 0 1.75
125 21 0 1.75
295 30 0 1.5
279 1 0 2.25
48 12 0 2.0
261 26 0 4.0
350 24 0 3.75
99 17 0 2.25
66 4 0 2.5
199 16 0 3.75
64 5 0 3.0
30 8 0 1.0
4 18 0 3.75
25 17 0 2.25
87 29 0 2.0
168 5 0 2.75
281 25 0 3.0
334 32 0 1.5
329 23 0 2.75
354 7 0 3.75
126 45 0 4.0
338 11 0 1.5
309 30 0 1.25
2 15 0 3.75
124 17 0 2.75
119 13 0 2.25
235 24 0 2.25
256 51 0 1.5
98 8 0 2.75
119 41 0 1.75
302 20 0 3.0
242 12 0 1.25
240 8 0 3.5
102 21 0 2.25
40 30 0 2.25
262 20 0 3.25
213 20 0 3.5
203 10 0 2.25
160 21 0 3.25
21 16 0 4.0
192 25 0 2.5
141 9 0 2.75
118 17 0 1.0
259 15 0 2.75
55 66 0 1.25
53 11 0 1.25
33 77 0 1.5
92 24 0 3.0
339 9 0 2.0
281 3 0 2.5
266 23 0 3.25
97 0 0 4.0
148 9 0 1.75
266 1 0 3.0
184 2 0 1.25
323 29 0 3.25
320 28 0 3.0
38 7 0 2.25
271 5 0 2.25
334 22 0 1.0
337 6 0 3.75
332 31 0 2.75
46 18 0 2.5
202 76 0 2.0
171 25 0 4.0
11 19 0 1.0
15 68 0 3.0
137 10 0 2.5
178 6 0 2.25
72 26 0 2.25
109 11 0 2.75
23 30 0 1.5
119 13 0 1.75
123 2 0 1.75
107 26 0 2.75
184 0 0 4.0
261 73 0 3.0
210 25 0 1.5
309 0 0 1.75
61 30 0 4.0
116 17 0 1.0
40 32 0 3.75
168 18 0 3.0
266 28 0 3.0
281 15 0 3.75
203 24 0 1.75
96 12 0 3.0
182 11 0 1.0
314 19 0 1.75
224 8 0 3.25
64 4 0 2.0
318 22 0 3.0
313 12 0 3.0
73 17 0 2.75
221 15 0 3.75
65 18 0 3.5
216 25 0 1.75
62 28 0 4.0
160 18 0 4.0
174 28 0 2.5
37 19 0 2.0
245 10 0 1.75
304 8 0 3.75
232 27 0 3.75
237 0 0 1.75
67 11 0 1.5
190 16 0 2.0
21 69 0 1.5
153 25 0 4.0
130 8 0 2.75
261 6 0 1.25
211 11 0 2.25
70 2 0 3.5
30 23 0 3.75
346 28 0 2.25
286 46 0 3.5
131 8 0 4.0
17 3 0 4.0
223 29 0 2.75
82 3 0 3.75
234 15 0 2.25
259 30 0 1.75
121 9 0 2.75
330 16 0 1.75
48 29 0 1.5
231 4 0 1.5
59 49 0 3.75
265 18 0 2.0
202 28 0 1.75
181 25 0 2.5
296 28 0 1.75
172 79 0 3.5
212 17 0 3.5
38 7 0 3.25
146 27 0 2.75
171 27 0 3.5
150 5 0 3.75
175 1 0 3.0
244 76 0 3.25
16 13 0 4.0
89 16 0 1.75
336 15 0 3.0
136 38 0 2.5
198 30 0 2.5
337 16 0 1.75
316 16 0 4.0
297 20 0 3.5
332 6 0 1.75
70 25 0 3.25
10 18 0 2.25
204 68 0 1.5
275 20 0 3.0
245 28 0 1.25
158 52 0 4.0
299 11 0 2.25
1 9 0 2.25
235 1 0 4.0
149 15 0 2.0
282 21 0 3.0
338 21 0 2.0
90 16 0 3.0
4 24 0 2.25
164 28 0 4.0
334 13 0 3.5
324 14 0 3.75
95 27 0 4.0
255 25 0 2.75
54 28 0 2.75
234 17 0 2.75
213 27 0 2.5
355 8 0 3.5
215 7 0 1.0
49 6 0 1.0
1 9 0 2.75
285 23 0 2.5
117 4 0 1.5
325 4 0 2.75
147 17 0 1.25
338 3 0 4.0
119 28 0 1.5
113 2 0 1.0
22 23 0 1.5
203 16 0 3.75
55 2 0 3.5
237 8 0 1.25
343 8 0 1.0
170 3 0 2.25
230 5 0 2.25
283 12 0 2.75
316 17 0 2.25
125 42 0 3.75
307 28 0 2.75
336 29 0 3.25
87 13 0 1.75
109 17 0 3.0
107 10 0 1.75
261 0 0 1.0
122 2 0 1.75
189 23 0 1.5
82 18 0 3.0
207 13 0 1.25
161 14 0 3.5
112 20 0 2.75
72 19 0 3.25
301 29 0 2.5
75 18 0 2.75
251 16 0 3.0
82 79 0 2.0
206 25 0 3.5
148 19 0 3.25
76 23 0 2.75
16 28 0 2.5
78 2 0 2.25
43 12 0 2.0
63 3 0 2.5
294 17 0 3.75
244 27 0 1.5
102 27 0 2.75
208 27 0 1.25
221 16 0 3.5
345 14 0 3.5
93 7 0 3.0
324 18 0 2.5
10 23 0 1.5
330 13 0 3.25
38 18 0 4.0
267 9 0 3.75
208 8 0 3.5
24 42 0 3.25
182 6 0 2.5
20 3 0 2.25
132 13 0 4.0
23 7 0 1.5
339 29 0 1.0
100 9 0 2.25
345 11 0 2.5
51 2 0 1.5
170 28 0 2.25
94 27 0 4.0
131 26 0 2.25
251 8 0 1.0
48 30 0 4.0
199 43 0 4.0
144 25 0 4.0
44 11 0 2.75
123 19 0 3.0
84 1 0 1.75
62 3 0 1.0
348 45 0 3.25
330 25 0 2.5
139 80 0 1.0
218 58 0 3.25
194 40 0 1.5
60 14 0 1.5
221 22 0 1.75
197 28 0 2.5
168 10 0 2.5
290 23 0 2.25
268 12 0 3.0
326 12 0 3.0
161 14 0 2.0
228 30 0 2.5
213 25 0 2.5
33 34 0 2.75
50 3 0 2.25
100 23 0 1.75
51 7 0 2.75
96 1 0 4.0
341 8 0 1.25
271 54 0 3.5
229 13 0 2.75
129 21 0 3.0
93 27 0 3.75
4 8 0 1.25
314 25 0 1.5
152 27 0 2.5
162 24 0 2.5
324 7 0 1.0
61 17 0 2.25
126 26 0 2.25
174 1 0 3.0
29 24 0 2.5
116 4 0 3.25
308 6 0 1.75
313 15 0 1.25
317 4 0 4.0
53 78 0 1.5
37 3 0 3.75
354 14 0 2.75
162 6 0 2.25
150 25 0 3.0
108 19 0 2.0
316 17 0 1.25
276 37 0 1.25
187 19 0 1.0
204 13 0 1.0
161 28 0 2.0
22 27 0 3.75
244 4 0 3.5
199 28 0 2.5
251 0 0 1.0
62 20 0 3.75
88 19 0 1.25
332 17 0 1.25
171 21 0 1.5
188 19 0 3.75
189 6 0 4.0
113 11 0 1.0
64 4 0 3.75
170 16 0 3.0
62 6 0 1.0
133 10 0 1.25
241 25 0 1.5
158 27 0 3.75
7 15 0 3.75
318 17 0 3.5
24 26 0 2.75
275 24 0 3.75
231 11 0 3.0
304 18 0 2.25
164 5 0 3.5
270 29 0 1.25
253 15 0 2.5
118 26 0 1.5
296 18 0 1.5
77 7 0 4.0
84 7 0 1.0
217 5 0 3.75
317 21 0 3.5
189 14 0 2.5
221 0 0 1.75
163 15 0 1.5
216 25 0 2.5
279 24 0 3.5
251 23 0 1.75
85 7 0 2.5
145 22 0 1.75
54 19 0 3.0
202 10 0 2.75
25 33 0 2.25
69 7 0 2.0
260 61 0 1.0
318 26 0 3.5
21 31 0 2.0
57 7 0 3.25
88 27 0 2.25
276 27 0 3.75
222 7 0 2.5
97 26 0 3.5
275 29 0 3.25
197 22 0 3.25
189 24 0 2.75
290 24 0 3.75
326 10 0 1.25
28 3 0 2.0
168 24 0 1.25
275 52 0 1.25
27 44 0 1.5
317 28 0 2.25
333 29 0 1.0
344 28 0 3.0
313 0 0 1.0
104 5 0 3.5
32 25 0 3.75
196 2 0 1.5
192 1 0 2.25
279 27 0 2.5
107 23 0 2.0
166 12 0 1.75
49 27 0 1.75
257 18 0 3.75
191 22 0 2.0
117 12 0 2.0
310 27 0 2.25
176 5 0 2.5
247 28 0 3.5
331 12 0 1.0
122 16 0 1.5
100 13 0 1.75
108 26 0 3.75
133 22 0 3.25
332 30 0 3.5
142 11 0 2.0
184 3 0 2.75
195 66 0 1.25
304 27 0 3.25
121 6 0 3.0
254 19 0 1.25
289 18 0 1.75
184 24 0 3.25
114 18 0 3.25
230 13 0 1.5
123 21 0 1.25
156 28 0 2.0
185 18 0 1.0
323 3 0 2.0
246 65 0 2.75
345 9 0 1.0
293 14 0 2.25
321 19 0 2.25
274 46 0 3.5
162 24 0 3.25
309 0 0 4.0
161 6 0 3.25
34 1 0 2.75
301 7 0 1.25
59 0 0 1.25
325 26 0 1.75
229 6 0 1.5
43 26 0 3.0
231 25 0 1.5
241 23 0 2.25
42 23 0 1.75
57 4 0 1.75
228 9 0 2.5
138 17 0 3.25
92 0 0 4.0
274 27 0 2.25
151 5 0 1.25
113 19 0 1.25
198 11 0 3.25
228 26 0 2.5
263 5 0 3.5
274 3 0 1.0
263 17 0 1.0
283 20 0 1.5
353 12 0 3.75
14 3 0 2.75
25 1 0 2.0
212 19 0 1.0
204 18 0 1.5
279 3 0 1.5
233 20 0 3.5
157 5 0 1.0
37 20 0 2.0
186 2 0 3.0
320 18 0 2.0
216 5 0 2.25
319 29 0 3.0
76 1 0 4.0
244 9 0 3.25
72 22 0 3.0
282 22 0 3.25
348 1 0 2.75
124 18 0 3.25
53 8 0 2.0
139 8 0 3.5
300 26 0 3.5
161 9 0 3.75
268 10 0 2.5
82 24 0 3.75
32 44 0 2.75
239 11 0 4.0
200 74 0 4.0
187 24 0 2.25
305 30 0 1.5
249 15 0 3.5
69 37 0 2.5
341 18 0 3.25
340 5 0 3.75
169 24 0 1.75
132 13 0 3.25
358 16 0 2.5
67 6 0 1.75
174 24 0 2.0
79 4 0 1.25
211 22 0 3.75
326 5 0 2.0
337 25 0 2.5
69 19 0 1.75
190 28 0 3.75
332 24 0 3.5
176 10 0 2.75
275 29 0 2.25
255 14 0 3.0
315 36 0 3.5
18 19 0 3.75
350 28 0 3.25
264 24 0 2.25
179 8 0 1.0
243 8 0 3.75
287 16 0 2.75
348 22 0 2.75
237 11 0 1.0
133 25 0 4.0
166 31 0 3.75
326 24 0 4.0
57 27 0 1.25
54 0 0 1.0
105 26 0 3.75
231 22 0 2.0
133 24 0 1.5
331 7 0 2.75
266 9 0 1.25
106 13 0 4.0
137 46 0 4.0
218 63 0 2.0
58 70 0 1.5
321 9 0 2.75
196 2 0 3.0
88 16 0 1.0
300 74 0 1.0
138 64 0 3.25
147 25 0 4.0
53 9 0 1.0
55 3 0 1.0
234 31 0 2.5
74 22 0 2.0
209 7 0 2.5
231 19 0 4.0
301 19 0 3.25
192 19 0 2.5
227 20 0 2.75
218 29 0 3.5
344 41 0 2.75
285 16 0 2.75
359 17 0 3.25
151 16 0 3.0
23 64 0 2.25
142 9 0 1.25
16 3 0 3.25
283 5 0 1.0
287 20 0 3.75
329 7 0 2.25
214 10 0 3.25
199 50 0 4.0
73 34 0 1.5
76 10 0 2.25
181 17 0 4.0
26 17 0 2.25
123 24 0 3.25
143 26 0 1.5
344 46 0 1.75
308 59 0 2.5
119 21 0 3.5
333 59 0 2.75
318 4 0 3.75
322 12 0 3.25
307 23 0 2.75
326 18 0 1.75
207 2 0 2.5
182 20 0 1.25
244 30 0 1.75
136 11 0 3.5
305 19 0 2.0
264 15 0 2.75
102 20 0 1.5
299 2 0 2.5
70 44 0 1.25
226 20 0 3.75
333 6 0 1.5
119 30 0 3.5
260 26 0 2.75
70 6 0 2.5
271 18 0 1.5
327 28 0 2.25
52 1 0 2.5
12 44 0 3.75
263 18 0 4.0
40 15 0 3.5
38 21 0 3.75
116 20 0 2.25
234 6 0 3.0
296 7 0 2.5
348 12 0 1.0
245 17 0 1.0
253 28 0 3.0
252 17 0 2.0
111 73 0 2.5
202 3 0 1.25
245 37 0 2.0
176 24 0 3.5
4 16 0 1.5
75 7 0 4.0
97 7 0 4.0
3 30 0 1.5
255 4 0 1.5
28 15 0 2.25
102 27 0 3.75
303 21 0 4.0
221 17 0 2.0
296 6 0 2.25
95 16 0 3.75
14 3 0 3.0
113 21 0 2.25
113 22 0 3.0
101 4 0 1.75
183 24 0 2.0
78 29 0 2.75
123 9 0 1.0
32 22 0 1.5
350 29 0 2.0
69 8 0 1.25
294 3 0 2.5
144 5 0 3.0
90 8 0 2.25
249 16 0 1.5
176 13 0 1.25
169 28 0 1.5
165 1 0 3.75
220 6 0 2.75
245 22 0 1.25
84 13 0 3.5
303 4 0 2.0
173 20 0 3.75
123 9 0 4.0
56 13 0 2.5
300 27 0 4.0
147 0 0 1.25
118 8 0 2.0
328 75 0 1.0
282 28 0 4.0
140 24 0 2.5
84 3 0 4.0
198 56 0 3.5
208 7 0 1.5
47 22 0 3.5
14 17 0 2.75
143 16 0 1.5
28 7 0 2.0
57 20 0 2.5
204 29 0 1.5
142 28 0 1.25
45 29 0 3.0
268 0 0 1.5
29 29 0 3.75
157 26 0 2.25
251 17 0 2.5
108 6 0 4.0
319 24 0 1.0
303 20 0 2.0
348 13 0 3.0
26 0 0 3.25
348 28 0 3.25
235 22 0 3.25
37 52 0 2.0
265 14 0 1.25
281 21 0 4.0
48 17 0 1.25
25 1 0 4.0
33 4 0 2.75
354 19 0 2.5
270 7 0 2.75
118 17 0 2.5
164 23 0 3.75
105 11 0 3.5
63 30 0 2.0
136 8 0 1.5
52 19 0 4.0
260 9 0 1.5
62 15 0 1.25
329 14 0 3.0
349 9 0 2.5
21 11 0 3.25
316 8 0 3.5
184 6 0 1.0
72 4 0 1.25
129 59 0 4.0
296 2 0 3.75
141 7 0 2.0
70 27 0 1.5
165 21 0 2.25
266 38 0 2.5
80 17 0 2.0
133 13 0 2.5
132 19 0 1.0
310 23 0 4.0
204 26 0 3.5
310 10 0 1.5
284 12 0 2.75
92 11 0 2.75
205 26 0 1.75
228 18 0 1.25
1 25 0 2.5
82 19 0 1.25
243 7 0 2.0
34 53 0 1.0
59 23 0 3.0
112 7 0 2.75
253 16 0 2.25
245 12 0 4.0
275 18 0 2.5
168 1 0 1.0
191 29 0 1.5
28 13 0 3.5
249 4 0 1.0
28 23 0 2.5
150 17 0 3.0
148 13 0 2.5
261 9 0 3.5
112 20 0 2.5
349 23 0 1.0
205 29 0 1.5
169 12 0 3.0
12 11 0 2.25
198 9 0 1.75
265 10 0 3.0
231 27 0 1.75
245 2 0 1.0
332 19 0 1.5
89 23 0 3.0
355 18 0 3.5
262 11 0 2.25
184 4 0 3.25
145 30 0 3.75
8 3 0 2.5
29 13 0 1.0
255 26 0 2.75
201 13 0 2.25
228 27 0 3.25
33 20 0 1.75
323 4 0 2.25
53 15 0 1.0
308 27 0 1.0
72 26 0 2.75
238 19 0 1.0
194 5 0 1.25
99 11 0 4.0
201 6 0 2.0
194 11 0 2.5
220 7 0 1.5
335 15 0 1.0
322 27 0 2.0
170 20 0 1.0
24 3 0 4.0
323 6 0 2.0
105 3 0 1.75
253 30 0 2.5
243 1 0 3.5
355 0 0 3.75
100 20 0 3.5
202 1 0 4.0
292 4 0 1.25
26 23 0 1.0
15 70 0 3.5
262 24 0 4.0
81 8 0 1.25
195 46 0 3.5
250 22 0 1.25
269 18 0 2.25
85 2 0 1.25
182 7 0 3.5
21 26 0 1.0
346 22 0 2.0
214 4 0 3.25
131 21 0 2.5
69 10 0 3.0
150 25 0 3.25
118 63 0 1.5
217 10 0 1.25
301 6 0 2.75
145 0 0 4.0
8 11 0 3.5
273 19 0 2.25
279 21 0 2.25
60 14 0 2.25
227 22 0 1.0
253 0 0 1.5
53 75 0 3.25
135 8 0 1.5
308 12 0 2.5
254 27 0 3.0
106 76 0 3.0
297 9 0 4.0
79 2 0 2.0
182 8 0 3.25
346 3 0 2.25
215 4 0 2.75
349 17 0 4.0
324 16 0 2.25
346 11 0 1.75
341 15 0 1.0
253 19 0 3.0
332 30 0 2.75
67 66 0 3.75
5 15 0 2.75
37 24 0 2.0
248 79 0 4.0
310 55 0 3.75
294 6 0 2.5
245 8 0 1.5
79 16 0 2.5
186 49 0 3.0
81 7 0 3.25
270 45 0 3.5
46 27 0 3.75
352 46 0 1.0
132 75 0 1.75
273 12 0 4.0
320 4 0 2.75
63 13 0 1.5
149 9 0 4.0
333 17 0 1.0
52 14 0 3.25
181 30 0 3.75
240 13 0 1.5
257 74 0 1.5
164 59 0 3.5
80 13 0 1.5
314 19 0 1.0
116 10 0 4.0
184 22 0 1.75
49 23 0 1.25
166 31 0 4.0
129 23 0 2.75
45 18 0 4.0
145 0 0 1.25
223 11 0 1.25
344 53 0 3.0
290 41 0 1.5
103 19 0 3.5
88 14 0 3.25
103 13 0 2.0
57 17 0 4.0
328 2 0 1.25
145 28 0 1.5
151 41 0 3.75
22 47 0 2.25
320 20 0 1.5
39 1 0 1.0
250 11 0 3.75
153 2 0 2.5
13 21 0 1.25
202 1 0 1.75
340 11 0 1.25
359 28 0 1.25
293 26 0 2.25
66 18 0 3.0
329 18 0 3.75
139 18 0 4.0
307 43 0 3.5
156 1 0 1.5
20 50 0 1.0
138 48 0 3.0
85 40 0 3.0
13 21 0 2.75
80 14 0 2.5
252 5 0 3.25
66 10 0 2.5
180 44 0 1.5
16 28 0 2.0
112 9 0 2.5
104 80 0 2.5
171 16 0 2.0
122 14 0 3.75
30 30 0 2.5
333 16 0 4.0
148 25 0 3.25
276 14 0 1.25
13 1 0 2.25
58 39 0 2.25
235 11 0 1.5
24 27 0 1.5
8 12 0 1.25
249 70 0 1.25
227 44 0 2.0
259 6 0 3.75
123 33 0 1.0
72 5 0 2.5
255 15 0 1.75
60 27 0 3.5
350 25 0 3.25
121 21 0 3.25
48 59 0 1.0
105 18 0 4.0
10 43 0 1.0
53 5 0 1.75
337 18 0 2.75
149 9 0 3.75
346 14 0 1.75
122 3 0 3.0
167 7 0 4.0
257 14 0 3.75
27 11 0 1.75
32 28 0 3.25
217 21 0 3.25
229 14 0 1.25
210 17 0 2.5
344 12 0 3.25
303 17 0 3.5
245 55 0 2.75
90 7 0 2.25
183 12 0 3.0
36 3 0 3.25
89 4 0 4.0
159 18 0 3.25
173 7 0 2.75
36 1 0 3.75
84 10 0 1.5
32 20 0 2.0
283 3 0 3.25
200 27 0 2.0
344 7 0 2.75
11 26 0 1.5
216 7 0 1.75
82 3 0 2.5
99 17 0 3.5
269 3 0 3.0
223 45 0 1.5
67 9 0 4.0
339 8 0 2.25
317 16 0 3.5
257 25 0 2.75
305 24 0 3.25
59 6 0 2.75
233 8 0 2.0
239 17 0 1.75
243 10 0 1.0
235 21 0 2.0
314 34 0 1.25
226 27 0 1.75
9 19 0 1.0
60 13 0 1.75
68 53 0 1.0
65 26 0 1.0
255 23 0 3.5
133 28 0 3.0
59 0 0 3.5
159 25 0 3.0
349 27 0 3.5
263 23 0 1.75
35 21 0 2.5
10 8 0 1.75
125 22 0 3.75
341 7 0 1.5
15 0 0 3.75
211 21 0 2.75
191 4 0 4.0
0 15 0 2.0
52 0 0 1.75
66 14 0 1.75
129 12 0 2.25
188 7 0 3.5
303 56 0 4.0
41 24 0 1.0
278 4 0 2.25
193 3 0 2.5
354 74 0 1.75
246 10 0 3.25
270 70 0 3.5
295 24 0 3.25
15 16 0 2.0
86 55 0 1.25
22 0 0 2.0
356 16 0 3.25
316 1 0 1.75
101 11 0 1.75
26 4 0 4.0
311 7 0 2.0
132 3 0 3.0
260 2 0 2.0
283 1 0 3.75
273 27 0 3.25
192 4 0 3.75
56 29 0 4.0
335 58 0 3.25
27 9 0 1.0
211 6 0 1.0
359 0 0 3.0
322 16 0 3.0
125 12 0 1.0
254 29 0 3.25
171 2 0 2.0
332 22 0 2.0
55 3 0 2.75
181 27 0 2.5
358 22 0 3.75
344 8 0 1.25
333 13 0 2.0
13 23 0 1.0
349 80 0 1.5
132 30 0 3.5
82 16 0 2.5
225 11 0 1.25
118 24 0 2.5
43 34 0 3.5
234 21 0 2.75
191 57 0 3.75
84 14 0 2.5
263 67 0 1.5
242 2 0 2.25
96 14 0 1.0
123 31 0 1.5
177 1 0 2.25
151 37 0 3.75
218 6 0 4.0
17 28 0 1.25
251 19 0 2.25
84 5 0 2.5
304 13 0 3.5
11 2 0 1.25
42 15 0 1.0
196 26 0 2.75
211 20 0 3.0
359 16 0 2.5
275 35 0 4.0
164 14 0 2.0
308 16 0 1.75
56 17 0 2.0
133 15 0 3.25
37 17 0 3.0
78 8 0 3.0
101 29 0 2.0
187 28 0 3.0
128 22 0 3.0
270 41 0 3.5
51 14 0 3.0
336 28 0 1.5
200 19 0 3.5
203 22 0 2.5
103 1 0 3.5
245 49 0 3.75
278 15 0 2.0
23 29 0 2.25
277 14 0 1.0
87 23 0 1.25
51 9 0 2.0
222 15 0 1.75
85 12 0 1.25
95 13 0 3.5
86 25 0 1.0
72 9 0 2.0
137 24 0 2.5
228 28 0 3.75
45 8 0 1.25
202 2 0 3.0
285 11 0 3.5
11 13 0 3.75
335 3 0 3.0
351 2 0 3.25
339 25 0 2.5
26 11 0 2.75
52 23 0 2.0
78 3 0 2.5
147 48 0 2.25
7 6 0 1.75
182 39 0 1.5
335 19 0 3.75
99 25 0 1.5
291 27 0 1.0
22 27 0 1.75
239 9 0 3.5
111 20 0 3.5
35 1 0 2.25
67 17 0 3.25
235 39 0 1.5
119 13 0 2.5
217 16 0 3.5
55 8 0 1.5
243 15 0 3.75
135 27 0 1.75
48 14 0 2.25
225 26 0 2.75
347 41 0 2.25
160 3 0 4.0
158 2 0 3.0
352 0 0 1.75
206 30 0 2.25
118 64 0 1.25
239 17 0 1.25
203 22 0 1.5
271 60 0 2.5
252 52 0 1.25
320 21 0 3.0
239 28 0 2.0
130 27 0 1.0
143 20 0 2.75
2 9 0 1.5
96 2 0 2.75
97 18 0 2.25
40 17 0 2.0
334 5 0 3.0
227 26 0 4.0
321 2 0 1.0
27 2 0 3.25
24 19 0 1.5
293 14 0 4.0
349 15 0 2.75
128 11 0 2.5
212 23 0 3.5
218 37 0 1.0
147 40 0 1.25
344 10 0 1.5
105 18 0 1.25
163 22 0 1.25
291 25 0 2.75
293 60 0 3.0
27 49 0 1.25
38 16 0 3.5
146 14 0 3.75
327 9 0 2.5
186 24 0 3.0
347 27 0 1.75
284 6 0 2.0
269 55 0 1.25
184 27 0 1.25
159 23 0 4.0
168 20 0 2.5
349 31 0 1.0
9 25 0 3.25
280 18 0 1.0
240 29 0 2.5
290 29 0 1.0
185 26 0 3.5
10 14 0 2.75
99 6 0 2.75
129 26 0 1.25
241 4 0 1.5
175 5 0 2.25
132 11 0 1.75
140 10 0 2.0
30 27 0 3.75
55 8 0 2.5
189 17 0 1.5
60 15 0 3.25
230 29 0 1.0
100 51 0 3.25
268 53 0 3.0
157 24 0 1.75
271 26 0 3.25
53 14 0 2.5
254 12 0 3.0
271 28 0 2.75
61 2 0 1.0
63 18 0 2.25
197 3 0 2.0
114 30 0 4.0
137 15 0 1.25
63 16 0 2.75
310 69 0 3.75
279 5 0 1.5
169 0 0 3.0
129 30 0 3.5
338 3 0 2.75
52 25 0 1.5
268 9 0 2.0
159 7 0 1.0
73 26 0 3.75
46 4 0 2.25
236 26 0 1.25
57 2 0 1.0
184 41 0 2.75
178 2 0 3.25
324 16 0 1.75
347 29 0 1.0
315 46 0 1.75
123 4 0 1.0
64 53 0 3.25
302 10 0 3.0
52 51 0 3.75
141 4 0 3.0
324 43 0 2.75
240 42 0 1.5
135 41 0 3.25
200 0 0 1.75
122 0 0 2.25
309 24 0 1.0
230 10 0 1.0
195 13 0 2.0
161 10 0 2.75
285 24 0 3.5
0 10 0 2.75
124 15 0 1.25
0 2 0 3.25
269 5 0 3.25
177 29 0 2.5
181 59 0 1.25
42 17 0 2.5
3 28 0 2.5
217 10 0 3.0
285 53 0 1.0
0 18 0 3.5
58 5 0 1.0
308 19 0 1.5
356 6 0 1.5
148 0 0 3.0
43 17 0 3.5
42 7 0 2.0
134 22 0 2.5
53 22 0 1.25
351 26 0 1.25
338 16 0 2.5
3 10 0 2.0
350 27 0 3.5
206 2 0 1.75
131 54 0 1.0
247 21 0 3.75
138 20 0 3.25
273 8 0 3.0
298 67 0 2.75
104 24 0 1.25
335 28 0 4.0
159 5 0 1.0
176 1 0 4.0
171 0 0 2.25
190 13 0 4.0
47 11 0 2.5
159 0 0 1.25
188 19 0 2.5
267 15 0 1.5
121 71 0 1.5
51 18 0 2.25
2 10 0 3.0
258 1 0 3.5
319 22 0 1.75
43 9 0 2.25
320 29 0 3.0
311 17 0 2.5
3 10 0 2.5
333 1 0 1.0
199 14 0 2.75
90 4 0 3.75
307 19 0 3.0
119 52 0 1.75
331 7 0 3.25
97 29 0 3.5
42 28 0 4.0
127 19 0 3.5
322 74 0 1.25
152 0 0 3.5
0 39 0 1.25
217 9 0 1.75
70 20 0 1.0
219 10 0 2.5
257 70 0 3.75
324 28 0 3.25
343 18 0 4.0
274 24 0 1.75
37 26 0 3.0
273 3 0 3.25
149 49 0 2.75
212 23 0 1.75
299 41 0 2.75
85 26 0 2.0
76 26 0 1.5
23 55 0 3.0
2 8 0 3.25
303 9 0 1.75
336 21 0 3.25
174 24 0 2.5
199 27 0 1.75
12 2 0 1.0
163 29 0 1.25
228 3 0 1.25
39 6 0 1.0
126 11 0 2.5
175 25 0 3.5
231 76 0 3.75
302 18 0 1.5
94 17 0 3.0
253 7 0 2.25
277 13 0 4.0
178 13 0 1.5
345 10 0 3.75
340 27 0 3.0
182 2 0 1.0
166 23 0 1.5
71 10 0 3.25
326 29 0 1.0
329 28 0 4.0
238 41 0 3.0
186 0 0 1.5
337 20 0 1.25
359 19 0 3.25
313 21 0 3.5
195 16 0 2.0
72 0 0 2.25
53 29 0 2.0
260 25 0 2.0
151 21 0 2.5
309 3 0 2.75
215 15 0 3.25
151 1 0 2.25
244 6 0 1.0
200 6 0 2.25
168 25 0 3.75
263 2 0 1.5
266 18 0 3.25
175 12 0 1.5
11 17 0 2.0
274 48 0 4.0
54 28 0 1.5
246 30 0 3.5
11 56 0 2.5
177 14 0 3.75
117 29 0 3.25
240 16 0 1.5
201 22 0 1.25
329 14 0 3.25
79 20 0 3.25
124 20 0 3.75
111 20 0 4.0
256 24 0 2.25
5 30 0 3.25
54 2 0 3.5
146 24 0 2.0
131 20 0 1.75
222 14 0 1.0
164 24 0 2.25
200 49 0 1.5
157 35 0 2.75
86 2 0 2.75
102 26 0 3.75
120 14 0 1.25
137 23 0 3.5
151 18 0 1.75
34 18 0 2.75
268 28 0 3.25
163 2 0 3.0
166 2 0 1.5
115 46 0 1.75
164 28 0 2.0
241 17 0 3.5
25 30 0 2.75
273 3 0 2.0
58 21 0 2.5
153 15 0 3.0
73 0 0 1.5
346 11 0 4.0
62 5 0 3.25
275 28 0 2.0
325 25 0 3.5
139 71 0 3.0
212 22 0 3.5
75 18 0 2.0
210 22 0 3.0
128 20 0 1.75
23 19 0 2.0
342 27 0 1.5
248 21 0 4.0
184 12 0 3.25
235 23 0 1.25
264 17 0 2.75
355 10 0 2.75
119 27 0 1.25
86 23 0 2.75
133 38 0 1.75
229 27 0 1.0
302 32 0 3.5
304 30 0 2.25
221 13 0 1.0
140 32 0 2.5
115 19 0 2.0
101 4 0 3.0
0 22 0 1.25
161 76 0 2.5
239 49 0 4.0
103 6 0 2.75
275 17 0 1.0
324 22 0 2.75
149 30 0 1.75
311 12 0 2.75
259 19 0 1.0
169 45 0 3.5
98 4 0 2.0
24 11 0 2.0
282 12 0 2.75
232 35 0 1.0
130 50 0 3.25
12 17 0 3.5
222 18 0 1.75
111 16 0 4.0
83 26 0 1.5
247 11 0 3.25
8 19 0 1.75
133 23 0 4.0
329 17 0 1.25
315 7 0 1.75
137 27 0 4.0
54 52 0 2.75
320 30 0 2.5
85 22 0 2.0
213 14 0 3.25
158 25 0 1.25
150 10 0 3.5
135 29 0 4.0
150 30 0 2.5
236 33 0 2.25
1 18 0 1.75
275 23 0 2.75
349 5 0 1.75
323 25 0 3.75
240 13 0 3.75
150 28 0 2.5
256 15 0 1.5
154 22 0 1.0
155 25 0 1.5
25 5 0 1.25
261 26 0 3.75
200 20 0 1.75
91 16 0 3.75
21 28 0 2.0
298 21 0 3.0
300 7 0 1.0
341 11 0 2.75
302 34 0 1.5
149 4 0 1.5
66 25 0 1.75
67 20 0 1.0
315 1 0 2.5
41 24 0 1.5
15 34 0 2.5
42 12 0 3.0
119 27 0 2.5
44 15 0 3.25
271 8 0 1.25
222 14 0 1.25
339 26 0 3.5
73 11 0 3.75
200 14 0 2.75
165 7 0 2.25
39 29 0 2.25
279 14 0 3.0
229 14 0 2.25
28 5 0 1.0
163 10 0 3.5
52 20 0 2.25
76 17 0 2.0
70 21 0 3.75
103 18 0 1.5
348 35 0 4.0
197 26 0 2.0
253 17 0 3.25
341 19 0 4.0
3 53 0 3.75
216 0 0 1.75
17 9 0 3.25
352 26 0 2.75
27 5 0 2.0
258 8 0 1.5
130 26 0 3.5
130 9 0 3.75
0 63 0 1.0
198 40 0 2.25
142 51 0 4.0
190 44 0 2.75
102 12 0 1.0
262 6 0 2.75
312 11 0 3.25
16 18 0 4.0
178 9 0 3.25
44 19 0 2.0
303 21 0 2.5
287 7 0 1.0
300 14 0 4.0
42 9 0 1.5
190 17 0 3.25
339 79 0 2.75
311 5 0 1.0
155 27 0 2.5
212 25 0 3.25
185 13 0 2.5
294 21 0 4.0
330 14 0 1.0
239 51 0 2.75
59 63 0 1.0
241 5 0 3.25
62 20 0 1.75
359 17 0 2.0
48 12 0 4.0
95 71 0 2.0
66 19 0 1.0
345 13 0 3.25
319 2 0 4.0
200 4 0 3.0
81 57 0 3.0
147 16 0 1.0
193 29 0 1.75
338 18 0 3.25
150 26 0 1.75
304 14 0 3.5
319 7 0 3.5
349 18 0 1.75
159 17 0 3.5
177 27 0 2.75
311 23 0 2.25
346 14 0 3.5
357 29 0 3.5
53 10 0 4.0
292 13 0 1.5
205 11 0 2.5
10 1 0 4.0
341 25 0 3.0
86 27 0 1.5
318 18 0 2.5
210 25 0 4.0
21 0 0 3.25
274 30 0 3.75
223 24 0 1.25
158 25 0 3.25
75 30 0 3.0
250 21 0 3.75
101 53 0 3.0
351 16 0 1.75
312 13 0 3.25
230 44 0 2.0
166 23 0 2.5
81 22 0 3.75
42 2 0 3.0
77 3 0 1.5
29 25 0 3.75
283 14 0 2.75
314 46 0 1.5
61 12 0 1.5
312 37 0 1.5
283 28 0 3.75
18 0 0 1.25
350 1 0 2.25
136 20 0 1.5
232 23 0 1.75
245 14 0 2.25
329 34 0 3.0
149 17 0 4.0
353 16 0 3.0
147 17 0 3.5
248 0 0 3.0
19 13 0 2.25
99 7 0 2.75
122 5 0 2.75
86 24 0 1.25
10 59 0 1.0
207 37 0 2.75
18 20 0 3.0
113 8 0 2.75
136 28 0 1.5
160 2 0 3.5
200 9 0 2.5
128 16 0 2.5
307 15 0 1.75
291 47 0 2.0
150 7 0 1.25
164 29 0 2.0
355 56 0 1.5
174 1 0 1.0
28 14 0 2.5
290 26 0 1.0
190 12 0 3.75
348 24 0 3.75
294 22 0 1.5
341 24 0 3.5
141 22 0 4.0
163 4 0 3.25
64 0 0 3.25
125 15 0 2.75
232 18 0 1.75
317 57 0 3.0
208 52 0 1.25
246 2 0 2.5
212 24 0 3.0
47 25 0 3.25
60 10 0 2.25
200 20 0 3.75
93 30 0 1.25
152 27 0 3.5
36 1 0 2.0
248 17 0 1.0
214 53 0 1.75
211 27 0 4.0
344 20 0 1.75
198 57 0 2.5
201 2 0 2.25
315 14 0 2.75
112 1 0 1.75
338 9 0 3.75
268 0 0 1.75
33 14 0 2.75
266 3 0 2.0
199 26 0 1.5
92 16 0 1.75
109 11 0 2.0
294 69 0 1.75
82 12 0 3.75
247 7 0 1.5
61 2 0 3.0
120 1 0 3.0
72 9 0 3.25
140 3 0 3.0
303 27 0 1.25
63 7 0 2.5
101 29 0 4.0
272 5 0 3.25
22 7 0 1.75
106 24 0 2.25
178 3 0 1.75
209 17 0 1.25
7 28 0 1.75
153 23 0 2.25
64 15 0 1.5
225 1 0 1.25
289 1 0 2.5
224 4 0 1.0
241 30 0 2.5
58 13 0 4.0
46 2 0 4.0
53 10 0 1.25
311 8 0 2.5
283 16 0 1.75
79 19 0 2.75
15 1 0 3.0
21 25 0 2.25
293 22 0 1.5
262 30 0 2.0
91 10 0 3.0
110 13 0 1.0
240 26 0 2.75
167 11 0 3.25
302 26 0 3.0
341 19 0 1.25
257 26 0 2.75
167 16 0 1.5
310 19 0 1.75
244 12 0 4.0
135 10 0 2.0
56 15 0 1.5
227 56 0 2.0
162 21 0 2.75
65 20 0 3.25
297 18 0 3.0
181 11 0 1.25
157 36 0 2.0
61 19 0 2.75
3 23 0 1.0
203 42 0 1.5
125 45 0 1.25
147 7 0 2.75
85 10 0 3.0
102 14 0 1.0
233 3 0 2.25
45 26 0 2.0
62 1 0 3.0
179 22 0 2.0
16 6 0 2.5
106 9 0 3.25
321 5 0 2.75
319 16 0 3.0
298 1 0 1.0
248 16 0 1.75
110 12 0 3.25
99 55 0 3.25
80 30 0 3.5
354 17 0 2.0
182 4 0 3.25
26 30 0 1.75
46 5 0 2.25
130 22 0 1.25
54 20 0 1.5
175 64 0 1.0
36 11 0 3.25
124 14 0 1.5
305 28 0 1.75
312 29 0 1.5
99 8 0 3.5
102 1 0 1.25
91 30 0 1.0
294 22 0 4.0
44 2 0 1.0
27 7 0 2.5
94 12 0 1.75
210 12 0 3.75
121 19 0 3.75
265 24 0 1.5
329 30 0 3.0
177 10 0 3.0
237 8 0 1.0
230 0 0 1.75
20 13 0 1.25
157 79 0 3.5
101 20 0 2.5
269 45 0 1.5
239 1 0 2.25
0 15 0 3.25
51 20 0 2.25
35 28 0 1.25
239 21 0 2.25
15 22 0 2.5
140 47 0 3.25
56 25 0 3.75
26 15 0 1.75
16 30 0 1.5
259 29 0 1.5
306 11 0 1.5
214 2 0 2.75
58 9 0 3.75
110 8 0 1.25
32 25 0 3.25
306 30 0 1.0
256 18 0 4.0
248 30 0 2.0
192 29 0 3.5
227 32 0 1.0
218 28 0 3.25
92 4 0 3.5
182 1 0 2.25
186 20 0 2.0
41 15 0 3.25
272 10 0 1.75
280 3 0 1.25
88 3 0 3.5
84 16 0 3.5
234 30 0 3.75
134 5 0 1.5
251 29 0 2.0
285 80 0 2.5
37 14 0 1.25
320 4 0 3.0
347 3 0 3.5
218 21 0 3.0
41 5 0 1.25
230 22 0 3.5
293 1 0 3.0
205 67 0 1.75
214 21 0 4.0
128 26 0 3.75
84 19 0 1.5
214 9 0 3.0
31 9 0 2.75
52 17 0 1.75
33 11 0 3.0
167 30 0 1.5
333 18 0 1.5
106 9 0 3.5
150 22 0 2.0
0 11 0 3.5
131 17 0 1.0
141 7 0 1.0
305 18 0 2.75
274 6 0 1.0
212 15 0 3.25
175 43 0 3.75
278 9 0 3.75
108 28 0 1.0
173 26 0 4.0
129 25 0 2.75
189 10 0 2.5
54 15 0 2.5
113 9 0 3.25
170 6 0 2.25
124 5 0 2.0
279 0 0 2.5
206 1 0 2.0
193 13 0 1.25
90 9 0 3.25
26 13 0 3.75
109 23 0 3.25
122 23 0 4.0
212 34 0 1.0
125 24 0 3.0
173 2 0 3.5
35 23 0 3.5
299 13 0 1.5
308 22 0 2.5
3 30 0 2.0
189 3 0 2.5
50 11 0 1.0
0 17 0 3.5
147 41 0 4.0
344 24 0 2.5
335 12 0 2.5
222 14 0 2.5
212 27 0 2.5
233 27 0 1.25
47 9 0 2.0
219 4 0 1.75
267 5 0 2.5
163 53 0 3.0
286 9 0 3.5
225 2 0 2.75
51 28 0 3.0
291 25 0 1.5
329 27 0 3.5
56 1 0 2.5
220 26 0 3.75
126 7 0 1.0
342 4 0 3.0
198 27 0 1.75
153 18 0 2.75
227 59 0 2.0
224 1 0 2.0
344 16 0 1.25
18 59 0 2.5
98 20 0 1.5
345 37 0 3.0
346 18 0 3.25
113 4 0 1.25
163 14 0 4.0
191 13 0 1.5
285 66 0 3.75
243 45 0 1.5
21 18 0 4.0
110 12 0 1.75
2 14 0 1.5
56 16 0 2.0
350 0 0 2.5
222 3 0 1.75
232 12 0 1.0
72 18 0 1.5
125 11 0 1.75
147 25 0 1.0
98 73 0 1.5
198 23 0 1.5
260 54 0 1.75
330 18 0 2.5
160 27 0 3.5
17 5 0 3.25
140 64 0 2.25
276 17 0 3.25
336 30 0 1.25
298 24 0 1.5
286 15 0 2.0
103 18 0 1.25
104 21 0 1.0
278 7 0 3.0
108 15 0 2.5
148 14 0 3.25
323 3 0 2.5
43 7 0 1.5
182 30 0 4.0
141 20 0 3.25
108 12 0 2.25
54 11 0 3.0
4 9 0 3.5
6 21 0 2.5
10 9 0 3.0
75 25 0 2.25
351 22 0 1.5
310 21 0 2.0
208 28 0 3.5
338 38 0 2.75
212 8 0 1.25
307 2 0 1.5
157 16 0 3.0
123 7 0 3.25
200 7 0 2.25
52 24 0 4.0
171 3 0 1.5
54 19 0 1.75
148 67 0 2.0
164 15 0 3.0
202 18 0 3.75
238 46 0 2.25
213 17 0 2.25
318 5 0 4.0
162 1 0 2.25
296 35 0 3.75
132 4 0 1.75
110 66 0 3.25
116 2 0 3.25
78 28 0 3.5
177 51 0 3.5
208 18 0 3.0
232 8 0 2.5
209 2 0 1.5
25 34 0 1.75
52 14 0 1.0
179 0 0 1.25
270 23 0 3.75
286 25 0 4.0
113 3 0 1.0
313 7 0 2.5
134 27 0 3.25
55 5 0 1.25
331 19 0 1.75
80 12 0 3.0
204 35 0 1.75
273 9 0 2.75
100 27 0 1.0
267 16 0 2.0
319 16 0 2.75
145 26 0 3.5
93 37 0 3.75
150 27 0 3.75
286 23 0 3.25
217 26 0 1.5
326 14 0 2.75
168 52 0 3.0
151 3 0 4.0
120 9 0 2.75
299 23 0 1.5
64 32 0 3.0
145 9 0 1.25
23 22 0 2.5
9 19 0 2.5
92 42 0 3.75
147 23 0 1.25
253 20 0 1.0
4 4 0 3.25
358 25 0 3.75
242 5 0 1.5
94 34 0 1.75
50 2 0 1.25
265 20 0 1.0
40 4 0 2.25
328 3 0 1.5
147 25 0 2.0
14 28 0 4.0
28 20 0 2.75
15 12 0 2.75
289 10 0 2.5
122 12 0 2.5
81 39 0 4.0
202 0 0 1.25
95 29 0 3.75
126 75 0 2.5
286 17 0 3.0
253 7 0 1.5
81 40 0 3.5
326 7 0 2.25
37 25 0 3.5
141 18 0 2.5
257 2 0 3.5
88 20 0 2.0
253 28 0 3.75
201 26 0 1.5
220 15 0 4.0
185 23 0 1.0
5 21 0 2.25
16 18 0 2.75
339 16 0 1.75
92 24 0 2.25
1 31 0 3.75
277 27 0 2.75
335 3 0 3.25
9 6 0 2.75
103 2 0 3.75
323 28 0 2.0
312 7 0 2.0
296 0 0 1.5
159 2 0 3.0
140 42 0 3.0
315 6 0 2.0
189 6 0 2.75
167 26 0 3.75
23 2 0 3.0
149 16 0 1.5
146 10 0 3.25
122 42 0 3.75
285 12 0 2.5
209 24 0 2.5
275 23 0 1.5
98 10 0 1.75
316 29 0 3.5
68 25 0 3.75
178 5 0 1.75
253 9 0 1.75
161 23 0 2.0
278 11 0 2.75
356 7 0 1.5
127 21 0 4.0
56 8 0 1.5
89 1 0 2.5
100 56 0 1.75
66 19 0 1.25
226 5 0 3.75
53 30 0 3.75
22 22 0 3.0
83 17 0 1.0
181 28 0 1.0
204 32 0 1.25
195 24 0 3.5
276 17 0 1.75
359 20 0 2.25
187 0 0 2.25
122 27 0 3.75
63 16 0 1.5
339 23 0 1.75
331 8 0 2.0
87 16 0 1.75
218 26 0 1.25
148 11 0 3.25
225 57 0 4.0
82 11 0 3.25
290 30 0 2.25
211 23 0 3.25
288 20 0 3.75
18 10 0 1.75
331 7 0 1.0
132 23 0 2.25
320 20 0 2.75
302 66 0 1.5
266 8 0 3.0
219 2 0 3.25
325 14 0 1.5
301 15 0 3.75
178 5 0 3.25
315 22 0 1.5
198 9 0 2.75
75 23 0 1.0
136 11 0 2.0
199 24 0 3.0
89 49 0 1.0
26 39 0 2.0
219 26 0 2.0
317 41 0 3.75
252 6 0 3.5
335 30 0 2.0
286 30 0 2.5
166 26 0 3.0
344 11 0 1.75
22 16 0 3.0
195 26 0 2.0
296 3 0 2.25
305 7 0 1.0
336 45 0 3.25
291 5 0 3.5
117 21 0 2.5
347 6 0 1.5
139 24 0 2.5
131 17 0 1.25
137 29 0 2.25
238 17 0 3.75
278 10 0 1.5
249 15 0 2.75
258 65 0 1.75
282 30 0 1.25
356 7 0 1.0
207 2 0 3.0
251 14 0 3.5
355 6 0 4.0
229 51 0 3.5
167 2 0 3.5
214 16 0 2.75
216 6 0 1.25
229 15 0 2.25
42 23 0 1.0
290 27 0 1.75
173 25 0 1.0
16 26 0 3.25
243 24 0 2.75
92 59 0 2.75
358 1 0 3.75
103 17 0 1.25
212 27 0 3.0
294 13 0 1.25
175 30 0 1.5
179 13 0 1.5
145 8 0 3.5
68 23 0 3.25
138 24 0 1.0
353 8 0 2.5
42 13 0 3.75
265 17 0 1.5
350 9 0 3.25
338 16 0 2.0
175 7 0 1.25
291 1 0 2.25
134 20 0 2.5
133 26 0 3.25
204 26 0 3.25
200 18 0 1.25
179 20 0 3.75
349 10 0 1.75
252 26 0 3.75
319 21 0 2.25
202 2 0 1.75
326 27 0 2.5
105 22 0 2.25
190 1 0 2.5
76 26 0 2.0
63 21 0 2.75
165 20 0 2.25
235 4 0 3.25
192 10 0 4.0
62 30 0 3.0
320 10 0 3.5
86 65 0 3.5
257 28 0 1.75
49 1 0 1.5
76 7 0 2.25
196 22 0 2.75
239 28 0 4.0
163 17 0 3.0
345 19 0 1.5
127 10 0 2.25
229 18 0 3.5
86 20 0 1.25
129 6 0 1.0
194 66 0 2.0
189 21 0 2.25
344 2 0 1.5
110 7 0 2.5
279 6 0 1.75
272 17 0 4.0
11 17 0 1.5
33 24 0 1.5
311 12 0 3.25
270 30 0 2.0
17 29 0 1.0
185 18 0 3.0
236 18 0 2.25
226 2 0 2.75
330 44 0 1.75
35 8 0 4.0
59 11 0 2.5
92 25 0 3.25
166 18 0 2.75
194 3 0 2.25
299 17 0 2.25
98 28 0 1.0
125 26 0 3.5
143 5 0 2.25
133 2 0 3.25
145 55 0 3.5
163 28 0 3.75
13 20 0 3.75
193 3 0 1.0
33 2 0 1.25
306 41 0 2.25
42 29 0 3.5
344 23 0 3.25
50 20 0 1.0
70 58 0 2.25
266 15 0 1.5
108 2 0 2.25
125 11 0 2.0
124 29 0 2.25
348 16 0 2.5
154 11 0 3.5
147 30 0 1.75
325 54 0 2.5
120 11 0 3.25
211 21 0 3.25
280 3 0 2.0
339 9 0 1.25
159 6 0 2.75
63 14 0 1.5
293 29 0 3.75
198 1 0 1.75
56 15 0 2.75
239 25 0 2.25
112 27 0 4.0
299 51 0 3.5
153 13 0 4.0
56 25 0 2.5
285 14 0 4.0
123 12 0 1.25
241 17 0 1.0
231 25 0 2.0
73 7 0 2.5
139 7 0 1.25
151 33 0 3.0
296 22 0 1.25
346 27 0 1.25
137 68 0 1.5
222 38 0 3.25
122 27 0 2.75
286 22 0 3.75
175 18 0 1.25
47 58 0 1.75
141 16 0 3.25
19 10 0 2.5
213 11 0 1.0
12 22 0 2.0
212 12 0 3.25
276 13 0 2.5
155 18 0 2.25
70 6 0 4.0
207 3 0 2.25
61 21 0 2.25
264 9 0 4.0
