72 16 0 1.75
174 13 0 3.0
183 3 0 3.25
241 11 0 2.0
254 18 0 3.75
64 20 0 2.75
188 4 0 4.0
202 45 0 3.25
191 4 0 3.25
273 17 0 2.5
172 18 0 3.5
337 5 0 2.0
283 0 0 3.5
147 12 0 3.75
29 1 0 2.75
98 4 0 1.5
152 4 0 2.0
179 17 0 3.0
118 19 0 3.5
309 19 0 1.5
168 53 0 2.25
156 10 0 4.0
198 1 0 3.75
220 9 0 2.5
175 9 0 4.0
275 4 0 3.5
31 10 0 3.0
156 61 0 2.25
73 13 0 1.5
70 9 0 3.25
249 19 0 2.5
50 2 0 2.75
106 18 0 4.0
171 0 0 1.5
308 5 0 4.0
7 16 0 3.5
239 14 0 2.75
216 19 0 1.5
184 2 0 2.75
105 2 0 2.25
268 7 0 3.5
15 4 0 1.5
17 8 0 3.0
214 2 0 3.75
190 14 0 3.5
271 19 0 3.75
214 3 0 3.5
320 3 0 2.5
306 8 0 4.0
230 6 0 3.75
33 8 0 3.5
258 3 0 1.5
3 6 0 2.5
277 5 0 1.75
258 10 0 4.0
87 9 0 3.5
89 9 0 2.25
250 12 0 3.5
162 11 0 2.75
125 6 0 2.75
299 9 0 2.25
270 12 0 3.75
61 60 0 3.25
353 10 0 4.0
193 9 0 3.25
155 4 0 2.75
51 15 0 1.75
219 16 0 2.0
243 6 0 3.5
84 15 0 2.5
178 6 0 3.25
296 10 0 3.0
208 11 0 3.5
87 15 0 2.25
131 18 0 3.5
174 1 0 4.0
72 9 0 1.75
257 3 0 2.25
184 18 0 1.75
94 7 0 1.5
351 3 0 3.0
31 18 0 3.0
110 1 0 3.25
223 28 0 3.25
31 17 0 3.5
312 40 0 4.0
55 8 0 3.25
262 19 0 3.0
220 3 0 2.5
87 12 0 4.0
155 20 0 3.0
112 1 0 1.75
60 19 0 2.0
164 53 0 4.0
159 15 0 3.75
184 3 0 3.75
35 8 0 4.0
90 11 0 4.0
45 9 0 3.75
321 14 0 3.75
66 2 0 1.75
95 17 0 2.75
331 0 0 2.0
285 6 0 3.0
227 19 0 3.0
243 12 0 3.25
260 17 0 2.75
353 14 0 2.5
216 8 0 2.25
266 14 0 3.0
264 6 0 3.25
161 7 0 2.25
182 19 0 4.0
342 20 0 2.5
269 17 0 3.0
344 16 0 1.5
328 7 0 3.25
37 15 0 2.5
50 9 0 3.0
267 4 0 4.0
265 19 0 4.0
142 4 0 2.5
59 17 0 2.25
180 17 0 2.5
113 28 0 3.75
75 3 0 2.25
199 13 0 3.5
270 3 0 2.0
352 5 0 2.25
214 1 0 3.25
163 5 0 2.25
245 19 0 3.0
117 60 0 4.0
247 1 0 3.25
109 1 0 2.25
262 15 0 3.0
70 20 0 2.0
355 3 0 3.75
256 19 0 4.0
145 12 0 1.75
272 1 0 2.5
49 6 0 3.0
346 15 0 2.0
158 11 0 2.25
186 80 0 3.25
70 45 0 2.25
294 18 0 1.5
308 8 0 3.25
145 7 0 3.75
49 1 0 3.5
256 10 0 2.5
128 14 0 3.75
115 17 0 2.0
108 16 0 3.75
179 1 0 2.25
300 1 0 2.25
326 20 0 1.5
102 10 0 3.75
338 5 0 1.75
13 7 0 2.25
188 4 0 3.0
294 7 0 4.0
2 17 0 2.75
236 42 0 3.5
23 8 0 3.5
335 1 0 2.0
196 20 0 3.25
212 12 0 3.0
217 8 0 1.75
100 7 0 2.5
70 11 0 1.75
159 5 0 2.0
216 20 0 2.5
1 8 0 3.25
39 4 0 1.5
171 11 0 3.5
64 10 0 3.25
349 2 0 2.75
49 8 0 3.25
33 16 0 2.5
85 11 0 3.25
238 13 0 4.0
197 2 0 1.5
351 13 0 2.25
96 19 0 4.0
55 13 0 1.5
30 42 0 4.0
117 11 0 1.75
278 15 0 3.25
38 19 0 4.0
206 0 0 2.75
345 18 0 1.5
21 16 0 2.25
264 4 0 1.5
211 17 0 2.25
140 13 0 3.5
93 5 0 2.5
220 11 0 1.5
301 16 0 3.25
179 12 0 1.75
234 7 0 3.75
194 3 0 3.0
180 13 0 3.0
275 20 0 3.5
71 38 0 2.75
238 2 0 2.0
102 14 0 3.25
44 9 0 2.5
310 5 0 2.0
219 8 0 2.5
26 3 0 1.75
27 10 0 2.0
68 17 0 1.5
281 15 0 2.5
258 14 0 2.75
358 9 0 3.5
303 17 0 2.75
250 13 0 1.5
276 11 0 2.5
4 11 0 2.25
209 2 0 1.5
32 35 0 1.5
269 3 0 3.5
75 12 0 2.75
288 15 0 2.5
172 0 0 3.5
188 23 0 2.25
72 11 0 2.25
252 11 0 2.25
298 1 0 2.75
186 4 0 3.75
43 1 0 3.25
73 8 0 3.5
139 1 0 2.25
89 11 0 3.75
124 8 0 1.75
55 20 0 3.25
283 17 0 1.5
293 28 0 2.25
310 41 0 1.5
107 3 0 3.0
78 47 0 3.25
315 46 0 2.0
162 12 0 3.75
103 6 0 3.75
82 12 0 3.5
56 18 0 3.5
213 14 0 1.5
36 7 0 1.5
245 19 0 1.75
73 19 0 3.0
48 4 0 2.75
175 5 0 3.25
225 0 0 3.25
177 15 0 3.25
312 20 0 2.75
130 12 0 2.0
316 13 0 2.5
89 14 0 2.0
209 7 0 3.25
177 4 0 2.5
358 15 0 1.5
270 2 0 3.75
45 7 0 3.0
59 1 0 3.25
318 12 0 1.75
141 3 0 2.25
156 13 0 4.0
216 9 0 2.5
313 39 0 2.5
80 6 0 2.0
19 20 0 2.75
177 10 0 3.75
258 18 0 4.0
313 18 0 2.0
218 13 0 3.25
119 20 0 2.25
231 21 0 2.5
159 3 0 3.25
110 9 0 2.75
46 10 0 3.5
158 25 0 3.25
308 3 0 2.5
70 3 0 1.5
346 7 0 3.25
266 9 0 3.75
279 4 0 2.0
146 1 0 3.5
171 14 0 2.75
93 12 0 3.5
120 1 0 2.75
173 8 0 1.5
295 9 0 3.5
245 3 0 1.5
221 11 0 2.5
290 2 0 2.25
166 14 0 2.5
198 3 0 1.75
277 13 0 3.75
170 8 0 2.0
347 63 0 2.75
126 18 0 4.0
181 18 0 3.5
340 10 0 4.0
181 9 0 2.25
255 16 0 2.75
285 3 0 2.0
259 12 0 1.5
92 17 0 3.75
173 20 0 3.5
195 8 0 3.25
112 9 0 3.25
257 8 0 3.25
206 39 0 3.0
314 16 0 1.5
102 4 0 2.25
134 31 0 2.75
295 0 0 3.5
351 7 0 3.0
12 12 0 1.75
313 17 0 1.5
138 11 0 3.0
341 12 0 2.5
238 18 0 2.0
173 7 0 1.75
311 18 0 3.0
147 19 0 2.0
182 20 0 1.5
32 3 0 3.0
46 15 0 2.75
288 14 0 2.75
5 10 0 3.25
322 14 0 2.25
169 18 0 4.0
17 11 0 3.0
223 13 0 2.5
175 19 0 2.0
53 12 0 2.5
198 7 0 2.25
65 40 0 2.25
63 7 0 3.5
315 20 0 3.25
28 13 0 2.75
105 13 0 4.0
153 6 0 2.0
185 33 0 3.5
80 9 0 3.5
26 64 0 4.0
122 1 0 2.0
304 6 0 3.75
315 11 0 3.25
278 0 0 2.25
161 9 0 1.5
325 8 0 3.5
39 0 0 1.5
160 15 0 2.5
307 19 0 2.75
228 12 0 2.25
106 14 0 2.5
203 1 0 3.5
81 14 0 1.75
336 3 0 1.75
24 16 0 1.75
126 7 0 1.75
239 7 0 3.0
227 43 0 4.0
64 1 0 2.25
234 20 0 3.75
212 14 0 2.25
173 3 0 3.25
32 31 0 2.25
106 16 0 4.0
209 7 0 4.0
163 5 0 4.0
131 1 0 2.25
109 57 0 1.75
192 17 0 2.75
87 4 0 1.5
221 16 0 1.75
51 11 0 3.75
62 9 0 3.75
8 9 0 3.0
258 6 0 4.0
32 8 0 2.75
329 28 0 3.5
37 26 0 1.75
184 18 0 3.5
100 13 0 1.5
126 3 0 2.75
64 1 0 4.0
16 2 0 1.75
337 7 0 3.0
275 13 0 2.5
33 2 0 3.25
19 3 0 2.0
182 14 0 3.5
34 17 0 1.75
19 7 0 3.0
203 11 0 1.75
31 13 0 1.5
356 12 0 2.5
183 19 0 3.25
25 0 0 2.0
52 11 0 2.0
117 7 0 3.0
221 3 0 2.0
211 17 0 1.5
257 5 0 3.75
20 6 0 2.25
327 19 0 1.5
195 14 0 2.5
289 10 0 2.0
94 56 0 1.5
81 2 0 2.25
329 11 0 1.5
128 10 0 2.5
287 17 0 2.0
317 24 0 4.0
298 31 0 3.75
169 20 0 4.0
323 14 0 3.75
189 20 0 2.75
136 13 0 2.75
205 0 0 3.5
340 13 0 1.5
144 15 0 2.75
99 2 0 1.5
216 14 0 2.0
93 7 0 1.5
159 14 0 1.75
69 14 0 3.0
227 11 0 1.5
135 3 0 3.5
72 2 0 1.75
347 2 0 3.5
292 11 0 3.5
136 4 0 1.5
99 9 0 3.25
281 9 0 3.25
345 9 0 1.5
16 20 0 3.75
145 17 0 2.75
173 9 0 2.75
151 14 0 3.5
42 37 0 1.5
1 1 0 1.75
88 4 0 2.0
144 5 0 3.25
108 12 0 1.75
329 20 0 2.5
264 14 0 4.0
12 4 0 2.25
180 1 0 3.0
13 1 0 2.5
341 7 0 3.75
40 8 0 1.75
351 3 0 3.25
321 5 0 2.25
124 15 0 3.5
162 3 0 2.5
101 59 0 2.0
60 6 0 4.0
22 21 0 3.0
194 0 0 3.75
63 13 0 3.25
101 3 0 4.0
306 6 0 2.75
223 8 0 2.5
351 47 0 2.75
346 4 0 1.5
45 2 0 1.5
350 6 0 2.5
41 5 0 3.0
137 3 0 3.75
177 6 0 2.75
270 3 0 2.25
196 10 0 2.25
154 15 0 2.5
290 18 0 1.75
214 14 0 3.5
342 15 0 3.75
276 4 0 1.75
4 16 0 2.75
19 19 0 1.75
186 11 0 3.5
325 9 0 4.0
278 6 0 1.5
35 3 0 1.75
128 20 0 3.75
35 7 0 3.25
271 0 0 2.0
26 8 0 3.25
195 9 0 3.75
192 3 0 2.25
314 16 0 2.75
202 3 0 1.5
286 10 0 3.75
74 7 0 2.0
158 2 0 1.75
96 1 0 1.75
196 10 0 2.5
228 14 0 3.0
317 6 0 3.25
52 3 0 2.5
161 3 0 1.75
10 12 0 3.75
208 2 0 3.75
262 12 0 3.25
224 3 0 2.25
212 1 0 2.0
215 1 0 4.0
258 7 0 3.75
224 10 0 1.75
294 11 0 2.5
273 13 0 1.5
27 4 0 1.5
294 14 0 3.75
91 16 0 2.75
216 75 0 2.5
317 5 0 4.0
207 14 0 1.5
191 11 0 2.75
237 20 0 3.5
109 4 0 2.0
266 13 0 2.75
224 6 0 3.0
251 6 0 2.0
357 0 0 2.75
113 0 0 3.25
188 57 0 2.5
309 18 0 3.5
235 3 0 2.25
170 12 0 2.75
113 19 0 3.25
56 17 0 3.75
5 8 0 3.0
226 48 0 2.5
112 24 0 2.75
111 0 0 3.5
161 11 0 2.5
5 14 0 3.75
45 5 0 3.0
57 1 0 2.5
173 10 0 2.25
172 3 0 2.5
139 14 0 2.0
226 14 0 2.5
66 16 0 1.5
201 5 0 2.0
36 15 0 3.25
216 9 0 1.75
146 8 0 1.5
34 4 0 1.75
40 9 0 3.5
250 5 0 2.5
67 1 0 3.75
35 16 0 1.5
324 12 0 3.5
56 9 0 2.0
175 3 0 1.5
331 10 0 3.5
116 18 0 2.75
263 20 0 1.75
93 0 0 3.5
148 10 0 3.5
334 14 0 3.5
261 13 0 4.0
168 10 0 3.25
22 9 0 3.25
249 7 0 3.75
193 35 0 4.0
197 3 0 3.5
268 31 0 2.75
268 20 0 3.25
193 10 0 4.0
139 12 0 3.25
334 2 0 4.0
145 15 0 1.5
148 1 0 4.0
246 12 0 2.75
329 13 0 3.5
256 4 0 1.5
71 6 0 2.0
203 17 0 3.25
54 3 0 3.5
166 19 0 3.5
275 1 0 3.5
44 13 0 2.25
206 11 0 3.5
114 12 0 3.0
142 13 0 2.25
98 6 0 3.75
275 11 0 1.75
284 16 0 4.0
322 6 0 3.0
58 2 0 3.5
145 9 0 3.75
46 7 0 2.75
211 10 0 3.25
218 6 0 1.75
73 0 0 3.5
112 16 0 3.75
287 8 0 3.25
253 20 0 3.25
194 65 0 3.5
264 4 0 3.5
319 52 0 2.5
104 14 0 2.5
109 9 0 3.75
32 11 0 2.75
196 9 0 1.75
278 20 0 1.5
5 3 0 3.5
21 13 0 2.0
53 7 0 1.75
304 5 0 3.75
356 16 0 3.25
343 16 0 3.0
65 54 0 2.75
146 2 0 3.0
31 5 0 3.25
140 5 0 1.75
267 15 0 2.0
173 16 0 3.25
254 2 0 2.75
232 0 0 3.25
146 9 0 2.75
46 43 0 2.5
227 18 0 2.5
116 4 0 2.0
182 13 0 2.0
36 5 0 3.5
251 4 0 3.0
125 8 0 2.0
68 19 0 2.5
71 16 0 3.25
178 19 0 3.25
235 7 0 3.75
70 9 0 3.0
156 6 0 2.25
338 20 0 4.0
215 11 0 3.0
358 18 0 1.5
114 3 0 2.75
150 18 0 3.0
106 15 0 2.5
240 45 0 2.0
187 2 0 2.25
258 3 0 2.5
203 1 0 1.75
144 5 0 2.75
184 10 0 2.25
355 18 0 1.75
301 7 0 3.0
330 4 0 2.25
309 14 0 1.5
105 3 0 3.25
17 3 0 1.75
91 1 0 3.5
221 4 0 3.5
101 45 0 2.25
206 16 0 2.5
231 0 0 3.75
53 9 0 2.0
10 20 0 3.75
214 0 0 3.75
186 78 0 2.5
307 14 0 3.25
43 17 0 3.0
230 9 0 3.25
281 12 0 2.5
22 19 0 2.0
356 12 0 4.0
88 18 0 2.5
3 17 0 2.5
96 12 0 2.25
310 10 0 3.75
280 20 0 3.0
75 6 0 4.0
268 13 0 2.5
344 11 0 2.5
8 4 0 2.5
286 15 0 3.5
187 3 0 3.5
247 16 0 3.75
343 5 0 1.5
141 20 0 2.25
14 1 0 2.0
237 14 0 4.0
214 11 0 2.25
224 14 0 1.5
340 12 0 4.0
178 12 0 3.0
336 0 0 2.75
80 13 0 3.0
62 4 0 1.75
301 5 0 2.75
46 29 0 1.5
122 18 0 2.75
266 9 0 1.5
293 19 0 2.0
151 1 0 3.75
107 4 0 1.5
30 15 0 2.0
148 14 0 2.0
147 12 0 2.75
300 6 0 3.5
18 13 0 4.0
83 16 0 3.25
340 13 0 3.25
122 0 0 4.0
280 23 0 2.25
152 9 0 2.5
5 1 0 2.75
187 26 0 1.5
162 1 0 2.75
261 5 0 2.0
43 17 0 2.25
144 13 0 2.75
310 13 0 3.5
283 19 0 2.0
33 3 0 3.75
156 29 0 2.0
257 9 0 4.0
209 13 0 2.75
261 6 0 2.25
187 6 0 3.75
318 2 0 3.25
59 6 0 1.75
335 19 0 4.0
58 48 0 2.25
155 1 0 3.5
232 20 0 1.5
294 11 0 3.0
108 6 0 1.5
141 2 0 1.5
245 19 0 4.0
83 18 0 2.0
342 20 0 2.0
210 18 0 2.5
180 4 0 2.75
325 15 0 3.0
344 11 0 3.25
79 6 0 1.5
349 13 0 3.0
239 9 0 2.5
335 67 0 2.5
176 20 0 4.0
255 9 0 1.75
252 16 0 3.0
266 15 0 1.5
101 0 0 2.75
164 6 0 2.25
124 18 0 1.5
141 12 0 2.75
239 1 0 2.75
339 15 0 3.0
128 14 0 4.0
202 9 0 2.0
285 18 0 3.5
142 1 0 2.75
257 2 0 3.25
338 12 0 2.25
245 56 0 3.25
34 55 0 1.75
174 3 0 2.5
167 14 0 2.75
201 6 0 2.0
210 10 0 3.5
16 11 0 1.5
205 9 0 2.5
266 17 0 1.75
9 18 0 1.75
144 54 0 2.5
278 16 0 3.75
23 20 0 2.75
85 0 0 2.5
152 15 0 1.75
119 2 0 3.5
32 4 0 2.25
101 19 0 3.0
329 64 0 3.0
155 8 0 1.5
49 6 0 4.0
139 15 0 1.75
67 2 0 3.0
46 3 0 3.25
53 32 0 1.75
353 11 0 3.0
326 4 0 3.5
34 3 0 3.0
282 7 0 3.5
52 1 0 1.5
209 15 0 3.25
46 13 0 2.75
297 7 0 3.25
146 2 0 2.0
120 23 0 3.25
264 20 0 4.0
45 3 0 3.25
320 59 0 1.75
123 7 0 3.0
240 13 0 2.0
320 16 0 3.75
238 8 0 2.75
4 4 0 3.25
204 25 0 1.5
178 1 0 1.5
129 6 0 2.5
4 18 0 2.0
340 13 0 2.25
250 12 0 2.5
191 8 0 2.5
162 12 0 2.75
340 1 0 3.75
327 5 0 2.25
195 17 0 1.5
286 9 0 3.25
328 15 0 3.25
11 4 0 3.75
296 49 0 1.5
70 0 0 3.25
353 6 0 1.5
254 11 0 3.5
186 13 0 3.25
40 3 0 3.75
103 18 0 2.75
253 8 0 4.0
103 18 0 1.75
256 11 0 2.25
332 20 0 2.5
103 20 0 1.5
100 2 0 3.75
115 57 0 1.75
192 5 0 1.5
153 6 0 4.0
134 5 0 2.25
144 18 0 2.5
162 14 0 1.5
189 3 0 3.0
10 20 0 2.25
159 0 0 3.5
203 12 0 3.75
338 43 0 3.5
109 48 0 2.0
12 9 0 1.75
324 18 0 2.25
233 9 0 1.75
241 37 0 1.5
6 18 0 2.25
167 19 0 3.25
252 0 0 2.75
237 17 0 3.0
320 6 0 3.5
226 19 0 2.5
157 5 0 3.5
242 5 0 2.0
100 17 0 1.5
60 5 0 2.25
140 16 0 1.5
93 4 0 3.25
192 18 0 2.5
12 1 0 1.75
137 8 0 2.0
207 13 0 2.75
309 19 0 3.75
10 11 0 1.75
275 2 0 2.25
285 18 0 2.75
182 19 0 3.5
147 1 0 1.5
315 12 0 3.5
159 7 0 2.0
149 13 0 1.75
174 15 0 1.75
263 9 0 2.25
275 20 0 1.5
18 39 0 3.75
128 8 0 2.75
65 11 0 1.75
99 19 0 2.0
15 10 0 3.0
133 17 0 3.25
60 9 0 2.25
139 26 0 3.75
172 19 0 2.25
16 3 0 3.5
340 6 0 3.5
176 4 0 3.25
196 18 0 3.75
341 16 0 3.25
162 9 0 1.5
174 2 0 1.75
4 54 0 1.75
86 20 0 2.5
71 10 0 1.5
7 14 0 3.75
42 9 0 2.0
224 1 0 3.75
142 18 0 2.0
148 7 0 1.75
148 9 0 2.25
184 8 0 3.25
299 16 0 2.25
70 4 0 3.0
2 26 0 4.0
194 13 0 2.75
196 14 0 2.25
344 8 0 2.0
32 10 0 4.0
261 10 0 3.0
219 12 0 2.25
256 7 0 2.5
320 19 0 3.75
142 9 0 4.0
346 50 0 2.25
62 12 0 2.0
194 4 0 2.75
234 41 0 4.0
354 12 0 3.75
354 7 0 3.0
186 10 0 2.0
303 8 0 1.75
89 20 0 2.5
200 18 0 2.25
295 1 0 1.75
116 19 0 3.75
353 3 0 4.0
222 4 0 1.5
3 11 0 2.5
269 13 0 4.0
171 1 0 1.75
316 5 0 2.75
320 36 0 3.5
247 7 0 3.0
62 5 0 3.5
28 9 0 3.0
279 19 0 2.5
76 19 0 4.0
227 0 0 3.0
77 15 0 3.25
267 7 0 4.0
33 18 0 3.25
178 1 0 3.5
25 1 0 2.0
179 19 0 3.25
181 17 0 3.25
30 5 0 2.5
177 8 0 3.75
313 0 0 3.75
250 1 0 3.5
185 12 0 3.0
337 14 0 2.5
159 5 0 4.0
267 0 0 3.0
11 18 0 3.25
216 37 0 2.75
315 1 0 2.25
305 15 0 2.0
233 1 0 2.0
52 16 0 2.75
115 23 0 3.75
165 7 0 2.75
278 15 0 2.25
339 20 0 2.0
285 8 0 2.5
188 10 0 1.75
152 3 0 3.75
300 20 0 1.5
197 18 0 2.0
0 7 0 4.0
339 17 0 3.75
194 9 0 3.5
136 6 0 2.5
66 18 0 2.5
264 37 0 4.0
68 3 0 3.75
159 20 0 3.25
74 12 0 3.0
327 11 0 3.5
277 4 0 2.25
352 13 0 3.25
339 7 0 3.75
11 0 0 2.5
5 4 0 2.0
33 4 0 2.0
345 19 0 2.25
139 14 0 3.0
145 12 0 3.25
343 0 0 3.0
55 12 0 3.75
113 11 0 2.75
287 19 0 2.5
329 5 0 2.5
311 12 0 2.75
253 14 0 2.5
343 16 0 1.75
270 17 0 2.25
165 9 0 1.5
242 10 0 1.75
350 5 0 2.25
112 53 0 1.5
68 8 0 2.25
314 53 0 2.75
254 16 0 2.0
58 17 0 3.75
143 7 0 3.0
200 1 0 1.5
238 12 0 3.25
191 1 0 3.75
271 18 0 3.25
232 18 0 4.0
328 10 0 2.5
93 5 0 3.25
64 14 0 1.75
320 1 0 2.0
59 4 0 2.25
186 31 0 2.0
186 20 0 4.0
341 18 0 3.5
202 16 0 3.5
5 20 0 3.75
324 5 0 3.0
198 4 0 2.0
246 7 0 2.5
287 5 0 3.5
161 19 0 3.25
334 6 0 2.0
35 14 0 4.0
64 12 0 2.0
91 0 0 3.0
48 48 0 3.25
292 1 0 3.5
335 6 0 2.0
300 19 0 2.25
129 1 0 3.25
72 20 0 1.5
66 3 0 3.75
252 12 0 3.5
226 5 0 4.0
241 19 0 3.25
80 16 0 3.0
58 16 0 4.0
191 14 0 2.75
42 2 0 1.75
235 11 0 2.0
275 50 0 2.75
272 16 0 3.75
95 8 0 2.25
129 31 0 1.5
55 18 0 1.75
338 6 0 1.75
284 16 0 1.5
275 14 0 1.75
37 19 0 2.75
27 4 0 3.75
28 18 0 2.5
118 8 0 3.75
240 3 0 2.75
201 16 0 4.0
311 34 0 3.5
136 11 0 2.75
176 8 0 2.75
80 2 0 2.75
331 15 0 4.0
317 44 0 3.5
91 11 0 2.75
111 16 0 2.75
211 10 0 3.0
83 9 0 3.5
2 12 0 3.75
126 10 0 4.0
56 14 0 1.75
17 15 0 2.25
176 19 0 2.25
175 9 0 3.5
291 0 0 3.5
357 16 0 2.0
318 18 0 2.75
24 19 0 1.5
314 6 0 2.0
16 0 0 4.0
198 19 0 3.25
318 3 0 2.75
13 14 0 2.75
94 17 0 2.5
210 14 0 2.25
225 80 0 3.0
269 11 0 3.75
215 16 0 4.0
53 6 0 2.0
221 1 0 3.25
301 17 0 3.25
151 20 0 3.0
206 10 0 3.25
83 13 0 2.5
214 1 0 2.0
23 14 0 3.75
4 15 0 3.75
271 5 0 3.5
42 11 0 2.5
101 6 0 2.5
138 15 0 2.0
140 12 0 2.0
189 2 0 3.5
152 25 0 1.5
171 0 0 1.75
17 21 0 2.0
78 0 0 3.0
316 16 0 3.75
50 9 0 1.5
16 19 0 2.5
316 14 0 2.0
348 18 0 1.5
339 0 0 1.5
286 8 0 1.5
152 17 0 2.0
80 14 0 3.25
352 4 0 2.5
318 11 0 2.25
29 2 0 1.5
256 13 0 3.5
280 19 0 3.0
237 3 0 2.25
342 17 0 2.25
2 8 0 2.0
30 4 0 3.75
339 15 0 2.25
182 9 0 4.0
148 5 0 3.5
150 11 0 3.75
2 14 0 4.0
130 7 0 2.75
97 18 0 4.0
319 17 0 2.25
136 0 0 1.75
224 16 0 2.0
221 20 0 4.0
260 9 0 3.0
47 12 0 2.75
181 17 0 1.5
263 11 0 3.75
76 19 0 2.75
170 9 0 3.25
124 10 0 2.75
256 16 0 1.5
68 14 0 2.5
356 17 0 2.75
96 10 0 1.75
228 8 0 2.75
122 11 0 2.0
127 8 0 4.0
237 17 0 2.5
7 19 0 2.0
16 14 0 3.0
209 12 0 1.75
240 10 0 2.5
278 18 0 2.25
343 9 0 4.0
342 12 0 2.5
269 4 0 3.5
242 11 0 2.5
233 11 0 4.0
323 11 0 1.5
40 76 0 2.5
286 20 0 3.0
222 4 0 4.0
95 3 0 2.75
269 8 0 3.25
34 13 0 3.5
1 38 0 3.75
245 6 0 3.75
249 5 0 2.75
243 0 0 1.5
257 33 0 2.25
54 16 0 3.0
16 67 0 4.0
8 35 0 3.75
309 16 0 2.0
170 13 0 3.75
248 8 0 3.5
164 4 0 1.75
251 11 0 3.25
162 10 0 3.25
37 17 0 4.0
118 9 0 3.0
241 6 0 2.25
203 5 0 3.0
169 14 0 2.75
10 10 0 4.0
306 15 0 2.75
130 6 0 3.0
67 14 0 2.75
57 19 0 2.5
163 5 0 3.25
128 2 0 2.0
207 17 0 2.0
213 40 0 3.75
12 0 0 3.75
163 8 0 1.75
48 5 0 3.75
199 3 0 2.75
257 12 0 3.0
316 4 0 1.5
216 50 0 3.5
166 2 0 2.25
174 0 0 4.0
34 2 0 4.0
81 20 0 1.75
78 7 0 1.5
153 2 0 3.5
31 18 0 2.25
55 14 0 3.25
219 17 0 3.25
89 1 0 3.0
206 14 0 3.75
115 11 0 2.5
340 10 0 1.5
268 2 0 4.0
83 7 0 3.75
81 19 0 3.25
183 10 0 1.5
158 3 0 1.5
208 19 0 3.0
276 10 0 3.75
232 2 0 2.75
60 9 0 4.0
37 18 0 2.0
91 14 0 2.75
218 2 0 2.75
351 17 0 3.0
48 18 0 1.75
238 20 0 2.5
336 0 0 1.75
0 14 0 2.0
37 20 0 1.5
180 14 0 2.0
178 5 0 4.0
159 15 0 3.25
344 20 0 2.25
31 13 0 2.5
299 7 0 4.0
268 4 0 1.75
13 20 0 4.0
190 19 0 3.5
283 3 0 2.25
137 18 0 4.0
44 6 0 1.5
167 18 0 1.5
192 16 0 3.25
182 6 0 3.25
130 3 0 3.5
190 16 0 3.25
120 2 0 4.0
153 13 0 2.25
16 13 0 2.0
168 3 0 2.25
300 14 0 3.5
186 10 0 2.25
242 9 0 2.0
174 20 0 4.0
4 11 0 3.5
157 38 0 1.5
104 6 0 1.75
218 4 0 1.5
358 17 0 2.75
246 5 0 1.5
347 4 0 3.0
260 4 0 2.5
44 5 0 2.25
318 6 0 3.0
107 0 0 4.0
24 1 0 4.0
192 13 0 3.25
145 18 0 2.5
47 7 0 1.75
348 20 0 2.25
249 15 0 3.25
350 4 0 3.0
149 62 0 2.5
273 20 0 2.25
254 8 0 3.25
126 1 0 3.5
100 5 0 3.25
250 14 0 1.5
189 18 0 3.5
196 17 0 3.25
333 10 0 3.75
196 1 0 1.75
140 12 0 3.25
61 17 0 3.25
105 19 0 2.5
312 2 0 3.5
53 8 0 2.5
269 13 0 2.0
1 10 0 4.0
52 7 0 3.75
39 4 0 3.5
256 2 0 2.0
353 14 0 1.75
44 13 0 4.0
247 0 0 4.0
337 6 0 1.75
291 7 0 4.0
310 14 0 2.75
242 19 0 3.0
63 1 0 2.25
348 11 0 3.25
68 20 0 2.0
189 11 0 1.5
157 5 0 2.0
299 10 0 1.75
33 10 0 1.5
9 0 0 3.5
73 11 0 1.5
89 2 0 3.5
79 9 0 3.5
92 10 0 3.75
58 5 0 3.0
149 23 0 2.25
284 17 0 3.5
241 41 0 3.0
120 10 0 3.5
343 14 0 4.0
31 15 0 3.5
139 19 0 3.5
197 19 0 1.5
167 13 0 3.75
347 19 0 3.0
272 1 0 3.5
262 4 0 3.25
46 17 0 1.75
81 13 0 1.5
337 12 0 3.75
133 8 0 1.75
332 17 0 2.75
263 12 0 3.5
169 15 0 1.5
257 20 0 1.75
221 13 0 3.0
187 16 0 2.0
116 3 0 3.25
219 12 0 2.75
14 4 0 2.0
79 19 0 3.0
142 15 0 4.0
3 1 0 2.75
339 10 0 3.5
149 4 0 3.75
249 0 0 3.25
31 12 0 2.0
348 22 0 1.5
348 15 0 1.5
34 20 0 4.0
138 4 0 1.5
276 11 0 2.75
259 11 0 1.75
131 19 0 3.5
201 13 0 4.0
110 16 0 3.0
300 1 0 1.5
280 11 0 2.0
267 16 0 2.75
0 12 0 1.5
269 18 0 2.0
236 11 0 3.75
109 18 0 3.0
136 3 0 3.5
5 4 0 3.75
329 20 0 2.75
144 17 0 1.5
242 13 0 1.75
267 4 0 3.5
106 7 0 3.25
104 3 0 3.5
207 18 0 3.75
10 9 0 2.0
277 12 0 3.25
50 20 0 1.75
214 14 0 1.75
211 19 0 3.25
0 1 0 1.75
330 8 0 4.0
105 11 0 3.5
128 15 0 1.5
236 5 0 3.75
54 13 0 2.5
354 19 0 3.25
82 8 0 3.0
275 2 0 1.75
275 12 0 3.25
29 18 0 3.0
177 12 0 1.5
211 18 0 1.75
71 16 0 3.5
173 43 0 2.75
245 8 0 3.75
5 9 0 2.0
328 58 0 2.75
32 17 0 1.75
186 12 0 1.5
206 44 0 3.0
283 3 0 3.0
173 11 0 1.75
118 2 0 3.75
37 16 0 2.5
45 7 0 2.5
355 3 0 1.75
207 1 0 3.25
170 13 0 3.5
153 72 0 3.75
2 13 0 4.0
54 4 0 1.75
278 8 0 3.25
181 74 0 1.5
191 9 0 3.5
184 11 0 2.25
159 20 0 2.75
156 19 0 2.25
84 41 0 4.0
220 9 0 2.0
22 34 0 3.5
231 59 0 3.0
213 1 0 2.5
348 0 0 3.5
41 28 0 3.0
37 9 0 2.0
24 18 0 3.25
237 2 0 3.0
65 0 0 3.5
151 10 0 4.0
287 26 0 4.0
10 2 0 3.5
14 18 0 3.75
280 17 0 1.75
196 15 0 4.0
19 12 0 2.25
170 4 0 2.0
257 10 0 2.5
122 10 0 3.75
59 46 0 1.5
89 0 0 2.75
186 13 0 1.5
263 20 0 2.0
20 10 0 2.0
213 0 0 3.75
257 19 0 2.25
265 4 0 2.75
265 16 0 3.75
61 6 0 4.0
195 19 0 3.25
243 2 0 1.5
186 5 0 1.5
67 65 0 2.0
289 5 0 4.0
88 5 0 3.5
308 15 0 3.75
219 7 0 3.75
230 3 0 2.0
54 13 0 2.25
35 0 0 3.0
18 59 0 1.5
188 22 0 3.5
108 2 0 2.25
300 45 0 3.75
167 3 0 3.5
319 3 0 3.0
173 18 0 3.5
252 9 0 2.25
110 31 0 3.0
8 13 0 4.0
76 10 0 4.0
259 16 0 3.75
162 43 0 2.0
354 4 0 3.75
21 8 0 3.25
81 17 0 2.0
265 11 0 1.5
244 19 0 3.75
225 36 0 2.75
55 1 0 2.5
325 19 0 2.75
172 4 0 3.75
107 18 0 3.0
84 28 0 4.0
122 4 0 2.0
24 11 0 3.0
8 18 0 2.0
131 11 0 3.5
60 15 0 2.25
253 13 0 1.5
275 12 0 2.0
139 11 0 2.0
293 16 0 3.5
141 5 0 3.0
163 1 0 2.75
134 18 0 3.75
170 8 0 2.25
2 14 0 2.0
281 13 0 3.0
163 9 0 2.0
181 13 0 1.5
68 8 0 2.75
199 14 0 2.75
101 53 0 4.0
263 2 0 2.0
70 3 0 2.75
118 13 0 4.0
22 3 0 3.75
305 10 0 4.0
328 7 0 3.75
261 13 0 1.5
298 2 0 2.25
286 4 0 1.75
340 44 0 2.0
291 34 0 2.75
81 9 0 1.5
254 3 0 3.5
281 7 0 3.5
253 16 0 2.5
36 6 0 2.75
5 10 0 3.0
27 13 0 2.75
188 9 0 1.5
348 76 0 4.0
250 8 0 4.0
206 9 0 3.25
43 0 0 3.25
169 13 0 2.5
300 16 0 3.75
149 11 0 1.5
1 14 0 3.0
82 11 0 4.0
19 1 0 2.75
222 2 0 1.5
213 1 0 2.75
129 9 0 3.5
113 9 0 2.75
261 3 0 2.0
270 16 0 1.5
27 14 0 4.0
238 10 0 3.0
80 5 0 1.75
353 19 0 3.75
294 15 0 3.5
190 0 0 1.5
150 9 0 3.5
193 19 0 3.0
82 30 0 2.75
116 18 0 1.5
293 12 0 1.5
167 9 0 2.75
250 14 0 1.75
220 12 0 2.75
344 1 0 2.75
188 0 0 1.75
314 1 0 2.25
117 2 0 1.5
50 13 0 2.5
108 13 0 2.5
133 7 0 3.25
205 4 0 2.0
274 27 0 3.5
265 16 0 3.0
323 20 0 2.75
191 15 0 1.5
47 7 0 3.25
26 17 0 1.5
342 10 0 3.5
214 14 0 1.5
323 7 0 1.75
324 17 0 3.25
256 16 0 3.0
135 20 0 2.0
1 4 0 2.75
352 4 0 3.25
204 12 0 3.0
317 2 0 3.25
30 15 0 3.75
335 1 0 3.25
265 4 0 2.25
273 7 0 2.0
214 48 0 3.0
83 73 0 3.25
321 22 0 4.0
109 47 0 2.5
41 8 0 3.0
173 6 0 2.0
179 8 0 1.75
104 20 0 2.0
18 12 0 4.0
313 17 0 2.75
106 19 0 4.0
319 3 0 4.0
291 52 0 2.5
174 3 0 2.0
37 44 0 1.5
298 8 0 1.5
206 7 0 2.5
244 20 0 3.5
195 12 0 3.75
72 11 0 3.75
249 16 0 3.0
90 6 0 3.5
291 3 0 2.25
100 4 0 3.5
312 20 0 1.75
59 0 0 2.0
353 17 0 2.25
288 1 0 1.5
153 29 0 1.75
107 6 0 3.5
129 16 0 3.25
165 7 0 3.5
52 17 0 2.25
101 20 0 2.0
192 41 0 3.75
260 36 0 2.5
237 42 0 2.0
61 63 0 2.25
192 11 0 3.75
51 12 0 4.0
299 1 0 2.75
357 32 0 3.25
216 6 0 3.75
146 23 0 3.75
6 2 0 4.0
142 8 0 4.0
308 14 0 4.0
102 2 0 1.75
159 16 0 1.75
39 12 0 2.0
270 4 0 3.75
191 6 0 4.0
303 17 0 3.5
103 4 0 3.25
68 2 0 3.75
295 7 0 2.25
119 1 0 3.0
339 11 0 3.5
52 13 0 3.5
220 15 0 3.5
193 11 0 2.75
190 37 0 3.25
302 2 0 2.25
190 15 0 3.75
193 59 0 3.5
125 73 0 2.25
38 6 0 3.5
185 5 0 2.75
208 0 0 3.0
256 5 0 4.0
34 11 0 1.75
156 1 0 1.75
328 19 0 1.5
134 9 0 3.75
194 14 0 3.25
194 16 0 4.0
37 76 0 1.75
47 14 0 3.0
165 17 0 3.75
215 19 0 1.75
159 1 0 2.5
121 9 0 4.0
113 3 0 3.25
354 9 0 2.5
157 5 0 3.25
195 13 0 3.25
42 0 0 3.25
40 10 0 1.75
291 8 0 1.5
229 13 0 1.75
208 14 0 3.75
78 1 0 1.5
209 7 0 2.25
276 0 0 3.25
132 19 0 4.0
245 21 0 2.0
227 17 0 3.0
134 8 0 2.5
233 16 0 2.25
216 11 0 3.25
142 5 0 3.5
292 11 0 2.25
240 4 0 3.5
201 21 0 1.75
316 10 0 3.25
198 20 0 3.0
47 0 0 3.25
63 33 0 2.5
102 14 0 3.0
10 10 0 1.75
195 14 0 1.75
299 5 0 1.75
70 11 0 3.25
268 16 0 3.75
147 19 0 2.5
186 1 0 2.75
128 15 0 3.0
246 14 0 2.75
67 71 0 3.0
320 2 0 2.75
55 12 0 2.25
127 8 0 2.75
236 10 0 2.0
279 2 0 2.5
83 17 0 2.75
203 7 0 2.5
205 58 0 3.0
50 7 0 3.0
169 5 0 2.0
85 10 0 4.0
266 6 0 2.75
220 5 0 1.5
60 17 0 1.5
254 15 0 3.5
204 1 0 1.75
78 15 0 3.0
321 3 0 2.25
122 6 0 2.75
285 7 0 2.75
269 14 0 4.0
183 11 0 3.0
53 12 0 2.25
171 17 0 1.5
25 10 0 3.5
69 3 0 4.0
283 4 0 4.0
91 20 0 4.0
113 18 0 3.0
354 14 0 2.25
136 29 0 3.5
242 7 0 3.75
63 8 0 3.5
19 4 0 3.25
198 16 0 1.75
257 20 0 3.75
193 6 0 3.0
204 37 0 3.5
312 3 0 2.75
202 13 0 4.0
237 5 0 2.0
141 2 0 2.75
283 20 0 2.75
218 4 0 2.75
339 10 0 2.75
15 2 0 1.5
341 15 0 3.25
74 12 0 2.0
62 23 0 2.0
271 11 0 2.75
297 20 0 2.75
322 8 0 3.0
186 4 0 3.0
260 80 0 2.75
115 8 0 2.5
197 7 0 3.25
126 5 0 3.0
223 10 0 2.5
312 7 0 4.0
196 5 0 2.5
138 15 0 1.5
317 7 0 1.75
300 8 0 4.0
31 17 0 2.5
304 12 0 3.75
270 11 0 2.25
190 0 0 2.25
11 6 0 2.25
163 6 0 1.5
349 2 0 3.25
29 48 0 3.75
94 13 0 3.25
227 32 0 2.0
206 15 0 2.5
76 7 0 3.75
118 13 0 2.5
263 5 0 2.0
261 12 0 2.5
221 13 0 2.0
171 12 0 4.0
77 5 0 3.0
301 20 0 3.25
328 5 0 3.75
224 13 0 1.5
357 19 0 2.75
285 14 0 2.0
68 17 0 1.75
263 4 0 1.5
319 9 0 3.5
60 16 0 2.75
77 6 0 3.0
218 6 0 2.0
165 38 0 2.0
93 1 0 2.25
333 4 0 4.0
161 6 0 3.75
150 1 0 4.0
72 11 0 1.75
19 54 0 1.75
357 16 0 1.75
81 19 0 4.0
287 20 0 1.5
82 9 0 4.0
339 4 0 2.0
125 1 0 2.5
140 15 0 2.75
66 15 0 4.0
38 19 0 3.75
219 14 0 2.5
85 9 0 2.75
170 0 0 2.5
26 20 0 3.5
210 20 0 3.25
202 4 0 2.0
201 20 0 1.5
147 32 0 1.5
112 16 0 3.5
264 5 0 2.0
185 4 0 1.5
228 4 0 2.0
286 64 0 2.5
143 19 0 2.25
3 18 0 2.25
155 20 0 4.0
8 14 0 2.25
165 6 0 2.0
219 37 0 2.75
223 10 0 2.75
310 10 0 2.75
346 9 0 3.75
345 3 0 3.25
97 7 0 4.0
116 15 0 3.5
103 7 0 2.5
95 6 0 3.25
137 0 0 1.5
273 20 0 3.0
246 0 0 4.0
62 1 0 2.0
307 10 0 1.75
77 16 0 2.75
219 20 0 2.25
266 58 0 3.25
176 15 0 3.25
287 16 0 2.5
345 17 0 1.5
135 5 0 1.75
137 9 0 2.5
309 17 0 1.75
236 15 0 3.25
178 9 0 2.5
150 13 0 3.5
207 7 0 3.75
201 10 0 4.0
261 14 0 1.75
139 14 0 2.25
216 0 0 3.75
219 6 0 3.25
266 12 0 1.75
60 2 0 1.5
190 12 0 2.0
210 14 0 2.0
323 16 0 2.0
340 29 0 3.25
148 10 0 3.75
307 18 0 2.0
283 0 0 2.0
320 1 0 3.25
246 11 0 2.25
269 6 0 1.5
305 6 0 2.0
296 9 0 4.0
116 5 0 1.75
34 6 0 2.5
317 2 0 2.5
165 20 0 2.75
7 16 0 2.75
170 9 0 2.5
238 16 0 2.75
242 4 0 3.25
145 1 0 2.75
102 15 0 1.75
133 12 0 2.25
83 14 0 2.25
264 9 0 3.25
316 11 0 3.0
276 55 0 2.0
292 20 0 2.75
320 1 0 3.0
248 18 0 2.5
47 16 0 3.0
254 10 0 3.75
68 60 0 3.0
123 8 0 2.5
327 4 0 3.75
231 12 0 2.0
340 15 0 1.75
324 8 0 3.75
68 20 0 3.75
5 13 0 1.5
266 2 0 3.25
310 15 0 2.5
319 13 0 2.5
17 27 0 1.75
103 12 0 4.0
254 4 0 2.5
200 11 0 3.0
76 6 0 2.25
15 18 0 3.25
121 12 0 2.75
171 3 0 3.5
220 4 0 1.5
77 4 0 2.75
253 17 0 1.5
337 15 0 2.75
19 7 0 2.5
33 9 0 3.0
79 0 0 3.75
320 15 0 4.0
186 6 0 3.75
241 4 0 3.75
28 5 0 2.25
151 62 0 1.5
41 0 0 1.75
112 38 0 2.0
355 3 0 2.25
258 10 0 3.5
248 0 0 2.75
222 8 0 1.75
296 14 0 2.25
296 2 0 3.25
18 16 0 3.25
209 42 0 3.5
244 43 0 4.0
118 43 0 3.0
313 4 0 1.75
241 14 0 3.75
243 5 0 1.5
358 2 0 2.0
242 5 0 1.75
61 7 0 2.25
357 18 0 3.0
275 14 0 2.5
348 3 0 2.25
328 40 0 2.75
65 13 0 4.0
61 11 0 4.0
53 45 0 2.5
175 1 0 2.75
5 9 0 2.75
88 18 0 3.25
324 13 0 3.5
192 0 0 4.0
46 6 0 3.75
265 12 0 2.75
219 20 0 2.75
224 13 0 3.5
35 11 0 2.5
235 8 0 2.25
171 10 0 2.75
180 3 0 3.0
358 10 0 2.25
211 1 0 2.5
148 16 0 2.75
338 9 0 3.0
120 4 0 1.5
46 1 0 2.25
103 11 0 1.5
73 3 0 4.0
103 13 0 2.0
238 14 0 3.5
348 40 0 1.75
32 15 0 1.5
285 16 0 3.25
329 10 0 3.75
171 4 0 4.0
6 3 0 2.25
166 36 0 2.5
139 5 0 2.25
182 5 0 2.25
142 54 0 4.0
148 19 0 2.5
336 16 0 3.25
34 11 0 2.0
156 20 0 2.5
44 8 0 3.5
337 7 0 2.0
330 2 0 2.75
91 19 0 1.75
154 2 0 1.5
228 5 0 2.5
346 13 0 2.5
19 10 0 2.5
145 15 0 3.5
227 31 0 1.5
297 12 0 2.75
132 7 0 2.5
173 18 0 2.0
143 5 0 1.75
150 75 0 2.75
141 0 0 1.75
204 18 0 3.75
133 2 0 2.25
164 7 0 2.0
187 1 0 2.75
164 20 0 3.25
38 8 0 3.75
290 17 0 3.0
155 1 0 3.25
80 18 0 4.0
284 15 0 2.0
157 4 0 1.5
102 4 0 4.0
310 3 0 3.25
300 1 0 4.0
336 16 0 2.25
243 46 0 2.75
72 14 0 4.0
103 62 0 4.0
111 5 0 4.0
120 8 0 4.0
87 16 0 3.75
322 0 0 1.5
346 47 0 3.5
145 5 0 2.25
154 2 0 3.25
316 13 0 2.75
212 15 0 2.5
155 0 0 1.75
141 27 0 3.5
215 9 0 1.75
29 31 0 1.5
60 7 0 3.0
288 8 0 3.0
293 12 0 2.5
137 20 0 2.25
71 10 0 3.75
27 19 0 3.25
294 12 0 2.0
109 12 0 3.75
328 6 0 2.5
171 4 0 3.0
319 17 0 3.0
133 3 0 1.75
8 3 0 1.5
277 2 0 2.25
304 4 0 3.75
89 14 0 2.5
42 2 0 4.0
202 13 0 3.25
240 17 0 3.25
316 15 0 1.75
79 15 0 3.75
283 12 0 2.25
284 20 0 1.5
11 12 0 3.5
331 16 0 2.0
263 7 0 2.75
35 6 0 3.5
20 9 0 3.5
50 14 0 2.25
92 0 0 2.0
209 6 0 2.5
82 13 0 2.25
214 0 0 2.5
281 11 0 1.5
62 4 0 4.0
136 7 0 1.5
116 0 0 4.0
9 1 0 2.0
245 0 0 2.75
108 17 0 3.5
34 34 0 3.5
332 8 0 3.75
260 12 0 1.75
72 0 0 1.75
165 16 0 2.75
268 5 0 3.25
220 11 0 1.75
220 2 0 4.0
280 0 0 3.25
13 7 0 2.5
234 2 0 3.5
73 17 0 2.5
190 7 0 2.5
270 1 0 3.0
325 7 0 2.5
119 0 0 3.5
134 46 0 1.75
201 16 0 1.5
192 16 0 3.0
54 17 0 4.0
300 13 0 1.75
101 2 0 3.25
66 19 0 1.75
351 12 0 3.25
145 8 0 2.0
9 20 0 2.0
279 42 0 2.75
155 20 0 2.0
22 6 0 1.5
202 58 0 3.25
80 23 0 1.5
142 7 0 4.0
144 5 0 3.75
303 5 0 1.5
140 3 0 3.5
300 14 0 3.0
232 0 0 2.5
237 36 0 1.5
263 27 0 4.0
342 0 0 1.5
5 20 0 1.5
126 10 0 3.0
195 3 0 3.25
223 27 0 4.0
21 2 0 2.25
313 15 0 4.0
302 1 0 3.25
14 11 0 2.0
208 2 0 2.5
228 16 0 1.5
1 2 0 3.0
332 20 0 3.5
257 17 0 1.75
150 45 0 3.0
106 6 0 3.0
245 4 0 1.75
288 13 0 3.0
8 10 0 2.75
96 9 0 3.75
155 18 0 2.25
58 3 0 3.5
86 14 0 3.25
120 8 0 2.75
281 14 0 3.25
160 44 0 2.0
137 10 0 2.5
236 10 0 3.25
49 6 0 3.25
315 19 0 1.75
327 1 0 3.5
242 44 0 3.5
218 15 0 2.25
262 3 0 2.25
326 17 0 1.5
350 6 0 1.75
47 9 0 3.75
114 10 0 3.5
99 9 0 3.75
137 17 0 2.5
321 10 0 3.5
78 11 0 3.0
39 22 0 1.5
266 19 0 1.5
6 11 0 3.0
251 8 0 1.75
281 10 0 3.25
320 9 0 2.75
310 0 0 1.5
347 4 0 4.0
308 9 0 2.0
155 1 0 2.75
9 18 0 3.5
73 12 0 4.0
270 10 0 1.75
322 15 0 3.5
67 1 0 3.5
53 14 0 2.25
305 7 0 3.5
97 5 0 1.75
83 16 0 2.25
326 8 0 3.75
207 16 0 3.75
317 1 0 3.0
307 3 0 2.25
202 32 0 2.25
284 18 0 3.75
104 3 0 2.75
208 19 0 3.5
131 3 0 3.0
332 6 0 3.5
245 20 0 3.75
266 58 0 2.75
213 16 0 3.5
99 9 0 2.5
345 10 0 3.25
234 7 0 3.0
75 7 0 3.5
103 15 0 3.75
219 8 0 3.25
185 17 0 3.25
206 17 0 4.0
233 13 0 1.5
296 6 0 3.75
354 11 0 3.0
305 4 0 3.25
64 2 0 4.0
357 52 0 2.5
158 56 0 3.5
44 20 0 3.75
189 0 0 2.0
337 11 0 2.5
272 5 0 3.0
55 4 0 3.0
28 6 0 3.25
333 6 0 3.25
177 20 0 3.0
96 5 0 4.0
97 17 0 3.5
87 20 0 1.75
255 19 0 1.5
307 19 0 3.25
233 19 0 4.0
105 11 0 4.0
42 10 0 3.0
78 11 0 2.0
335 7 0 2.75
291 16 0 2.25
92 16 0 3.5
229 20 0 1.75
56 12 0 3.0
262 3 0 3.75
232 20 0 2.0
318 7 0 2.25
230 8 0 2.0
309 13 0 2.25
153 28 0 3.0
118 8 0 4.0
0 11 0 2.5
15 16 0 2.25
207 1 0 3.0
217 11 0 3.25
46 25 0 2.75
191 8 0 3.5
76 13 0 1.5
93 1 0 2.75
162 2 0 2.0
272 2 0 3.5
274 11 0 2.75
7 18 0 1.5
320 8 0 2.75
258 12 0 3.0
252 7 0 3.75
227 13 0 2.75
8 52 0 2.5
93 4 0 3.75
34 12 0 4.0
241 10 0 1.5
67 12 0 3.25
116 9 0 2.0
140 3 0 3.75
178 21 0 2.5
57 6 0 3.5
137 18 0 3.5
59 4 0 3.5
335 9 0 2.0
105 7 0 4.0
273 7 0 2.75
4 6 0 3.75
13 53 0 2.75
95 19 0 2.75
33 16 0 2.75
152 3 0 3.25
190 6 0 2.75
234 7 0 2.5
95 4 0 1.75
301 13 0 2.5
273 6 0 2.25
229 12 0 3.0
264 17 0 1.75
2 16 0 3.25
140 0 0 3.0
300 17 0 3.25
304 11 0 3.75
3 47 0 3.5
306 6 0 3.75
299 5 0 2.25
176 19 0 2.5
159 8 0 3.75
240 5 0 1.75
202 4 0 4.0
353 19 0 3.5
86 49 0 2.0
206 4 0 2.75
122 5 0 2.0
330 13 0 3.25
92 11 0 3.75
43 2 0 2.5
264 42 0 3.5
316 69 0 1.5
116 16 0 2.5
250 6 0 3.25
242 17 0 3.5
7 11 0 3.5
227 20 0 2.25
312 1 0 3.25
79 2 0 3.5
19 18 0 2.5
31 0 0 3.25
2 32 0 3.75
317 45 0 1.5
105 10 0 3.0
213 17 0 3.0
111 5 0 1.75
192 5 0 3.0
172 11 0 3.5
61 0 0 1.75
210 16 0 2.0
159 20 0 1.75
125 12 0 3.0
172 18 0 4.0
146 3 0 1.5
353 19 0 4.0
66 13 0 3.0
232 17 0 3.5
345 5 0 1.75
275 9 0 2.0
10 7 0 1.5
71 4 0 3.75
234 27 0 2.5
314 3 0 2.5
92 18 0 2.5
179 6 0 2.0
183 15 0 3.0
103 17 0 3.25
174 3 0 3.75
335 10 0 2.5
275 3 0 2.25
108 22 0 1.75
71 16 0 3.0
85 11 0 3.75
321 10 0 1.5
42 13 0 1.5
19 19 0 3.5
123 0 0 3.75
203 16 0 2.75
141 17 0 1.75
115 14 0 2.0
178 20 0 2.0
312 7 0 1.5
315 19 0 2.5
318 10 0 2.0
32 8 0 4.0
186 12 0 3.5
20 18 0 2.75
205 14 0 1.5
107 6 0 1.75
201 17 0 1.75
231 19 0 2.25
16 18 0 1.5
218 7 0 1.75
330 6 0 3.25
112 19 0 3.75
219 71 0 3.5
307 16 0 3.5
28 2 0 3.5
206 6 0 1.5
124 12 0 1.5
2 13 0 2.75
141 2 0 1.75
260 14 0 3.5
196 15 0 3.25
226 1 0 4.0
204 0 0 2.75
13 13 0 2.25
81 4 0 1.5
113 12 0 4.0
93 17 0 2.0
205 7 0 3.75
15 5 0 2.75
44 9 0 1.5
91 12 0 3.5
1 18 0 2.75
195 0 0 3.5
307 4 0 2.5
117 4 0 2.25
78 10 0 2.75
343 9 0 3.25
2 8 0 4.0
225 5 0 2.75
107 11 0 3.25
0 9 0 3.5
66 4 0 3.0
328 5 0 2.75
268 16 0 3.25
304 15 0 1.75
60 19 0 1.5
36 12 0 1.75
78 15 0 2.5
65 6 0 3.25
25 6 0 1.5
22 19 0 3.25
280 6 0 1.75
250 13 0 3.0
208 6 0 3.25
267 10 0 3.25
354 3 0 1.75
41 11 0 3.0
148 6 0 1.5
258 1 0 2.25
144 9 0 1.75
202 5 0 1.5
194 46 0 3.25
355 19 0 3.25
331 10 0 2.75
18 71 0 3.0
90 1 0 2.5
299 2 0 3.5
161 9 0 3.25
6 0 0 1.75
107 3 0 2.25
296 1 0 2.5
323 7 0 3.0
204 16 0 2.25
315 19 0 3.0
209 19 0 1.75
120 0 0 3.25
213 18 0 2.25
238 17 0 2.25
93 6 0 3.0
152 4 0 2.75
137 17 0 3.75
96 0 0 2.0
352 15 0 3.0
66 13 0 3.75
148 3 0 1.75
239 30 0 2.5
289 6 0 2.75
312 1 0 3.5
191 8 0 3.75
85 3 0 2.5
220 6 0 2.75
192 12 0 3.75
298 11 0 3.5
50 20 0 4.0
65 9 0 1.75
80 11 0 3.5
351 0 0 3.25
76 10 0 2.5
80 20 0 3.0
81 10 0 4.0
45 18 0 2.0
97 5 0 4.0
165 18 0 2.0
168 14 0 3.5
209 15 0 2.25
100 6 0 3.0
173 0 0 3.75
226 16 0 3.5
55 2 0 3.25
154 13 0 2.75
238 5 0 2.25
298 15 0 2.5
241 5 0 3.25
25 18 0 3.0
60 2 0 3.5
216 13 0 3.25
277 3 0 2.0
92 15 0 2.0
207 16 0 1.75
327 2 0 2.0
124 9 0 3.0
315 17 0 3.0
345 7 0 3.5
273 17 0 3.25
335 20 0 3.75
161 8 0 3.25
29 8 0 1.5
182 11 0 2.25
148 12 0 3.25
325 16 0 3.5
71 27 0 3.25
300 13 0 2.75
113 15 0 3.5
82 8 0 2.5
96 10 0 2.75
268 0 0 2.25
118 3 0 2.75
193 20 0 3.5
151 5 0 2.75
314 0 0 1.5
245 20 0 1.5
318 0 0 3.5
302 35 0 1.5
61 14 0 2.75
236 8 0 3.75
167 19 0 3.5
269 15 0 2.25
111 26 0 2.75
334 16 0 2.0
301 5 0 2.25
104 5 0 1.5
2 51 0 2.5
236 6 0 2.0
209 17 0 3.5
319 5 0 3.0
270 14 0 3.75
241 12 0 3.25
352 13 0 1.5
292 54 0 2.75
55 19 0 2.5
4 1 0 4.0
326 10 0 4.0
238 27 0 4.0
247 14 0 2.75
333 54 0 3.0
12 17 0 3.25
159 54 0 3.0
351 20 0 2.5
253 4 0 2.5
266 19 0 2.25
336 18 0 3.0
21 9 0 3.0
91 16 0 2.5
246 4 0 3.5
332 1 0 1.75
247 7 0 3.75
241 18 0 3.25
132 35 0 3.75
340 18 0 1.5
16 0 0 2.0
140 18 0 4.0
86 1 0 3.75
184 75 0 4.0
194 9 0 1.5
74 12 0 1.5
31 1 0 2.0
290 16 0 2.75
54 60 0 2.25
276 18 0 3.25
64 13 0 1.5
231 12 0 2.75
141 16 0 2.5
165 26 0 3.25
350 8 0 2.75
4 9 0 2.75
157 15 0 4.0
12 6 0 3.75
251 3 0 2.25
246 1 0 3.0
260 15 0 4.0
345 11 0 2.75
115 4 0 2.25
55 10 0 2.25
317 12 0 2.75
203 9 0 3.25
42 16 0 2.75
112 4 0 3.25
111 13 0 3.5
335 9 0 3.5
181 0 0 1.75
349 29 0 4.0
49 7 0 1.5
115 0 0 2.75
13 5 0 2.5
270 16 0 2.75
171 4 0 3.75
344 13 0 2.25
99 14 0 3.0
195 3 0 1.5
117 11 0 4.0
40 19 0 3.5
52 12 0 3.25
171 7 0 4.0
185 18 0 2.5
287 6 0 2.0
140 11 0 3.75
215 12 0 3.25
80 16 0 2.75
213 0 0 2.25
5 1 0 1.75
36 16 0 1.75
278 30 0 2.75
300 9 0 2.5
181 7 0 3.5
52 16 0 2.5
315 3 0 2.5
60 8 0 2.0
145 2 0 2.25
344 20 0 1.75
198 1 0 2.5
85 18 0 1.5
183 1 0 1.5
226 15 0 2.25
14 19 0 4.0
66 20 0 1.75
225 55 0 3.25
53 16 0 1.75
187 13 0 4.0
63 8 0 4.0
161 12 0 4.0
240 9 0 2.25
18 20 0 2.75
303 6 0 3.5
55 21 0 1.75
305 13 0 2.0
159 1 0 4.0
133 11 0 2.5
114 6 0 3.75
60 19 0 3.25
287 7 0 2.0
117 18 0 4.0
174 14 0 2.75
94 7 0 3.0
300 19 0 3.0
190 8 0 2.75
217 19 0 2.75
343 19 0 2.25
302 5 0 2.0
43 5 0 2.25
213 30 0 3.75
170 2 0 3.75
288 12 0 3.25
88 4 0 3.5
110 16 0 3.75
354 63 0 3.75
79 15 0 2.75
306 10 0 3.25
291 18 0 3.0
169 2 0 3.0
311 7 0 1.5
14 49 0 3.25
153 4 0 2.5
112 22 0 1.75
126 12 0 4.0
163 6 0 1.75
126 7 0 2.0
51 12 0 3.0
29 5 0 3.0
109 14 0 1.5
23 4 0 2.0
319 0 0 3.75
78 13 0 1.5
271 16 0 3.25
152 53 0 3.75
90 18 0 3.25
107 0 0 1.5
275 1 0 3.75
347 11 0 2.5
304 8 0 3.75
103 3 0 2.5
175 2 0 1.75
125 11 0 1.75
140 4 0 1.75
175 3 0 3.75
200 14 0 3.5
0 10 0 1.5
325 10 0 4.0
197 20 0 2.75
69 15 0 3.0
293 0 0 4.0
73 2 0 2.25
109 10 0 2.5
192 15 0 4.0
155 14 0 2.0
112 10 0 3.0
119 10 0 4.0
33 14 0 1.75
28 4 0 3.5
70 5 0 2.5
202 18 0 1.5
320 19 0 2.25
156 7 0 2.25
46 16 0 3.0
29 8 0 2.5
170 53 0 3.5
177 16 0 1.5
208 18 0 1.5
91 14 0 3.0
112 18 0 3.75
166 16 0 2.75
104 20 0 4.0
70 14 0 2.0
353 9 0 2.75
329 6 0 4.0
55 9 0 3.5
278 11 0 2.0
279 5 0 4.0
213 19 0 2.5
202 0 0 2.75
47 16 0 1.5
121 11 0 4.0
161 19 0 3.0
2 4 0 3.0
307 11 0 3.75
283 67 0 2.0
19 12 0 1.75
303 26 0 2.5
197 16 0 2.5
253 15 0 2.5
317 50 0 3.5
301 32 0 1.5
222 10 0 3.5
175 20 0 2.5
181 16 0 4.0
106 49 0 3.25
127 7 0 3.0
33 2 0 2.0
117 13 0 1.75
93 15 0 3.0
57 7 0 1.5
301 56 0 2.25
233 10 0 2.75
40 18 0 2.0
322 1 0 3.75
260 17 0 1.75
63 13 0 3.5
193 5 0 3.5
79 9 0 3.75
292 12 0 2.25
259 13 0 3.0
105 2 0 4.0
341 5 0 1.5
113 17 0 3.0
72 6 0 3.0
71 21 0 3.5
33 1 0 2.25
17 10 0 1.5
182 10 0 1.5
264 10 0 2.0
48 5 0 4.0
331 4 0 4.0
8 11 0 3.25
208 8 0 1.5
284 0 0 2.25
61 10 0 1.75
333 1 0 2.25
111 20 0 2.75
240 16 0 2.0
336 3 0 1.5
17 7 0 4.0
102 19 0 2.5
320 7 0 3.25
232 25 0 3.5
283 75 0 3.75
62 9 0 3.0
65 4 0 1.75
302 10 0 3.75
21 13 0 4.0
245 6 0 4.0
39 1 0 3.75
181 2 0 2.5
13 17 0 3.5
93 9 0 2.5
98 19 0 3.25
258 4 0 2.25
185 2 0 3.5
254 19 0 1.5
137 1 0 2.5
178 5 0 2.25
77 15 0 4.0
282 7 0 1.5
214 3 0 2.0
135 2 0 3.0
158 35 0 1.5
334 18 0 1.75
13 13 0 1.75
75 17 0 2.75
332 20 0 3.75
261 11 0 2.75
59 7 0 2.75
311 1 0 2.5
63 15 0 2.5
268 20 0 1.75
328 17 0 1.5
204 12 0 3.5
325 14 0 3.25
288 2 0 4.0
194 50 0 3.75
238 20 0 3.5
335 8 0 3.75
89 2 0 1.5
163 6 0 3.75
141 0 0 2.0
68 10 0 1.75
303 14 0 4.0
305 0 0 2.5
337 5 0 3.0
356 16 0 1.75
303 14 0 3.0
336 13 0 2.75
197 13 0 2.5
254 17 0 2.5
147 20 0 2.25
87 10 0 1.5
188 19 0 3.0
317 2 0 2.75
176 56 0 2.25
90 5 0 3.5
27 16 0 3.5
16 9 0 2.25
68 17 0 3.75
254 6 0 2.5
143 1 0 3.0
97 17 0 2.5
54 10 0 3.75
310 0 0 2.5
356 14 0 3.75
67 11 0 2.0
261 7 0 1.5
278 2 0 2.75
106 3 0 1.5
347 3 0 2.75
302 10 0 3.5
336 6 0 2.5
48 11 0 3.0
242 1 0 4.0
77 16 0 3.25
254 1 0 3.5
169 6 0 2.5
134 56 0 1.75
43 15 0 4.0
8 14 0 1.75
248 17 0 1.75
220 12 0 3.5
353 3 0 3.0
123 9 0 3.75
72 49 0 2.0
339 19 0 4.0
227 1 0 2.25
113 8 0 3.25
335 14 0 1.75
96 11 0 3.0
49 4 0 1.5
354 9 0 3.25
181 0 0 2.25
66 14 0 1.75
200 0 0 3.75
130 10 0 3.5
70 14 0 1.75
69 12 0 3.0
281 19 0 2.25
282 10 0 2.0
248 6 0 3.25
287 5 0 2.0
35 1 0 3.5
2 10 0 1.75
330 4 0 3.0
51 7 0 1.5
168 20 0 2.0
74 14 0 4.0
92 10 0 3.0
312 12 0 2.75
106 8 0 2.0
30 15 0 1.5
193 8 0 4.0
354 13 0 1.75
290 17 0 2.75
49 19 0 3.0
221 17 0 3.25
30 17 0 3.0
107 4 0 3.25
83 14 0 2.75
48 9 0 4.0
36 11 0 2.5
353 16 0 3.5
335 0 0 3.75
266 6 0 2.0
47 17 0 3.5
327 4 0 2.5
46 4 0 2.75
127 16 0 3.25
6 15 0 3.25
222 20 0 2.25
52 19 0 2.75
274 13 0 3.25
249 7 0 2.75
301 17 0 3.5
256 55 0 3.25
164 3 0 2.25
125 0 0 1.5
181 7 0 2.25
218 10 0 2.0
291 11 0 3.5
347 2 0 1.75
102 9 0 3.5
221 17 0 3.5
176 19 0 2.0
231 8 0 2.75
105 13 0 3.5
119 11 0 1.75
346 16 0 4.0
292 16 0 4.0
248 5 0 4.0
88 10 0 1.5
186 8 0 3.5
28 15 0 2.25
358 5 0 2.0
314 12 0 4.0
272 17 0 3.0
283 16 0 3.5
125 28 0 4.0
125 5 0 3.5
182 3 0 3.25
293 7 0 4.0
290 14 0 2.5
285 19 0 3.25
250 9 0 2.5
249 17 0 1.75
111 19 0 2.0
72 4 0 2.0
237 18 0 1.75
269 15 0 1.75
165 17 0 3.5
149 15 0 3.0
290 2 0 3.75
248 17 0 2.5
351 18 0 1.5
359 20 0 4.0
80 18 0 2.0
130 51 0 2.5
321 2 0 2.75
108 9 0 3.0
28 39 0 2.25
303 9 0 1.75
144 19 0 3.0
45 46 0 2.75
135 13 0 2.25
31 9 0 1.75
95 11 0 4.0
183 18 0 3.75
256 15 0 2.75
134 20 0 1.75
7 10 0 2.5
180 17 0 4.0
222 10 0 2.75
55 9 0 2.25
74 48 0 3.5
280 18 0 3.5
327 18 0 1.5
21 7 0 2.25
325 12 0 2.0
324 14 0 2.5
14 17 0 1.75
133 18 0 2.0
69 14 0 2.25
263 19 0 2.25
138 9 0 2.75
111 2 0 3.25
276 18 0 2.25
229 8 0 1.5
8 12 0 3.25
330 18 0 2.0
221 7 0 4.0
342 5 0 1.5
225 12 0 2.75
121 5 0 4.0
290 6 0 1.5
70 8 0 1.75
207 16 0 2.75
299 2 0 2.75
180 4 0 2.5
45 7 0 1.5
303 1 0 3.5
149 18 0 2.0
260 4 0 3.5
28 19 0 4.0
299 11 0 2.5
303 1 0 1.75
344 15 0 2.75
235 7 0 4.0
24 8 0 3.75
7 31 0 2.75
356 7 0 3.75
341 15 0 3.5
74 7 0 2.75
353 15 0 2.25
37 2 0 2.5
70 19 0 2.5
85 6 0 1.5
230 1 0 2.25
331 11 0 4.0
6 0 0 2.0
203 20 0 3.0
150 1 0 2.75
114 28 0 2.25
97 12 0 3.75
75 3 0 3.25
157 0 0 2.0
30 46 0 3.25
259 4 0 2.5
3 9 0 3.25
353 50 0 3.5
24 15 0 3.0
323 20 0 2.0
325 8 0 2.25
208 14 0 4.0
341 12 0 1.75
164 3 0 1.75
43 11 0 3.5
355 18 0 3.75
10 8 0 2.75
341 17 0 2.0
328 20 0 1.5
334 20 0 1.75
186 7 0 3.75
65 11 0 4.0
10 14 0 2.75
39 9 0 1.5
131 38 0 1.5
228 2 0 1.5
67 8 0 1.5
98 0 0 2.5
22 11 0 2.5
224 16 0 3.75
56 19 0 4.0
215 5 0 3.5
148 10 0 2.25
219 14 0 3.75
86 13 0 3.25
264 6 0 4.0
203 9 0 2.5
154 5 0 2.25
106 7 0 1.75
146 7 0 3.0
341 11 0 3.25
179 20 0 2.25
224 19 0 2.0
26 10 0 3.25
309 8 0 1.75
254 9 0 2.5
252 7 0 1.5
243 4 0 2.5
3 5 0 4.0
166 4 0 2.0
216 1 0 1.5
341 59 0 4.0
82 20 0 3.5
158 19 0 2.25
316 13 0 1.5
172 5 0 2.75
7 17 0 2.25
177 58 0 1.5
164 13 0 4.0
128 3 0 2.25
36 3 0 3.0
101 8 0 2.5
103 16 0 3.75
85 7 0 2.5
344 19 0 1.75
83 12 0 3.0
224 15 0 2.0
136 55 0 3.75
200 12 0 2.25
160 13 0 3.5
336 11 0 2.5
292 0 0 2.75
213 2 0 2.0
240 12 0 3.5
86 17 0 4.0
45 9 0 1.75
270 9 0 3.0
254 12 0 2.0
277 11 0 1.75
14 7 0 1.75
137 14 0 2.75
51 3 0 3.75
68 0 0 2.75
237 17 0 2.0
151 7 0 3.0
316 7 0 3.25
30 8 0 2.75
320 5 0 4.0
141 12 0 2.5
273 0 0 1.5
16 20 0 2.75
215 6 0 3.25
169 19 0 3.0
261 12 0 3.75
322 20 0 2.25
153 9 0 2.25
315 9 0 1.5
321 12 0 1.75
227 48 0 2.5
353 9 0 2.25
94 10 0 3.0
57 0 0 1.5
76 16 0 4.0
343 18 0 2.75
97 15 0 2.0
10 10 0 2.5
288 51 0 2.0
331 0 0 3.5
19 4 0 3.0
142 18 0 3.0
241 7 0 2.25
310 10 0 3.0
148 7 0 2.5
109 2 0 2.0
288 5 0 2.5
351 6 0 1.5
330 20 0 2.25
143 14 0 2.25
18 20 0 3.25
65 0 0 4.0
14 15 0 3.75
7 8 0 2.75
178 13 0 1.5
57 3 0 3.25
68 18 0 4.0
154 20 0 3.5
166 3 0 1.75
218 19 0 2.5
46 54 0 2.75
137 16 0 2.0
269 2 0 3.0
132 1 0 3.25
60 5 0 2.5
272 8 0 2.75
41 1 0 3.25
241 18 0 1.75
284 10 0 3.75
326 9 0 3.0
63 9 0 3.75
331 13 0 4.0
110 6 0 2.0
89 47 0 2.25
13 5 0 3.25
141 31 0 1.5
191 6 0 2.5
340 11 0 2.25
143 5 0 2.5
68 2 0 1.75
355 16 0 4.0
2 55 0 2.25
355 9 0 2.5
215 0 0 2.25
261 13 0 3.75
76 19 0 2.5
354 7 0 3.5
308 0 0 2.25
113 2 0 3.25
3 15 0 3.25
343 0 0 2.0
114 9 0 3.25
170 15 0 1.75
314 19 0 3.5
107 16 0 2.5
9 10 0 3.0
336 11 0 2.0
29 1 0 3.25
161 20 0 2.5
73 15 0 3.25
241 5 0 2.5
128 18 0 3.5
6 0 0 3.5
188 0 0 2.25
50 1 0 1.75
356 20 0 1.5
344 15 0 2.25
133 15 0 3.25
270 11 0 4.0
184 80 0 1.75
41 12 0 3.5
166 11 0 3.75
16 11 0 3.25
68 19 0 3.75
175 18 0 2.0
21 18 0 3.25
87 16 0 3.5
61 10 0 3.75
333 19 0 3.75
314 2 0 3.5
215 20 0 2.75
215 2 0 1.5
338 2 0 2.5
302 13 0 2.25
1 20 0 4.0
41 1 0 4.0
358 19 0 2.0
152 6 0 3.5
215 3 0 2.75
134 17 0 2.5
45 13 0 3.5
166 1 0 4.0
352 3 0 3.0
351 9 0 3.5
143 6 0 3.0
356 1 0 2.75
359 5 0 2.0
75 19 0 2.5
22 18 0 3.0
310 8 0 2.0
115 10 0 3.25
42 7 0 2.25
235 6 0 3.0
149 8 0 3.25
40 7 0 3.5
259 18 0 3.25
329 9 0 3.5
104 17 0 3.25
142 17 0 2.75
250 4 0 2.5
295 3 0 2.25
50 11 0 2.75
150 0 0 4.0
342 19 0 2.5
149 0 0 1.5
209 5 0 2.75
220 1 0 2.25
350 8 0 3.75
102 15 0 3.0
338 5 0 2.25
137 9 0 1.5
174 4 0 4.0
229 8 0 2.25
104 9 0 1.5
358 13 0 1.5
164 18 0 1.75
172 6 0 2.5
140 1 0 2.5
164 6 0 3.5
166 1 0 2.5
254 3 0 1.5
48 13 0 1.5
261 14 0 2.25
59 20 0 3.5
217 13 0 4.0
40 17 0 3.5
298 37 0 2.75
35 6 0 3.75
271 19 0 2.0
123 50 0 2.25
142 21 0 3.0
50 11 0 3.0
272 20 0 2.25
132 30 0 1.75
218 11 0 3.0
145 19 0 3.0
336 5 0 1.5
171 18 0 1.5
351 6 0 3.5
32 17 0 3.75
291 4 0 4.0
16 5 0 4.0
186 9 0 2.5
210 9 0 2.5
56 16 0 1.5
359 8 0 4.0
350 12 0 2.75
178 12 0 1.75
152 12 0 2.25
145 19 0 3.5
197 44 0 2.0
300 20 0 3.5
158 4 0 3.5
99 14 0 3.25
344 13 0 1.75
57 12 0 3.75
40 6 0 1.5
137 4 0 3.0
262 0 0 2.25
323 10 0 1.75
81 18 0 3.75
58 16 0 3.25
176 9 0 3.0
345 4 0 2.25
113 12 0 2.75
154 19 0 4.0
186 5 0 4.0
277 17 0 1.5
244 18 0 3.25
274 9 0 2.25
279 6 0 3.25
167 11 0 3.25
4 9 0 1.75
190 4 0 3.25
257 17 0 3.75
276 16 0 4.0
343 0 0 2.5
244 20 0 1.75
292 15 0 2.75
312 18 0 4.0
163 8 0 3.25
276 3 0 2.25
219 12 0 3.25
304 19 0 4.0
205 20 0 3.0
355 13 0 2.25
234 2 0 2.75
256 2 0 2.25
295 4 0 4.0
272 6 0 2.5
23 6 0 3.5
305 16 0 2.0
233 19 0 3.5
320 42 0 3.75
192 14 0 2.0
291 4 0 1.75
251 8 0 2.25
342 20 0 3.5
148 5 0 1.75
182 5 0 1.5
277 5 0 3.5
345 13 0 3.5
186 3 0 2.75
79 0 0 1.5
213 76 0 1.5
179 36 0 2.75
281 20 0 3.25
196 1 0 2.75
224 0 0 2.25
200 5 0 1.5
280 3 0 4.0
75 8 0 3.75
355 14 0 1.75
276 17 0 3.25
106 10 0 4.0
58 4 0 1.5
83 65 0 2.75
41 6 0 1.5
169 20 0 1.5
146 20 0 3.0
328 7 0 2.5
256 0 0 2.5
25 49 0 3.25
332 10 0 3.25
344 19 0 2.75
200 20 0 3.25
94 45 0 3.0
160 1 0 2.25
185 10 0 1.5
141 5 0 3.5
44 17 0 3.0
262 11 0 3.5
283 78 0 3.25
357 3 0 2.25
349 19 0 2.75
260 15 0 1.5
119 14 0 1.75
314 15 0 1.75
32 10 0 1.5
178 22 0 1.5
131 13 0 4.0
82 21 0 3.0
144 14 0 2.75
358 17 0 1.5
177 20 0 3.5
108 7 0 2.0
132 8 0 3.5
341 16 0 2.5
228 2 0 3.75
90 13 0 2.75
223 7 0 1.75
183 4 0 2.25
154 3 0 1.5
84 19 0 2.5
197 1 0 2.75
268 18 0 2.5
334 11 0 1.5
34 8 0 2.25
111 5 0 2.5
155 2 0 4.0
329 6 0 2.5
156 9 0 3.75
343 2 0 1.5
122 3 0 3.75
128 0 0 3.75
296 4 0 3.5
314 28 0 1.5
19 5 0 2.0
88 17 0 3.75
1 59 0 1.5
223 5 0 3.5
206 8 0 2.5
269 2 0 3.25
282 4 0 1.5
38 16 0 1.5
173 15 0 3.0
224 7 0 2.0
126 14 0 4.0
31 20 0 3.5
107 19 0 3.75
34 17 0 3.0
87 18 0 3.25
301 12 0 3.25
310 39 0 2.5
326 6 0 4.0
317 0 0 2.75
198 11 0 3.5
14 4 0 3.0
150 15 0 1.5
148 14 0 3.75
103 14 0 2.5
164 20 0 4.0
21 15 0 4.0
236 31 0 3.25
179 3 0 1.75
21 0 0 3.75
287 12 0 3.0
103 44 0 4.0
116 20 0 1.75
280 5 0 2.75
83 6 0 1.5
219 1 0 1.75
44 13 0 2.75
64 15 0 3.5
89 15 0 1.5
134 19 0 1.75
112 18 0 3.5
273 13 0 2.0
293 6 0 4.0
209 0 0 3.25
252 17 0 3.5
167 62 0 2.0
170 20 0 3.75
219 12 0 3.0
108 13 0 3.0
324 12 0 1.75
227 6 0 1.5
131 19 0 2.5
13 13 0 3.0
63 54 0 1.5
169 15 0 2.75
353 11 0 3.5
2 10 0 2.0
355 0 0 3.5
347 18 0 2.75
168 36 0 2.0
301 17 0 3.0
220 7 0 3.75
67 17 0 2.0
148 8 0 3.0
101 16 0 2.5
71 13 0 2.25
210 13 0 2.0
298 9 0 4.0
90 11 0 3.0
25 19 0 3.0
172 58 0 2.75
12 13 0 4.0
275 7 0 4.0
220 12 0 1.75
141 17 0 3.25
197 51 0 2.25
227 10 0 1.75
212 4 0 2.0
340 4 0 3.25
331 5 0 1.75
157 1 0 3.75
176 12 0 2.5
15 17 0 2.25
14 1 0 3.0
252 10 0 2.0
4 19 0 2.75
332 6 0 2.75
168 11 0 1.5
72 3 0 2.25
350 10 0 2.0
217 10 0 3.0
177 19 0 1.75
77 4 0 2.0
167 12 0 3.25
345 9 0 4.0
288 13 0 1.5
218 0 0 3.5
6 13 0 2.5
177 29 0 3.75
279 3 0 3.25
173 0 0 3.0
197 10 0 2.75
281 19 0 2.75
192 4 0 1.5
122 13 0 3.0
123 20 0 4.0
100 12 0 1.5
117 11 0 2.25
146 11 0 2.75
170 24 0 3.5
184 2 0 4.0
288 10 0 4.0
268 3 0 3.75
131 39 0 1.75
7 14 0 3.25
156 3 0 2.0
50 74 0 3.5
332 2 0 3.25
63 8 0 1.5
288 12 0 2.75
54 52 0 1.75
178 5 0 2.0
188 3 0 1.5
92 19 0 3.0
304 0 0 3.25
234 7 0 3.25
255 7 0 2.75
238 11 0 1.5
287 9 0 1.75
269 18 0 1.5
186 16 0 2.5
17 9 0 4.0
165 20 0 2.25
45 15 0 2.25
170 4 0 3.5
56 15 0 3.5
146 9 0 3.5
50 3 0 1.5
241 12 0 1.5
84 13 0 3.0
57 13 0 1.75
175 17 0 2.25
181 11 0 3.0
18 11 0 3.5
326 11 0 4.0
146 2 0 3.75
305 18 0 3.25
273 13 0 3.0
155 10 0 2.25
60 17 0 2.0
97 14 0 1.75
233 18 0 3.0
41 10 0 2.75
124 11 0 2.5
57 17 0 3.0
134 19 0 3.25
191 0 0 3.25
193 2 0 2.25
311 21 0 3.25
27 10 0 3.75
228 7 0 1.5
120 15 0 3.5
299 20 0 2.0
42 8 0 1.5
139 7 0 2.0
351 37 0 3.25
56 0 0 2.0
237 11 0 3.75
12 6 0 1.5
154 19 0 2.25
94 4 0 1.5
187 21 0 1.75
200 11 0 2.25
249 9 0 3.0
258 7 0 2.5
81 14 0 1.5
42 12 0 1.75
90 5 0 1.5
308 18 0 2.5
99 13 0 3.25
88 0 0 2.75
345 15 0 2.75
209 1 0 3.5
354 10 0 3.0
152 16 0 3.25
69 55 0 3.0
61 10 0 2.25
26 36 0 2.25
231 11 0 2.5
234 26 0 1.5
107 11 0 1.5
178 2 0 1.5
70 15 0 2.0
295 35 0 3.0
109 13 0 1.75
231 19 0 1.75
278 9 0 3.5
278 7 0 3.0
205 3 0 3.25
185 11 0 2.75
202 12 0 3.0
76 1 0 1.5
309 1 0 2.0
287 5 0 2.25
39 13 0 3.75
276 13 0 2.75
339 59 0 3.75
144 3 0 3.5
301 2 0 3.0
170 1 0 2.75
320 4 0 3.25
352 6 0 2.75
6 8 0 3.25
11 3 0 2.25
327 9 0 2.25
14 3 0 2.0
11 18 0 2.5
359 4 0 3.0
266 6 0 1.5
20 15 0 2.5
244 27 0 3.0
352 42 0 4.0
237 7 0 1.75
15 12 0 3.5
33 4 0 2.25
312 10 0 2.0
252 14 0 3.0
86 9 0 3.25
91 19 0 2.75
251 14 0 3.75
197 13 0 2.75
18 19 0 2.75
244 6 0 3.25
274 9 0 2.75
2 1 0 3.75
165 14 0 2.75
61 19 0 3.75
162 13 0 2.0
291 3 0 1.75
178 0 0 4.0
303 3 0 2.0
90 3 0 3.5
139 7 0 2.5
328 2 0 3.5
50 4 0 3.25
63 10 0 3.75
326 46 0 2.0
335 18 0 3.5
172 1 0 3.5
109 12 0 3.25
258 4 0 3.75
116 38 0 2.0
154 10 0 4.0
29 20 0 2.25
355 5 0 3.25
276 13 0 2.0
338 16 0 2.0
13 19 0 3.5
265 3 0 3.25
335 4 0 1.5
344 3 0 1.5
344 16 0 2.5
12 8 0 1.5
162 0 0 1.75
246 9 0 3.5
196 0 0 2.25
123 14 0 2.5
240 0 0 3.75
280 10 0 2.75
165 14 0 2.0
31 10 0 2.5
312 3 0 2.5
64 23 0 3.0
334 4 0 2.25
156 20 0 1.5
63 12 0 3.0
255 17 0 3.25
250 3 0 1.75
188 5 0 3.75
41 1 0 2.0
207 20 0 1.75
153 6 0 3.0
208 13 0 2.25
77 15 0 1.5
154 18 0 3.0
219 10 0 4.0
153 47 0 4.0
160 6 0 2.25
327 14 0 3.75
7 10 0 3.25
312 13 0 3.5
257 29 0 1.5
65 1 0 1.75
276 11 0 3.25
180 6 0 2.75
138 29 0 3.5
162 7 0 2.25
301 9 0 1.75
342 4 0 4.0
3 7 0 1.75
292 8 0 2.25
236 28 0 3.0
231 3 0 3.25
338 19 0 2.75
25 20 0 2.25
79 14 0 2.75
112 17 0 2.75
318 36 0 2.5
224 4 0 3.25
287 16 0 3.75
213 14 0 1.75
189 4 0 1.75
13 8 0 3.75
221 4 0 4.0
31 15 0 3.25
232 10 0 2.0
49 0 0 1.5
340 10 0 3.0
20 6 0 3.5
338 9 0 1.5
256 14 0 2.0
273 9 0 2.0
168 2 0 3.0
13 9 0 3.25
25 46 0 1.5
163 7 0 1.75
238 19 0 3.0
158 13 0 4.0
85 11 0 4.0
277 7 0 2.75
119 5 0 2.75
76 10 0 2.0
118 1 0 2.5
199 11 0 2.75
96 15 0 3.25
178 16 0 3.25
325 7 0 3.75
139 12 0 3.75
76 15 0 2.0
79 19 0 1.75
218 19 0 1.75
216 2 0 2.5
353 10 0 3.25
123 9 0 2.75
103 10 0 2.5
48 17 0 2.25
217 1 0 2.75
23 2 0 3.5
263 18 0 1.75
334 3 0 2.5
46 16 0 2.0
12 8 0 2.75
206 14 0 1.5
250 4 0 2.25
352 19 0 2.0
263 9 0 1.75
262 17 0 2.75
159 15 0 4.0
319 8 0 2.5
148 14 0 1.75
174 6 0 2.25
312 16 0 3.75
329 5 0 1.75
243 15 0 3.75
10 18 0 1.5
255 0 0 3.0
191 6 0 3.75
208 41 0 3.25
326 15 0 2.0
232 7 0 2.75
176 14 0 1.75
347 20 0 3.5
172 15 0 2.25
14 19 0 1.75
250 7 0 3.5
271 13 0 1.75
93 2 0 4.0
88 2 0 3.0
333 10 0 2.75
335 50 0 2.75
210 10 0 2.75
281 15 0 2.25
84 7 0 3.75
73 2 0 3.0
251 7 0 4.0
346 17 0 2.5
285 10 0 2.25
328 3 0 3.0
214 10 0 2.5
332 0 0 3.5
157 2 0 2.75
31 16 0 2.25
210 20 0 1.75
289 5 0 3.0
30 11 0 2.75
195 20 0 3.5
291 4 0 3.0
240 6 0 2.25
180 10 0 3.75
264 43 0 2.25
228 13 0 3.0
359 14 0 3.75
325 35 0 3.75
282 15 0 1.5
15 10 0 2.0
165 4 0 3.75
223 5 0 3.75
43 42 0 2.25
181 2 0 1.5
228 0 0 2.5
88 47 0 3.75
305 6 0 2.5
255 13 0 3.0
156 16 0 3.75
321 5 0 1.75
12 10 0 1.75
321 59 0 2.0
243 14 0 1.75
258 10 0 2.25
75 20 0 4.0
318 20 0 2.75
279 8 0 2.25
232 7 0 1.75
169 17 0 3.25
263 13 0 3.0
22 7 0 2.5
296 2 0 3.0
212 3 0 2.75
190 8 0 3.75
23 17 0 3.25
20 17 0 4.0
269 20 0 1.5
226 18 0 3.75
271 13 0 2.25
2 16 0 2.0
290 13 0 4.0
266 0 0 2.25
244 8 0 3.75
296 17 0 2.0
353 10 0 2.75
323 19 0 3.5
57 16 0 1.5
308 1 0 2.25
28 9 0 1.5
98 6 0 2.75
32 0 0 2.5
206 19 0 4.0
335 3 0 3.25
89 0 0 1.5
90 1 0 1.75
307 5 0 2.75
5 8 0 3.25
295 11 0 3.25
173 9 0 2.25
177 5 0 3.5
33 7 0 2.5
354 14 0 3.25
67 2 0 1.5
345 8 0 3.25
345 3 0 2.75
240 4 0 2.5
212 17 0 3.5
264 11 0 3.0
276 42 0 1.5
10 16 0 3.25
269 53 0 2.5
80 1 0 3.75
221 7 0 3.0
134 15 0 2.5
16 20 0 1.75
317 0 0 3.5
214 2 0 2.75
283 2 0 1.75
256 20 0 3.5
344 1 0 3.5
230 8 0 2.25
31 10 0 1.75
36 18 0 3.5
35 4 0 3.25
336 19 0 2.0
304 5 0 2.25
284 12 0 2.0
173 5 0 4.0
314 18 0 3.25
186 0 0 2.25
277 20 0 2.25
153 18 0 2.25
83 9 0 1.5
171 4 0 1.5
351 8 0 1.75
98 19 0 2.75
130 7 0 1.75
35 6 0 2.25
341 10 0 2.25
130 7 0 4.0
141 20 0 3.75
67 20 0 3.5
231 3 0 3.75
302 39 0 3.75
70 8 0 1.5
253 16 0 2.0
312 3 0 2.0
313 0 0 2.0
262 7 0 1.75
201 16 0 2.0
261 16 0 4.0
246 1 0 3.75
72 1 0 3.0
189 54 0 3.5
177 9 0 2.0
299 1 0 3.25
162 9 0 2.5
241 16 0 2.75
96 6 0 2.75
60 6 0 2.25
273 2 0 3.75
213 16 0 2.0
208 2 0 3.5
114 1 0 3.75
257 4 0 3.25
18 9 0 3.25
146 5 0 3.5
185 12 0 1.5
193 18 0 3.0
141 27 0 4.0
328 0 0 1.5
72 15 0 2.0
299 2 0 1.75
206 18 0 2.0
252 4 0 4.0
293 19 0 1.75
264 6 0 3.0
345 4 0 1.75
131 12 0 2.75
97 9 0 2.5
233 43 0 3.25
204 7 0 4.0
324 9 0 1.5
167 3 0 1.5
228 19 0 2.75
86 6 0 2.0
317 19 0 2.0
194 8 0 2.75
332 4 0 2.25
220 17 0 1.75
305 16 0 2.25
345 11 0 3.5
86 35 0 1.75
345 13 0 3.0
242 20 0 2.0
356 15 0 1.75
4 9 0 2.25
49 5 0 2.5
203 12 0 3.5
140 16 0 3.25
253 4 0 1.5
249 8 0 2.0
307 0 0 2.75
