284 11 0 3.75
117 20 0 4.0
190 17 0 3.0
312 1 0 3.75
299 5 0 4.0
177 20 0 2.0
314 3 0 1.25
273 14 0 1.75
177 35 0 4.0
295 0 0 3.5
336 7 0 3.0
259 22 0 2.5
133 3 0 2.25
80 18 0 2.75
157 18 0 2.5
124 30 0 3.5
346 24 0 2.5
209 19 0 2.25
200 29 0 3.25
92 7 0 4.0
67 12 0 2.5
251 15 0 3.5
345 3 0 1.0
21 5 0 3.0
158 71 0 3.25
1 11 0 2.0
344 12 0 2.5
152 29 0 3.75
303 2 0 3.75
46 22 0 1.25
45 17 0 3.25
271 3 0 3.75
140 16 0 3.5
56 60 0 2.0
168 0 0 3.25
288 28 0 3.5
175 29 0 4.0
196 4 0 2.25
312 15 0 3.5
191 26 0 3.25
226 6 0 1.25
97 1 0 3.25
330 3 0 2.5
264 11 0 2.75
211 21 0 2.0
99 40 0 3.25
279 8 0 2.0
83 22 0 3.25
128 8 0 1.5
139 28 0 4.0
23 23 0 2.75
359 29 0 3.5
206 30 0 1.75
301 3 0 1.5
92 15 0 1.75
272 5 0 1.0
9 3 0 3.25
181 66 0 2.5
241 4 0 3.0
228 26 0 1.75
344 29 0 2.0
16 18 0 2.0
317 13 0 1.25
316 24 0 3.0
192 22 0 1.0
148 7 0 3.75
269 27 0 1.25
150 16 0 3.0
131 28 0 1.75
186 9 0 1.0
226 45 0 1.25
318 2 0 1.25
220 3 0 2.5
77 9 0 3.5
8 14 0 2.5
320 25 0 4.0
273 26 0 1.0
102 22 0 4.0
208 21 0 3.0
308 29 0 1.75
151 4 0 3.75
136 5 0 2.0
63 10 0 1.0
209 4 0 3.25
223 11 0 1.0
163 3 0 1.0
264 0 0 3.5
355 21 0 4.0
259 13 0 1.5
237 19 0 3.0
64 5 0 1.5
78 25 0 4.0
348 7 0 4.0
152 12 0 4.0
188 30 0 2.0
232 20 0 4.0
316 9 0 4.0
138 12 0 2.75
69 8 0 2.75
328 10 0 1.5
295 24 0 1.5
19 3 0 1.25
294 5 0 4.0
307 34 0 2.75
249 33 0 1.5
95 42 0 2.5
256 15 0 2.0
354 29 0 3.0
60 9 0 2.0
76 3 0 1.5
234 28 0 1.5
81 7 0 2.25
332 0 0 1.75
213 23 0 2.0
236 4 0 1.0
123 13 0 1.75
321 60 0 1.0
287 22 0 4.0
158 26 0 3.0
152 10 0 3.75
316 16 0 3.0
269 26 0 1.0
319 8 0 2.0
25 9 0 3.25
48 12 0 1.0
110 1 0 4.0
41 11 0 3.75
212 7 0 1.75
92 9 0 1.75
61 6 0 3.0
141 28 0 2.0
310 34 0 4.0
168 27 0 3.5
102 2 0 1.5
236 22 0 2.75
25 0 0 3.25
16 0 0 3.5
89 55 0 2.0
165 11 0 3.25
1 38 0 2.75
151 23 0 2.0
301 11 0 3.75
327 11 0 4.0
45 9 0 1.25
9 0 0 4.0
337 28 0 3.5
20 16 0 1.75
49 13 0 1.5
100 3 0 3.5
52 51 0 4.0
89 15 0 1.25
179 26 0 1.0
351 0 0 2.75
343 5 0 2.75
303 12 0 2.25
159 26 0 2.5
281 31 0 4.0
89 17 0 1.25
47 21 0 1.25
242 54 0 3.5
15 9 0 3.25
300 7 0 1.5
150 19 0 1.75
189 25 0 3.75
190 4 0 3.0
311 30 0 2.75
182 27 0 1.75
212 20 0 3.25
298 2 0 1.75
170 41 0 1.0
152 16 0 3.75
7 20 0 1.0
209 11 0 2.25
235 6 0 1.0
178 24 0 4.0
346 7 0 3.25
359 45 0 2.25
98 29 0 2.5
121 41 0 3.5
253 25 0 2.25
78 12 0 2.25
70 2 0 4.0
179 18 0 2.25
334 21 0 1.5
293 51 0 3.5
212 25 0 2.5
57 51 0 1.75
280 36 0 3.25
189 28 0 2.75
17 19 0 4.0
130 9 0 1.5
84 19 0 1.5
48 11 0 2.25
230 65 0 2.25
214 10 0 2.25
67 30 0 1.75
344 23 0 3.5
149 29 0 2.25
89 2 0 2.5
168 16 0 1.5
1 27 0 2.25
88 19 0 1.25
66 1 0 3.5
232 26 0 3.75
47 7 0 3.75
22 2 0 3.75
355 13 0 1.75
49 4 0 1.75
174 25 0 1.0
269 9 0 1.5
189 27 0 1.25
144 27 0 3.0
37 14 0 3.5
93 12 0 3.25
1 9 0 1.25
224 12 0 1.75
175 16 0 2.0
161 4 0 3.25
240 25 0 1.0
94 14 0 2.75
343 23 0 1.75
58 3 0 1.0
343 17 0 4.0
334 21 0 4.0
175 11 0 3.0
48 30 0 3.75
98 22 0 3.25
301 21 0 3.0
99 21 0 3.25
284 18 0 1.25
186 23 0 3.25
279 19 0 1.75
25 8 0 2.5
43 21 0 2.0
306 6 0 2.5
324 43 0 2.0
203 11 0 3.75
111 16 0 1.25
218 29 0 3.5
107 24 0 3.75
132 19 0 1.5
57 18 0 1.5
120 26 0 2.25
101 30 0 1.5
290 23 0 2.75
37 0 0 2.25
307 0 0 2.75
230 28 0 3.75
342 28 0 1.75
15 15 0 1.25
209 29 0 2.5
239 11 0 3.5
59 27 0 1.25
66 0 0 4.0
93 29 0 4.0
218 15 0 3.75
96 15 0 2.75
7 13 0 2.0
59 20 0 1.75
315 22 0 4.0
196 27 0 3.25
250 11 0 3.0
54 24 0 2.5
158 4 0 1.5
210 16 0 3.0
58 7 0 4.0
213 14 0 1.25
30 4 0 1.75
290 15 0 3.75
306 0 0 2.0
4 23 0 2.25
33 7 0 3.75
273 32 0 3.75
107 59 0 4.0
59 9 0 3.25
232 9 0 3.5
97 30 0 1.25
177 14 0 2.5
32 3 0 1.0
68 8 0 3.0
232 30 0 2.75
223 6 0 2.75
97 10 0 2.0
346 65 0 4.0
23 19 0 1.75
294 18 0 3.25
57 20 0 1.0
107 26 0 1.25
359 60 0 1.0
168 13 0 4.0
330 18 0 3.0
336 16 0 3.0
140 45 0 3.75
336 18 0 2.75
332 80 0 1.5
7 6 0 1.75
212 36 0 1.0
266 25 0 3.0
195 22 0 1.75
150 7 0 1.0
125 4 0 3.25
276 12 0 3.5
305 15 0 2.0
127 13 0 2.75
180 0 0 3.0
204 26 0 1.75
192 10 0 3.5
274 25 0 3.0
171 18 0 4.0
87 26 0 3.25
337 6 0 3.0
267 8 0 1.0
338 11 0 1.5
325 21 0 2.0
29 29 0 1.25
43 2 0 3.25
58 17 0 2.0
63 10 0 3.75
220 12 0 2.75
208 26 0 1.75
126 28 0 4.0
226 5 0 2.25
260 21 0 2.0
5 74 0 3.5
273 10 0 1.75
82 28 0 3.75
333 3 0 3.5
258 15 0 2.5
31 12 0 1.25
70 17 0 1.5
129 9 0 3.5
304 19 0 2.5
4 8 0 3.75
67 4 0 3.5
51 18 0 3.75
227 11 0 4.0
312 1 0 2.0
54 24 0 1.25
110 24 0 3.25
235 27 0 1.75
83 3 0 1.0
273 6 0 3.5
252 27 0 1.75
67 5 0 1.5
245 17 0 1.5
48 15 0 2.75
173 15 0 3.5
73 13 0 3.25
181 18 0 2.25
158 14 0 1.75
243 1 0 2.0
353 15 0 2.0
93 26 0 3.75
166 23 0 3.0
248 11 0 4.0
176 13 0 4.0
295 45 0 4.0
324 11 0 3.25
124 18 0 3.5
95 22 0 3.0
246 2 0 4.0
314 10 0 1.5
256 16 0 3.0
136 10 0 4.0
214 48 0 1.0
200 44 0 2.25
268 2 0 1.75
274 30 0 2.0
327 25 0 2.5
263 24 0 3.5
96 2 0 3.0
42 13 0 3.5
180 14 0 1.5
268 24 0 2.75
209 20 0 2.75
315 21 0 3.25
57 7 0 3.25
67 16 0 3.0
301 1 0 3.0
43 5 0 3.5
171 9 0 3.5
341 0 0 3.75
71 26 0 2.75
331 6 0 2.25
88 5 0 1.0
271 15 0 1.25
225 21 0 3.25
263 30 0 1.0
265 17 0 4.0
98 15 0 1.0
140 26 0 1.5
233 7 0 3.0
173 23 0 1.5
188 23 0 1.75
59 33 0 1.0
31 5 0 2.5
95 69 0 3.25
244 0 0 1.25
97 12 0 1.5
271 19 0 3.5
205 25 0 1.25
102 7 0 3.5
162 9 0 1.75
61 35 0 4.0
177 14 0 2.75
260 24 0 1.75
351 18 0 4.0
104 21 0 1.0
205 22 0 3.0
111 1 0 2.75
202 5 0 3.75
228 24 0 2.25
304 11 0 3.5
94 10 0 2.0
186 4 0 3.25
233 23 0 2.75
182 8 0 2.25
77 16 0 1.25
12 11 0 2.25
24 30 0 2.75
72 19 0 3.5
274 0 0 2.0
225 45 0 3.0
71 10 0 3.75
225 10 0 2.5
316 7 0 3.75
359 29 0 2.5
205 79 0 4.0
287 12 0 1.25
5 21 0 2.75
13 76 0 3.5
107 27 0 4.0
51 4 0 3.75
191 10 0 3.0
34 20 0 3.0
253 12 0 3.0
75 12 0 1.0
182 17 0 4.0
211 2 0 3.0
243 3 0 2.5
147 39 0 1.5
15 72 0 3.25
256 7 0 3.5
37 9 0 1.25
74 7 0 3.0
197 12 0 1.75
204 22 0 2.25
331 29 0 2.75
65 28 0 1.0
356 14 0 1.25
245 15 0 1.5
289 0 0 3.0
277 25 0 3.25
123 49 0 1.0
281 17 0 3.25
241 1 0 3.0
13 18 0 1.0
132 62 0 4.0
86 18 0 1.0
123 28 0 3.5
341 12 0 1.25
260 25 0 3.75
100 12 0 2.0
336 4 0 2.25
23 22 0 2.5
76 24 0 1.75
111 12 0 3.75
9 14 0 1.75
204 30 0 1.25
7 6 0 3.75
339 20 0 4.0
62 35 0 2.5
163 10 0 2.0
73 5 0 4.0
342 23 0 1.5
295 8 0 4.0
155 28 0 3.5
243 28 0 4.0
57 74 0 3.0
127 16 0 2.0
295 26 0 3.5
307 59 0 1.75
77 55 0 1.5
329 23 0 1.5
229 0 0 1.0
162 30 0 3.25
211 4 0 2.25
273 21 0 1.0
291 9 0 4.0
58 24 0 1.0
321 14 0 2.0
329 16 0 3.5
18 14 0 2.5
356 35 0 1.75
286 15 0 2.0
355 27 0 3.5
223 16 0 2.0
88 22 0 4.0
60 4 0 3.5
323 77 0 2.5
183 51 0 3.75
122 22 0 3.25
59 26 0 2.75
356 60 0 3.75
52 25 0 1.75
328 13 0 1.25
321 11 0 2.5
337 0 0 2.75
257 8 0 3.25
18 22 0 3.0
91 21 0 1.0
248 26 0 2.0
211 1 0 2.75
170 10 0 3.75
164 6 0 3.5
152 56 0 3.75
246 20 0 2.0
269 3 0 3.5
130 21 0 1.25
341 3 0 2.25
319 10 0 3.75
206 3 0 2.0
207 11 0 2.75
13 9 0 3.75
240 5 0 3.0
177 7 0 4.0
41 21 0 1.0
291 3 0 3.25
332 34 0 4.0
94 22 0 3.0
142 8 0 3.75
91 62 0 1.5
97 16 0 3.5
276 2 0 2.0
33 22 0 3.25
307 8 0 3.25
194 8 0 2.0
12 4 0 3.25
320 8 0 3.0
258 28 0 1.25
89 41 0 3.0
189 10 0 1.0
320 14 0 2.0
297 24 0 2.5
176 20 0 2.5
110 20 0 1.25
251 38 0 2.75
351 14 0 3.5
30 19 0 1.5
156 76 0 1.5
282 3 0 4.0
353 25 0 2.5
118 29 0 2.75
244 46 0 1.25
236 26 0 2.75
218 5 0 3.5
120 12 0 3.0
7 19 0 3.75
11 5 0 1.0
252 7 0 3.75
274 11 0 2.75
137 17 0 1.0
215 12 0 1.0
27 7 0 3.25
302 13 0 3.0
183 54 0 2.25
52 10 0 2.75
170 7 0 1.75
166 9 0 3.5
303 27 0 2.25
265 15 0 3.75
153 80 0 3.25
148 17 0 2.5
120 12 0 1.25
181 13 0 1.75
242 22 0 3.0
3 13 0 1.5
197 45 0 3.0
345 28 0 1.0
333 10 0 3.0
85 8 0 2.25
291 57 0 1.5
300 7 0 3.75
304 38 0 3.5
11 18 0 1.5
236 24 0 1.5
8 10 0 4.0
293 28 0 3.75
123 49 0 2.0
12 5 0 3.75
235 26 0 3.75
82 26 0 1.75
293 12 0 2.5
123 11 0 1.5
269 20 0 4.0
49 3 0 3.5
213 50 0 3.0
242 15 0 1.25
346 74 0 1.75
98 39 0 1.0
135 4 0 2.25
103 37 0 1.25
54 23 0 2.5
273 9 0 1.75
294 19 0 1.0
233 23 0 3.75
193 28 0 2.25
76 13 0 3.0
184 51 0 2.25
350 22 0 1.75
336 8 0 3.75
290 5 0 2.5
38 17 0 3.25
283 3 0 1.0
90 13 0 2.75
280 55 0 1.75
334 12 0 2.0
16 42 0 3.0
128 44 0 1.75
200 0 0 1.25
118 8 0 2.5
142 13 0 3.0
239 24 0 1.5
189 28 0 2.25
92 1 0 3.5
166 21 0 2.75
12 20 0 3.75
200 15 0 1.0
36 56 0 2.25
66 30 0 1.0
103 22 0 4.0
301 17 0 1.0
124 2 0 2.0
115 12 0 2.25
68 13 0 2.25
166 8 0 4.0
351 3 0 1.75
129 24 0 1.0
27 19 0 2.0
229 1 0 2.25
306 24 0 2.5
136 29 0 1.0
169 22 0 1.0
65 17 0 1.5
241 14 0 4.0
195 15 0 2.5
51 9 0 4.0
294 4 0 2.75
224 30 0 2.0
59 24 0 4.0
11 28 0 3.0
78 7 0 2.0
45 10 0 1.0
7 60 0 1.75
308 9 0 1.5
155 50 0 4.0
164 41 0 1.0
147 25 0 4.0
291 55 0 1.75
93 12 0 3.5
199 11 0 2.5
297 7 0 3.25
301 3 0 3.75
270 12 0 2.75
207 16 0 1.75
116 14 0 2.5
271 15 0 3.25
24 6 0 2.0
157 25 0 3.0
50 26 0 2.5
113 31 0 3.5
69 2 0 2.5
356 30 0 1.75
99 21 0 3.75
113 5 0 3.25
331 25 0 3.0
171 13 0 2.25
119 1 0 2.0
349 41 0 3.25
22 18 0 1.25
344 20 0 2.5
262 13 0 4.0
336 10 0 1.25
1 29 0 2.25
140 69 0 3.25
87 16 0 2.25
157 30 0 3.0
319 25 0 3.5
245 10 0 2.5
27 6 0 4.0
148 17 0 3.25
305 80 0 3.25
339 11 0 1.5
289 12 0 1.75
257 18 0 3.25
301 18 0 1.75
204 16 0 3.25
209 2 0 3.0
281 7 0 3.0
295 11 0 2.75
118 51 0 3.0
109 28 0 1.0
173 30 0 2.75
175 27 0 2.75
58 18 0 2.5
177 26 0 1.25
36 4 0 3.75
191 20 0 3.0
303 29 0 2.0
228 47 0 3.0
6 18 0 4.0
88 6 0 2.25
264 3 0 3.0
184 3 0 3.5
131 18 0 2.0
172 22 0 3.75
348 23 0 3.25
60 24 0 2.25
123 7 0 1.75
168 8 0 1.0
193 69 0 2.75
1 12 0 3.0
358 3 0 3.75
115 21 0 3.75
299 27 0 3.25
281 11 0 1.75
125 53 0 1.75
191 19 0 3.0
57 3 0 3.75
146 10 0 3.75
30 1 0 4.0
356 8 0 3.25
259 29 0 4.0
49 19 0 3.5
182 11 0 2.5
115 11 0 2.25
170 17 0 3.0
52 28 0 2.75
194 21 0 3.75
93 10 0 3.75
193 5 0 2.25
10 23 0 1.75
179 77 0 1.25
59 28 0 3.0
79 3 0 3.25
300 21 0 3.25
105 7 0 4.0
313 42 0 1.5
63 22 0 3.0
7 21 0 2.0
132 24 0 3.5
120 22 0 1.0
250 38 0 1.25
175 12 0 1.5
3 41 0 3.75
143 29 0 1.0
277 17 0 2.5
80 23 0 2.75
337 6 0 1.0
272 20 0 1.75
74 3 0 4.0
234 9 0 1.5
258 21 0 2.25
124 13 0 3.5
13 6 0 1.75
118 5 0 3.75
209 6 0 2.5
31 7 0 2.5
350 16 0 2.5
54 31 0 3.0
91 18 0 2.0
275 19 0 3.5
273 5 0 2.25
234 22 0 3.25
7 27 0 3.5
282 53 0 1.25
350 23 0 2.25
84 9 0 1.75
117 2 0 2.25
275 29 0 2.25
24 15 0 1.0
210 17 0 3.75
235 13 0 3.0
90 25 0 3.5
73 12 0 3.5
286 20 0 3.5
91 18 0 1.0
18 17 0 1.75
113 10 0 1.75
28 7 0 1.25
330 5 0 1.0
55 33 0 3.0
212 25 0 3.75
224 6 0 2.0
140 25 0 1.0
156 6 0 1.0
198 21 0 1.75
145 28 0 2.25
182 13 0 1.0
47 22 0 1.25
216 6 0 3.0
129 8 0 2.5
83 30 0 1.75
128 30 0 1.75
83 26 0 2.0
297 5 0 2.5
285 18 0 2.5
282 12 0 1.5
309 28 0 1.75
79 14 0 1.75
291 29 0 2.75
161 13 0 3.75
38 1 0 2.25
351 27 0 3.75
257 36 0 1.0
88 25 0 3.75
178 24 0 2.5
184 25 0 2.75
3 25 0 2.0
280 2 0 1.25
224 22 0 3.0
160 30 0 3.25
169 26 0 3.5
226 13 0 3.5
93 2 0 2.0
92 24 0 3.75
134 12 0 2.0
153 61 0 1.25
3 12 0 2.0
309 24 0 4.0
144 16 0 1.25
348 17 0 4.0
303 22 0 2.25
237 25 0 4.0
244 53 0 1.0
121 1 0 1.5
106 24 0 3.5
109 12 0 3.75
233 0 0 1.75
115 1 0 1.75
134 7 0 3.0
351 2 0 3.5
38 23 0 2.5
113 17 0 1.25
51 52 0 3.5
225 1 0 2.0
345 28 0 2.75
97 6 0 2.75
87 61 0 2.75
79 18 0 3.0
52 23 0 2.0
136 3 0 1.75
9 13 0 4.0
178 59 0 3.75
243 14 0 3.25
83 5 0 2.5
296 55 0 4.0
165 63 0 3.5
114 8 0 3.5
235 27 0 3.0
26 2 0 1.0
79 9 0 2.0
319 19 0 3.5
128 4 0 2.0
250 49 0 3.0
231 18 0 2.0
222 27 0 2.0
227 21 0 1.25
30 16 0 2.5
113 25 0 1.25
14 18 0 2.75
110 0 0 3.75
288 20 0 3.5
224 5 0 1.0
217 3 0 1.25
62 28 0 3.0
186 3 0 2.25
284 9 0 3.25
238 19 0 1.5
225 20 0 2.25
119 20 0 1.0
109 14 0 3.0
111 33 0 3.25
312 2 0 2.75
178 17 0 1.5
58 11 0 2.5
176 12 0 3.5
249 20 0 1.5
110 6 0 3.75
78 72 0 3.5
100 22 0 2.25
180 10 0 3.25
281 30 0 2.25
205 23 0 4.0
205 8 0 2.0
140 19 0 3.25
27 6 0 2.25
244 9 0 3.75
40 4 0 1.5
88 16 0 3.25
100 2 0 2.5
243 6 0 3.25
304 1 0 1.75
269 5 0 4.0
65 20 0 3.0
97 23 0 2.5
255 42 0 3.25
261 1 0 4.0
101 10 0 1.75
10 11 0 3.75
200 20 0 3.0
162 18 0 1.25
141 5 0 1.75
259 2 0 4.0
345 51 0 3.0
272 18 0 2.25
356 30 0 1.0
168 12 0 4.0
206 21 0 3.5
157 10 0 2.5
333 56 0 2.0
221 69 0 4.0
272 18 0 2.0
152 7 0 3.75
15 5 0 4.0
79 11 0 2.25
145 29 0 1.0
296 24 0 3.5
237 1 0 1.0
324 11 0 2.5
64 5 0 3.0
316 29 0 3.0
219 28 0 2.5
292 30 0 2.75
36 11 0 3.25
144 10 0 1.0
356 14 0 2.0
99 23 0 1.25
156 36 0 3.25
229 6 0 2.5
184 19 0 2.75
163 15 0 2.75
336 25 0 1.25
272 6 0 1.75
241 23 0 4.0
96 18 0 2.0
77 14 0 4.0
148 29 0 3.75
226 60 0 3.75
298 22 0 1.5
45 1 0 2.0
5 3 0 2.5
273 71 0 2.75
76 2 0 1.25
87 15 0 3.25
80 11 0 1.25
152 9 0 2.25
233 41 0 2.75
65 7 0 1.75
95 29 0 1.75
161 11 0 1.75
220 20 0 1.5
125 4 0 3.75
103 21 0 1.75
13 4 0 3.5
65 64 0 3.75
202 20 0 2.5
281 30 0 3.5
235 27 0 2.0
278 5 0 3.25
311 22 0 1.5
42 15 0 1.5
31 17 0 3.0
277 26 0 2.5
280 14 0 1.0
208 11 0 3.25
149 29 0 2.0
234 12 0 3.5
42 2 0 3.75
320 17 0 3.25
139 12 0 2.5
170 13 0 3.25
227 18 0 2.75
353 29 0 2.25
238 4 0 1.25
247 17 0 3.75
348 3 0 3.0
75 22 0 3.75
359 8 0 2.75
307 3 0 1.75
143 7 0 4.0
12 18 0 2.0
150 20 0 1.75
39 15 0 1.0
111 39 0 1.0
274 29 0 2.0
149 7 0 1.5
148 1 0 1.0
285 30 0 3.5
170 2 0 2.5
268 51 0 3.25
192 20 0 3.0
197 9 0 1.0
289 11 0 3.0
331 14 0 1.25
324 17 0 2.25
18 23 0 1.25
255 69 0 1.25
258 19 0 2.0
244 20 0 3.0
22 48 0 2.5
72 14 0 2.25
251 15 0 3.0
20 20 0 1.75
354 2 0 3.5
83 14 0 1.0
92 5 0 3.75
28 24 0 2.0
208 18 0 2.5
356 15 0 1.5
2 27 0 1.75
254 19 0 1.75
103 14 0 2.25
222 3 0 1.25
186 20 0 3.5
97 61 0 2.0
129 17 0 3.5
344 17 0 2.0
264 0 0 3.0
229 60 0 3.0
341 2 0 3.75
232 24 0 3.0
265 9 0 2.25
265 23 0 3.75
32 21 0 2.0
122 29 0 2.0
352 13 0 4.0
317 22 0 4.0
163 3 0 1.25
2 10 0 1.5
159 29 0 1.25
78 14 0 2.75
283 12 0 4.0
326 23 0 3.5
33 30 0 3.5
299 11 0 1.75
160 15 0 2.75
200 11 0 2.0
184 48 0 4.0
59 28 0 2.25
87 10 0 3.5
59 26 0 3.25
93 19 0 3.25
278 15 0 1.25
192 78 0 2.25
352 1 0 1.0
359 19 0 4.0
188 6 0 1.25
352 7 0 2.5
46 32 0 3.0
167 14 0 1.5
93 21 0 2.0
302 26 0 4.0
67 15 0 3.0
341 27 0 3.25
96 12 0 3.0
235 14 0 2.25
85 3 0 2.75
323 15 0 2.0
203 26 0 4.0
227 29 0 2.0
299 29 0 4.0
39 17 0 3.75
253 20 0 2.75
266 6 0 2.0
322 44 0 3.0
351 21 0 2.0
37 8 0 3.5
278 23 0 3.75
17 12 0 3.0
157 35 0 1.75
270 5 0 3.5
263 15 0 2.75
120 2 0 3.75
69 20 0 4.0
4 24 0 2.25
194 21 0 2.5
144 15 0 1.75
113 63 0 2.25
328 3 0 3.75
155 15 0 3.75
52 35 0 1.0
178 1 0 1.0
117 32 0 1.75
104 35 0 1.5
304 18 0 2.25
264 12 0 3.25
103 37 0 2.25
264 62 0 4.0
303 45 0 3.5
36 12 0 1.5
139 21 0 3.25
142 29 0 3.25
239 3 0 4.0
209 3 0 3.5
114 8 0 3.25
337 12 0 1.5
357 10 0 3.0
96 7 0 3.75
358 20 0 3.5
303 19 0 1.5
279 16 0 1.5
295 25 0 2.0
217 16 0 1.75
23 5 0 1.0
87 9 0 3.0
141 52 0 3.75
179 30 0 2.0
17 22 0 4.0
63 3 0 1.75
139 10 0 1.75
316 24 0 3.5
74 24 0 4.0
161 23 0 1.25
285 19 0 2.25
268 19 0 2.75
117 29 0 1.25
62 29 0 1.75
306 4 0 2.75
84 0 0 2.75
225 1 0 2.25
123 5 0 3.5
8 31 0 3.75
239 24 0 2.25
258 21 0 3.75
198 26 0 3.0
227 6 0 1.0
359 30 0 2.25
296 2 0 2.5
322 1 0 3.25
37 54 0 4.0
57 6 0 3.75
104 57 0 3.25
153 28 0 1.5
247 15 0 2.5
91 45 0 1.5
256 3 0 1.0
295 8 0 2.25
132 25 0 1.25
171 14 0 3.5
219 71 0 3.0
263 5 0 2.0
14 21 0 2.0
358 7 0 2.5
35 60 0 4.0
28 24 0 3.75
231 6 0 3.75
317 8 0 3.0
284 26 0 3.75
265 25 0 1.5
322 20 0 3.5
278 7 0 1.25
133 28 0 2.75
150 12 0 1.75
203 7 0 3.75
10 2 0 4.0
249 26 0 3.75
349 0 0 1.25
31 17 0 2.75
268 25 0 1.5
344 16 0 1.25
237 16 0 4.0
332 0 0 3.25
222 4 0 2.25
199 20 0 3.0
257 41 0 3.5
320 17 0 2.0
323 26 0 3.0
275 0 0 3.0
81 0 0 2.75
156 12 0 3.25
278 19 0 1.75
5 7 0 3.5
71 24 0 1.75
202 25 0 1.75
103 4 0 3.0
268 17 0 1.0
210 24 0 1.0
216 26 0 1.5
117 67 0 3.75
153 18 0 1.25
95 19 0 1.75
148 24 0 3.0
146 15 0 1.0
344 15 0 1.75
190 55 0 2.75
334 9 0 3.5
342 12 0 1.5
284 19 0 3.5
247 14 0 1.25
93 20 0 1.0
73 22 0 3.0
107 32 0 2.5
348 59 0 1.0
349 4 0 3.75
142 13 0 1.75
127 3 0 2.0
244 10 0 4.0
63 27 0 4.0
356 6 0 3.25
159 37 0 2.0
319 30 0 3.75
169 18 0 3.0
256 19 0 3.25
341 22 0 3.0
83 27 0 3.0
19 14 0 1.5
30 27 0 1.25
93 8 0 3.0
191 73 0 2.5
53 20 0 3.5
241 25 0 1.5
176 1 0 3.25
182 7 0 1.75
216 7 0 4.0
108 17 0 3.5
202 4 0 2.75
117 18 0 2.5
89 7 0 2.0
69 26 0 3.75
341 4 0 1.25
17 27 0 1.5
343 1 0 2.0
229 1 0 3.75
228 4 0 2.5
183 25 0 2.0
344 5 0 3.0
33 9 0 1.75
303 20 0 1.75
322 8 0 3.75
60 1 0 2.0
279 0 0 1.0
278 29 0 1.25
198 23 0 3.25
189 16 0 1.75
252 29 0 1.0
176 19 0 3.75
302 5 0 1.0
315 14 0 3.5
2 21 0 2.0
255 9 0 2.75
185 6 0 2.5
126 25 0 1.0
85 12 0 3.25
340 22 0 1.75
324 20 0 3.5
113 29 0 1.0
8 0 0 1.5
171 7 0 1.25
198 30 0 3.25
36 2 0 4.0
189 12 0 2.5
17 22 0 2.75
266 27 0 3.75
282 8 0 3.5
213 25 0 1.5
192 35 0 1.25
45 8 0 1.75
174 20 0 1.75
142 26 0 2.25
99 15 0 1.75
177 21 0 2.0
251 4 0 2.75
350 11 0 3.0
334 2 0 4.0
274 4 0 2.25
61 26 0 3.5
197 13 0 2.0
126 11 0 3.5
260 3 0 3.75
71 8 0 3.75
97 14 0 1.5
243 69 0 2.25
28 28 0 1.0
281 15 0 1.5
162 12 0 2.5
10 19 0 3.25
207 8 0 3.25
302 1 0 3.25
73 28 0 1.25
156 5 0 2.75
75 7 0 2.25
74 7 0 3.25
326 18 0 3.5
75 27 0 3.0
217 19 0 1.75
103 47 0 1.5
101 20 0 4.0
183 29 0 1.5
72 15 0 3.0
87 13 0 1.75
350 15 0 2.5
210 17 0 2.25
73 5 0 3.25
43 13 0 3.25
264 23 0 2.0
224 14 0 3.75
4 14 0 2.75
90 29 0 2.5
325 8 0 3.5
249 8 0 1.25
256 27 0 3.0
44 50 0 2.0
159 44 0 4.0
353 1 0 2.25
97 4 0 2.25
346 19 0 2.5
175 78 0 1.25
146 41 0 3.0
149 11 0 3.75
32 10 0 3.25
237 30 0 2.0
12 0 0 2.0
45 25 0 2.75
335 53 0 2.75
95 22 0 2.0
80 67 0 2.25
126 7 0 1.75
44 20 0 1.0
120 64 0 1.75
160 2 0 1.0
107 17 0 3.0
203 24 0 1.75
179 22 0 1.0
310 7 0 3.25
30 30 0 1.5
12 9 0 2.5
233 26 0 1.75
176 48 0 1.25
217 1 0 3.5
214 10 0 1.25
244 5 0 4.0
136 31 0 1.5
319 7 0 2.0
341 43 0 1.75
182 50 0 2.0
262 28 0 2.75
214 18 0 1.75
182 20 0 1.25
51 15 0 3.75
217 3 0 3.0
136 28 0 1.0
29 13 0 3.0
170 25 0 1.0
255 0 0 4.0
85 18 0 1.75
86 2 0 3.25
133 9 0 2.75
220 21 0 3.5
288 26 0 3.0
41 1 0 1.0
246 18 0 1.75
41 4 0 3.25
347 11 0 3.75
76 15 0 3.25
269 25 0 2.5
170 28 0 3.75
261 11 0 1.5
209 77 0 1.25
60 39 0 4.0
266 48 0 3.5
110 40 0 3.5
153 5 0 2.75
67 1 0 1.5
230 2 0 1.25
351 17 0 3.5
332 20 0 3.5
110 74 0 2.5
240 13 0 3.5
12 2 0 2.5
200 51 0 3.75
326 13 0 1.75
317 3 0 1.0
74 26 0 4.0
266 6 0 1.5
189 61 0 3.0
179 7 0 1.75
57 5 0 3.75
105 16 0 1.0
75 51 0 1.75
115 62 0 3.5
154 8 0 1.0
120 18 0 1.0
72 25 0 1.0
24 19 0 3.75
333 1 0 1.0
73 6 0 1.75
0 7 0 3.75
180 17 0 2.5
40 30 0 2.5
223 21 0 2.5
169 11 0 3.75
71 15 0 2.0
206 27 0 2.25
191 14 0 3.75
261 6 0 2.25
185 6 0 1.75
221 3 0 1.25
104 8 0 1.5
325 24 0 2.0
246 11 0 1.75
257 27 0 2.5
17 15 0 2.0
130 26 0 2.75
245 14 0 1.25
188 18 0 1.75
196 22 0 1.0
118 15 0 2.5
225 29 0 3.25
157 0 0 2.5
7 4 0 3.0
242 56 0 1.5
133 25 0 1.0
314 7 0 2.5
48 16 0 2.5
3 22 0 3.25
339 35 0 1.5
339 0 0 2.75
114 21 0 1.0
216 2 0 2.0
183 3 0 3.75
20 10 0 4.0
260 10 0 2.5
68 28 0 1.0
77 13 0 1.5
97 28 0 2.25
220 61 0 4.0
35 6 0 3.75
92 28 0 1.5
200 23 0 1.75
215 24 0 1.75
198 25 0 3.25
187 79 0 3.0
189 12 0 3.75
327 8 0 2.5
266 11 0 1.0
87 25 0 4.0
320 0 0 2.25
194 49 0 3.75
218 0 0 4.0
77 0 0 1.75
52 41 0 2.25
333 26 0 3.0
84 12 0 3.5
169 17 0 2.5
215 18 0 3.0
95 5 0 3.0
63 27 0 3.75
218 18 0 3.0
301 7 0 3.5
300 4 0 3.5
50 29 0 3.5
304 26 0 2.25
124 2 0 1.25
348 10 0 1.25
36 18 0 4.0
210 21 0 3.25
278 18 0 3.0
234 5 0 2.0
165 14 0 1.25
28 10 0 1.0
147 31 0 2.0
60 16 0 4.0
154 29 0 1.75
311 15 0 1.25
254 23 0 2.0
103 49 0 1.75
48 22 0 1.0
293 8 0 3.25
227 20 0 3.5
223 6 0 1.75
181 17 0 3.0
229 15 0 2.25
312 23 0 2.25
103 26 0 2.0
28 15 0 3.25
180 0 0 1.25
326 3 0 1.25
113 16 0 2.25
58 26 0 3.75
334 16 0 1.5
195 29 0 1.5
74 26 0 3.25
86 11 0 2.25
73 41 0 3.75
16 1 0 4.0
9 17 0 4.0
331 15 0 2.0
226 6 0 1.5
258 14 0 1.75
351 2 0 2.0
20 14 0 1.25
63 24 0 3.25
135 29 0 2.5
195 1 0 4.0
71 46 0 3.0
115 13 0 3.25
133 2 0 2.75
269 21 0 3.0
317 22 0 1.75
171 14 0 4.0
26 18 0 2.0
286 2 0 2.25
4 12 0 4.0
71 12 0 3.25
64 1 0 2.75
233 5 0 1.0
25 2 0 3.25
348 27 0 1.5
54 26 0 1.25
232 29 0 2.75
288 0 0 1.5
65 45 0 1.75
138 25 0 1.75
308 25 0 3.75
89 17 0 3.75
26 7 0 3.75
4 18 0 2.0
34 28 0 2.0
350 23 0 1.5
4 8 0 1.25
183 7 0 1.25
192 9 0 2.75
261 60 0 1.5
105 3 0 4.0
295 22 0 3.75
10 2 0 1.0
217 7 0 1.75
224 25 0 3.5
196 20 0 3.0
215 10 0 2.0
242 21 0 3.25
128 28 0 1.75
30 53 0 1.5
168 4 0 4.0
45 20 0 3.25
181 4 0 2.25
351 22 0 2.75
192 6 0 1.75
334 3 0 3.25
6 30 0 3.0
354 30 0 3.0
107 49 0 3.75
291 27 0 2.0
230 4 0 2.0
279 5 0 2.5
303 14 0 2.0
356 23 0 3.25
43 12 0 2.25
173 27 0 2.75
241 6 0 2.75
269 7 0 4.0
254 14 0 3.75
314 30 0 3.0
344 29 0 3.0
284 28 0 2.25
179 29 0 1.5
297 58 0 1.25
135 5 0 1.0
351 17 0 3.0
98 4 0 2.0
124 29 0 2.75
191 13 0 2.75
229 0 0 1.5
351 0 0 1.0
277 9 0 2.25
27 28 0 4.0
240 19 0 4.0
148 20 0 1.5
324 16 0 4.0
238 25 0 1.0
34 6 0 2.0
196 13 0 1.25
132 27 0 4.0
303 13 0 2.75
141 27 0 2.0
304 22 0 3.0
212 12 0 1.25
329 18 0 3.5
108 27 0 1.75
205 19 0 3.0
243 71 0 1.5
135 26 0 3.25
130 19 0 3.5
248 9 0 2.5
7 19 0 4.0
250 55 0 2.0
35 18 0 1.25
229 22 0 2.75
94 16 0 1.25
235 21 0 1.0
243 17 0 2.25
321 27 0 3.75
149 8 0 3.25
84 27 0 2.0
346 19 0 3.5
172 22 0 3.5
128 7 0 3.5
295 16 0 3.0
11 11 0 3.0
44 13 0 2.75
295 34 0 1.25
106 23 0 2.75
19 29 0 1.5
216 55 0 3.75
174 6 0 2.75
18 75 0 2.5
325 65 0 2.5
135 17 0 4.0
299 15 0 3.5
308 15 0 3.25
191 22 0 1.75
263 27 0 1.25
65 5 0 2.0
100 9 0 1.5
34 7 0 3.25
23 25 0 1.0
51 2 0 3.0
173 26 0 3.5
6 14 0 1.75
96 6 0 2.25
39 17 0 1.75
349 4 0 2.25
98 45 0 1.0
260 9 0 3.25
104 34 0 3.75
263 21 0 2.25
305 12 0 4.0
298 17 0 1.75
11 42 0 1.75
282 0 0 2.75
70 4 0 1.25
170 2 0 4.0
278 70 0 2.25
93 2 0 3.0
42 10 0 1.0
107 26 0 2.25
248 19 0 1.0
357 17 0 1.75
209 21 0 2.0
192 53 0 2.0
96 8 0 2.5
349 15 0 2.75
29 18 0 2.25
254 28 0 1.75
178 17 0 4.0
235 5 0 3.5
265 3 0 2.75
123 40 0 2.25
256 24 0 1.75
210 15 0 2.25
28 22 0 2.25
298 20 0 2.75
297 27 0 3.75
319 15 0 3.5
303 12 0 2.5
355 15 0 2.0
75 9 0 1.25
192 22 0 3.0
113 1 0 3.5
341 3 0 1.25
168 26 0 1.25
121 10 0 1.5
229 8 0 2.5
166 4 0 1.5
267 5 0 2.5
269 2 0 2.5
27 15 0 3.5
323 22 0 3.0
201 24 0 1.0
333 28 0 2.0
334 15 0 3.25
306 23 0 3.75
72 21 0 2.5
318 23 0 1.25
90 0 0 1.0
115 28 0 3.75
113 2 0 3.5
257 49 0 1.75
155 23 0 2.0
137 23 0 3.75
305 19 0 4.0
209 26 0 1.5
220 2 0 4.0
218 61 0 2.25
276 25 0 2.75
259 20 0 3.0
31 44 0 2.25
167 12 0 3.75
66 28 0 1.25
161 28 0 1.25
98 19 0 3.0
170 25 0 3.5
354 17 0 2.5
107 2 0 3.5
185 38 0 1.0
161 18 0 1.5
197 30 0 1.25
285 44 0 3.25
343 20 0 4.0
71 25 0 2.5
272 11 0 4.0
1 25 0 4.0
8 23 0 1.5
196 8 0 1.5
324 10 0 1.5
335 11 0 2.25
138 12 0 1.75
267 10 0 3.75
61 73 0 1.75
84 30 0 2.25
263 24 0 1.0
269 2 0 1.75
266 20 0 4.0
204 44 0 3.5
172 13 0 4.0
167 11 0 1.0
24 17 0 3.0
255 58 0 2.0
228 29 0 1.5
229 10 0 2.25
215 71 0 2.5
81 17 0 2.25
90 17 0 3.25
59 9 0 3.5
270 11 0 3.5
122 22 0 2.75
98 27 0 2.0
314 6 0 3.0
252 23 0 1.5
215 17 0 3.5
87 4 0 2.5
32 8 0 3.75
350 30 0 3.25
260 10 0 1.0
275 13 0 3.75
116 22 0 2.25
278 0 0 4.0
204 16 0 1.5
136 26 0 1.75
342 26 0 3.5
228 10 0 3.0
11 4 0 2.75
61 4 0 1.5
263 24 0 4.0
11 20 0 1.0
75 18 0 1.75
5 3 0 1.5
201 22 0 3.0
346 30 0 3.5
71 12 0 4.0
241 6 0 2.0
289 19 0 3.5
82 39 0 2.5
62 15 0 2.5
141 13 0 1.5
182 27 0 3.25
292 4 0 4.0
26 0 0 2.0
192 11 0 3.5
212 29 0 2.5
109 6 0 3.0
221 20 0 2.0
181 16 0 4.0
200 22 0 2.5
79 28 0 1.5
234 5 0 1.25
332 18 0 4.0
56 2 0 3.0
236 55 0 2.25
8 14 0 2.0
253 6 0 3.5
277 18 0 1.0
71 19 0 1.5
271 13 0 1.25
168 26 0 1.75
203 15 0 2.5
97 27 0 2.25
208 55 0 2.75
27 2 0 2.5
341 30 0 3.25
183 22 0 1.0
187 68 0 1.5
86 18 0 4.0
187 22 0 4.0
33 12 0 2.5
304 57 0 1.5
32 4 0 1.0
256 15 0 1.75
24 27 0 2.25
356 20 0 2.25
104 29 0 3.75
114 20 0 3.5
329 11 0 2.0
1 11 0 1.0
82 15 0 4.0
26 1 0 2.0
100 29 0 2.5
165 14 0 2.0
310 4 0 1.25
56 28 0 3.5
84 17 0 3.0
332 28 0 1.5
126 10 0 3.0
46 8 0 4.0
132 11 0 3.25
345 22 0 4.0
341 23 0 1.0
244 35 0 1.5
184 20 0 1.5
150 34 0 1.5
250 11 0 4.0
355 28 0 3.25
27 25 0 1.75
47 14 0 3.25
197 29 0 1.0
107 25 0 1.0
89 78 0 3.5
273 0 0 3.0
323 13 0 2.25
91 3 0 1.75
153 21 0 1.0
263 14 0 3.5
321 27 0 1.25
203 7 0 2.0
53 1 0 2.25
302 13 0 2.75
76 22 0 1.75
283 62 0 1.75
356 6 0 3.5
203 50 0 4.0
355 26 0 2.75
88 21 0 1.5
73 30 0 2.25
325 18 0 1.75
51 11 0 2.25
184 26 0 3.0
331 21 0 3.25
134 75 0 2.5
252 12 0 1.75
185 16 0 4.0
68 28 0 1.75
113 21 0 3.0
345 20 0 3.5
285 25 0 3.0
275 10 0 3.75
133 34 0 3.75
149 1 0 2.75
44 67 0 2.5
15 13 0 1.5
12 20 0 1.5
341 14 0 1.0
64 20 0 1.5
296 28 0 3.75
82 1 0 2.25
268 27 0 1.5
32 24 0 4.0
28 16 0 1.75
328 11 0 2.75
149 17 0 4.0
152 19 0 3.5
241 3 0 1.0
290 13 0 2.5
326 1 0 1.75
355 18 0 3.75
95 2 0 3.5
17 11 0 2.5
329 29 0 2.25
75 26 0 4.0
214 17 0 1.0
354 10 0 3.5
31 9 0 3.25
81 22 0 2.5
311 17 0 4.0
183 37 0 3.25
204 29 0 3.25
310 18 0 3.0
313 19 0 3.5
129 2 0 1.25
316 2 0 1.0
131 13 0 1.75
170 8 0 2.75
188 27 0 2.0
321 1 0 2.0
215 18 0 1.25
9 26 0 1.25
43 16 0 3.75
219 69 0 1.5
96 6 0 1.5
18 26 0 4.0
278 15 0 2.75
175 3 0 2.25
72 14 0 2.0
85 1 0 3.75
0 4 0 1.25
297 24 0 1.0
299 28 0 1.5
351 23 0 3.0
44 14 0 1.75
197 1 0 3.75
45 22 0 2.0
0 6 0 3.0
97 20 0 2.75
183 15 0 2.25
246 28 0 2.5
125 27 0 3.5
224 6 0 1.5
316 7 0 3.0
305 25 0 1.5
124 49 0 1.75
91 22 0 3.75
227 16 0 2.5
104 26 0 3.5
168 19 0 3.75
255 18 0 3.75
294 67 0 1.75
145 22 0 1.0
7 12 0 1.0
235 16 0 1.5
226 10 0 2.75
353 14 0 2.0
317 10 0 1.75
43 15 0 2.75
321 2 0 2.0
214 9 0 3.25
101 21 0 1.25
343 5 0 3.0
102 78 0 3.5
199 29 0 1.5
180 22 0 2.5
296 22 0 1.75
187 19 0 2.25
170 25 0 3.25
113 21 0 1.25
161 8 0 2.75
303 13 0 3.0
196 9 0 3.75
88 16 0 1.5
264 9 0 3.25
98 28 0 1.75
6 15 0 3.25
243 18 0 2.0
6 15 0 2.25
75 27 0 3.25
26 25 0 1.0
76 11 0 2.75
216 21 0 3.0
47 6 0 1.75
210 14 0 3.25
172 22 0 1.0
181 11 0 1.25
55 5 0 2.5
56 15 0 3.75
334 29 0 2.0
249 23 0 4.0
21 4 0 1.5
355 26 0 3.25
106 12 0 3.75
239 29 0 1.75
64 17 0 1.0
303 14 0 2.5
296 9 0 3.5
187 70 0 1.0
313 5 0 1.75
243 1 0 3.5
206 13 0 2.25
192 2 0 2.5
134 17 0 3.75
225 30 0 4.0
224 11 0 1.0
31 0 0 1.25
177 6 0 3.25
300 1 0 3.5
219 9 0 3.25
323 29 0 4.0
7 1 0 2.0
93 19 0 1.75
76 7 0 2.75
35 14 0 3.5
126 4 0 2.0
337 3 0 1.5
289 22 0 3.5
46 27 0 1.0
9 22 0 2.0
151 13 0 1.75
117 22 0 2.0
116 17 0 2.5
157 26 0 3.25
184 24 0 3.25
95 15 0 1.5
101 21 0 2.5
313 40 0 2.0
268 16 0 1.25
290 28 0 1.25
40 7 0 3.75
344 6 0 3.75
296 23 0 2.25
285 35 0 1.0
306 5 0 2.75
197 2 0 1.5
203 74 0 3.25
26 13 0 2.25
21 29 0 1.5
311 6 0 1.0
295 3 0 2.0
126 6 0 1.0
273 22 0 1.25
239 16 0 2.0
183 21 0 2.25
162 16 0 1.5
181 25 0 2.25
104 25 0 2.75
195 1 0 2.5
305 24 0 4.0
273 21 0 3.5
179 17 0 4.0
220 2 0 1.75
324 23 0 2.5
142 6 0 2.5
145 11 0 2.25
268 8 0 2.5
290 6 0 4.0
70 78 0 2.0
241 8 0 2.25
145 4 0 1.5
50 7 0 4.0
1 20 0 3.25
217 7 0 1.5
287 41 0 3.75
295 27 0 2.75
267 64 0 3.0
322 14 0 2.5
64 28 0 1.5
231 10 0 4.0
220 14 0 2.25
285 9 0 3.25
39 20 0 2.5
109 34 0 2.75
346 1 0 3.25
172 3 0 1.75
175 14 0 3.5
253 14 0 1.25
127 12 0 4.0
142 30 0 1.5
178 25 0 1.25
46 14 0 2.5
257 6 0 3.25
74 21 0 3.25
7 5 0 1.5
88 22 0 3.75
105 18 0 3.75
0 22 0 2.75
94 24 0 3.0
270 23 0 2.0
61 7 0 3.75
170 45 0 2.25
286 11 0 1.5
0 20 0 2.0
257 69 0 3.5
336 30 0 3.25
86 1 0 2.5
64 1 0 2.25
322 47 0 1.75
219 0 0 3.75
336 58 0 1.75
184 19 0 1.25
109 70 0 3.25
17 3 0 3.25
166 17 0 3.5
94 27 0 2.0
79 28 0 3.5
3 8 0 2.5
279 4 0 3.0
92 28 0 3.5
346 76 0 1.5
267 26 0 2.0
21 4 0 1.75
88 24 0 1.0
221 21 0 2.75
82 19 0 1.5
245 3 0 2.25
344 18 0 3.75
216 17 0 2.0
182 28 0 2.25
357 18 0 3.5
252 25 0 3.25
273 17 0 2.0
318 7 0 3.0
112 0 0 1.0
55 1 0 3.0
359 13 0 3.75
348 9 0 1.75
20 25 0 2.0
33 74 0 2.5
64 11 0 2.0
55 0 0 2.25
74 13 0 3.25
40 12 0 2.0
78 9 0 1.25
351 27 0 4.0
37 17 0 2.0
51 2 0 1.0
17 30 0 1.0
353 15 0 1.75
119 5 0 1.5
293 17 0 3.5
141 9 0 2.75
233 4 0 3.75
89 28 0 2.5
37 54 0 2.0
154 11 0 1.5
161 17 0 2.0
321 18 0 1.0
281 29 0 1.25
91 29 0 3.25
326 17 0 1.0
48 30 0 4.0
336 28 0 3.75
272 27 0 1.25
301 5 0 2.0
215 22 0 4.0
180 20 0 2.5
159 13 0 1.0
197 3 0 1.5
48 25 0 2.5
175 1 0 2.25
343 25 0 3.25
244 26 0 1.25
265 13 0 3.25
190 6 0 2.0
262 32 0 1.5
223 7 0 3.5
170 34 0 3.0
336 14 0 1.0
39 53 0 2.0
134 36 0 3.5
158 27 0 2.5
84 7 0 3.25
255 30 0 2.75
238 12 0 2.25
227 60 0 1.5
318 5 0 1.0
15 27 0 4.0
71 6 0 2.0
312 19 0 3.0
357 3 0 2.75
350 27 0 2.75
273 59 0 3.0
261 36 0 1.25
232 13 0 2.0
38 5 0 2.75
296 5 0 2.25
54 18 0 3.25
164 3 0 3.0
70 17 0 2.0
66 13 0 3.25
74 1 0 3.25
306 20 0 3.75
274 27 0 2.75
209 26 0 2.25
234 26 0 1.5
211 5 0 3.75
47 26 0 2.75
128 18 0 2.0
9 21 0 2.25
228 26 0 2.5
6 26 0 2.25
17 17 0 1.75
283 8 0 1.5
121 16 0 3.5
33 14 0 2.25
81 8 0 3.25
190 34 0 2.5
298 30 0 2.25
247 14 0 3.0
231 14 0 4.0
132 7 0 3.75
278 19 0 3.0
300 4 0 2.25
71 20 0 3.75
126 26 0 1.0
128 8 0 4.0
91 25 0 1.75
46 9 0 3.25
218 29 0 1.25
350 26 0 4.0
259 9 0 1.5
240 19 0 3.75
342 4 0 3.0
166 6 0 3.0
306 0 0 3.25
211 77 0 3.0
282 22 0 3.0
203 18 0 1.0
284 14 0 2.5
307 20 0 2.0
81 5 0 3.75
180 29 0 2.0
203 12 0 2.75
252 1 0 3.5
201 8 0 3.0
232 12 0 3.5
293 29 0 1.75
103 21 0 3.25
325 21 0 3.75
225 33 0 3.75
225 8 0 1.25
81 5 0 4.0
9 20 0 4.0
116 10 0 2.25
262 24 0 3.0
230 28 0 2.5
79 2 0 1.5
33 2 0 2.75
20 4 0 4.0
132 6 0 3.75
128 10 0 1.25
66 5 0 1.75
82 5 0 3.0
27 16 0 2.75
170 30 0 2.25
62 29 0 3.0
287 77 0 3.5
103 13 0 2.5
41 25 0 2.5
313 24 0 2.5
34 2 0 1.5
82 6 0 2.75
134 0 0 2.0
277 23 0 1.75
208 0 0 4.0
118 60 0 1.0
181 7 0 3.0
8 15 0 3.25
351 5 0 1.75
270 25 0 1.25
77 29 0 3.25
134 21 0 3.0
111 38 0 3.75
56 29 0 3.75
239 28 0 1.25
315 40 0 1.0
96 25 0 2.25
225 50 0 2.75
268 14 0 2.5
155 20 0 2.25
355 23 0 3.25
304 29 0 3.0
99 0 0 1.0
279 19 0 2.25
302 18 0 3.25
155 14 0 4.0
178 2 0 3.75
183 12 0 2.75
162 6 0 2.25
81 20 0 2.25
142 26 0 3.0
312 16 0 2.5
272 8 0 4.0
153 17 0 4.0
146 7 0 1.75
10 21 0 2.25
100 27 0 4.0
310 6 0 3.25
262 27 0 3.75
81 2 0 1.5
340 24 0 2.25
285 20 0 2.5
24 15 0 2.25
245 15 0 2.25
84 1 0 2.25
331 4 0 1.75
181 3 0 3.0
274 25 0 1.75
293 26 0 1.0
96 22 0 2.0
38 1 0 3.0
278 5 0 1.0
214 1 0 3.0
228 24 0 2.5
27 28 0 1.5
119 8 0 1.75
43 4 0 2.0
5 20 0 3.25
39 60 0 2.75
195 28 0 2.75
84 27 0 3.5
60 25 0 1.25
71 18 0 3.75
344 9 0 2.0
239 23 0 1.75
301 30 0 1.0
237 15 0 1.75
62 23 0 2.75
185 29 0 2.5
247 33 0 2.0
5 16 0 2.75
163 3 0 3.5
230 4 0 1.0
197 1 0 4.0
357 30 0 1.5
203 12 0 4.0
341 13 0 3.5
270 0 0 1.75
181 25 0 4.0
142 6 0 1.0
325 33 0 3.75
222 22 0 2.0
240 17 0 3.25
356 30 0 4.0
38 25 0 3.5
115 14 0 1.25
49 3 0 2.5
295 7 0 2.0
31 16 0 2.25
332 29 0 1.25
59 19 0 3.5
346 27 0 1.5
142 3 0 3.0
235 25 0 4.0
133 27 0 1.0
232 38 0 2.25
139 25 0 3.0
306 20 0 3.0
304 4 0 1.25
143 8 0 1.75
48 2 0 1.75
7 10 0 2.0
209 19 0 1.25
129 7 0 3.0
277 7 0 1.75
351 21 0 3.25
357 60 0 2.0
160 17 0 1.0
130 27 0 3.25
5 63 0 3.25
346 11 0 3.5
110 29 0 2.5
161 19 0 1.0
210 17 0 1.5
136 35 0 2.0
129 24 0 4.0
16 2 0 3.0
39 5 0 1.75
267 8 0 1.25
297 29 0 1.25
196 30 0 1.75
21 21 0 3.25
300 25 0 2.0
25 13 0 2.25
304 73 0 2.75
297 14 0 2.75
30 6 0 3.75
274 16 0 3.25
24 20 0 2.25
358 4 0 1.5
212 58 0 4.0
134 11 0 2.5
212 29 0 1.5
208 20 0 2.5
340 30 0 1.25
73 7 0 3.25
27 34 0 2.75
215 29 0 2.0
23 30 0 3.0
64 19 0 1.5
318 16 0 1.5
6 8 0 4.0
252 10 0 1.75
198 15 0 4.0
38 50 0 2.75
177 22 0 1.25
1 30 0 2.25
226 15 0 3.75
13 12 0 3.0
46 3 0 2.75
294 5 0 1.25
21 4 0 2.0
145 13 0 4.0
57 23 0 3.25
7 15 0 2.75
86 8 0 4.0
66 74 0 2.25
206 24 0 2.75
16 1 0 3.75
289 25 0 2.0
309 26 0 1.5
128 23 0 3.75
183 30 0 2.5
204 12 0 2.75
198 1 0 2.0
190 7 0 3.25
175 22 0 3.25
213 11 0 1.75
190 3 0 3.25
354 3 0 1.0
209 1 0 1.5
49 22 0 1.75
285 45 0 1.25
279 11 0 1.25
295 12 0 1.5
49 13 0 3.0
224 6 0 3.75
334 18 0 2.0
167 8 0 4.0
145 6 0 3.75
322 3 0 1.5
103 10 0 1.0
310 28 0 1.5
46 15 0 2.75
71 28 0 2.0
339 24 0 1.75
103 26 0 2.5
48 7 0 1.5
128 9 0 1.0
175 56 0 3.0
71 9 0 4.0
329 8 0 1.0
96 0 0 3.0
349 19 0 2.5
268 15 0 1.25
39 3 0 3.25
79 9 0 3.0
191 21 0 1.0
282 5 0 2.0
96 28 0 2.75
181 6 0 3.0
108 3 0 2.75
265 8 0 1.25
38 27 0 3.75
160 50 0 1.75
110 15 0 2.5
52 8 0 1.25
218 20 0 1.75
289 39 0 3.5
139 9 0 1.75
320 64 0 3.25
33 29 0 3.5
338 14 0 3.25
116 24 0 3.25
321 22 0 4.0
87 28 0 1.25
199 15 0 2.5
201 35 0 2.25
164 1 0 1.25
223 2 0 2.0
71 30 0 3.0
77 9 0 3.75
4 2 0 1.5
313 21 0 1.25
344 3 0 1.75
181 29 0 3.0
347 0 0 4.0
337 29 0 3.0
168 19 0 3.25
356 56 0 1.5
296 13 0 2.5
119 23 0 3.25
233 43 0 1.0
282 25 0 2.5
3 0 0 3.0
74 0 0 3.75
284 9 0 1.5
150 6 0 3.5
225 43 0 3.25
268 0 0 1.75
113 47 0 2.5
324 15 0 2.75
198 21 0 1.25
3 22 0 2.75
224 10 0 2.5
143 7 0 2.25
185 21 0 4.0
64 21 0 2.5
315 19 0 2.75
241 14 0 1.5
247 8 0 3.0
241 40 0 3.25
293 8 0 3.75
272 15 0 3.5
315 4 0 2.25
49 56 0 1.25
3 14 0 2.5
22 1 0 1.25
342 26 0 3.0
229 12 0 1.25
172 6 0 2.25
197 30 0 4.0
40 25 0 2.25
105 33 0 1.75
147 19 0 1.0
217 19 0 3.0
219 28 0 4.0
95 15 0 3.75
225 6 0 4.0
334 39 0 4.0
144 4 0 2.5
338 28 0 1.25
115 5 0 3.0
218 6 0 1.0
300 8 0 2.5
0 21 0 2.25
317 48 0 3.5
51 15 0 4.0
128 12 0 2.5
305 17 0 4.0
77 28 0 2.5
253 26 0 2.0
202 17 0 2.75
136 4 0 1.5
331 0 0 3.5
159 36 0 3.75
18 11 0 1.5
295 14 0 1.5
232 14 0 2.25
64 29 0 3.5
58 18 0 1.0
231 21 0 2.0
185 28 0 2.75
65 2 0 1.5
136 1 0 4.0
293 22 0 3.5
23 29 0 1.75
208 21 0 2.75
120 60 0 2.25
332 3 0 1.5
151 6 0 3.25
328 9 0 3.5
318 9 0 2.5
220 18 0 2.5
130 17 0 2.0
314 20 0 1.5
0 57 0 3.25
310 28 0 3.5
85 25 0 1.25
337 27 0 1.0
60 8 0 1.0
24 19 0 2.5
69 29 0 2.0
210 9 0 2.5
57 23 0 3.5
296 45 0 3.75
138 28 0 1.25
268 7 0 3.25
21 3 0 2.25
170 3 0 2.5
277 64 0 3.0
35 7 0 3.0
163 49 0 3.75
42 17 0 3.5
236 29 0 3.5
217 29 0 3.5
100 2 0 1.75
161 19 0 3.75
70 70 0 2.25
252 28 0 1.75
240 22 0 1.75
12 12 0 1.5
54 25 0 2.0
160 12 0 1.0
287 40 0 1.75
75 30 0 2.25
160 3 0 2.25
345 23 0 1.75
36 20 0 3.25
124 29 0 1.0
33 14 0 4.0
197 15 0 3.75
130 27 0 4.0
271 12 0 3.5
85 57 0 3.75
167 27 0 2.75
251 29 0 4.0
303 26 0 1.25
309 30 0 3.0
56 15 0 1.25
261 19 0 3.5
83 17 0 1.5
229 3 0 1.75
191 41 0 2.75
334 3 0 1.25
338 30 0 1.0
130 26 0 2.5
121 21 0 2.25
322 3 0 2.5
268 7 0 4.0
296 15 0 2.75
195 29 0 3.5
253 3 0 3.5
103 27 0 2.0
265 13 0 2.5
288 18 0 2.25
221 21 0 1.0
206 5 0 1.5
285 18 0 3.0
87 22 0 3.25
34 5 0 1.25
278 17 0 4.0
96 24 0 2.75
170 10 0 3.25
17 3 0 2.75
93 18 0 2.75
338 5 0 2.75
101 27 0 1.25
38 16 0 2.25
253 27 0 3.0
234 23 0 3.75
178 23 0 1.75
63 0 0 1.0
134 28 0 4.0
125 0 0 1.0
234 11 0 1.25
72 14 0 3.5
164 15 0 1.75
154 21 0 1.75
158 16 0 2.25
353 30 0 3.75
324 8 0 2.0
108 2 0 1.0
221 7 0 1.5
335 24 0 3.75
238 25 0 3.75
198 26 0 3.75
95 30 0 3.75
311 14 0 3.75
72 2 0 3.75
264 17 0 1.75
204 6 0 2.75
61 12 0 1.75
134 23 0 4.0
29 24 0 4.0
280 23 0 2.5
165 15 0 1.25
180 54 0 1.0
247 0 0 2.5
299 19 0 1.5
138 0 0 3.0
147 6 0 2.5
164 26 0 2.75
59 39 0 1.25
164 3 0 3.75
12 23 0 1.75
303 3 0 1.75
256 9 0 1.0
217 27 0 1.25
221 42 0 3.5
126 16 0 2.0
223 58 0 2.5
239 20 0 1.5
296 19 0 4.0
245 15 0 4.0
153 20 0 3.5
140 0 0 3.75
289 20 0 3.25
183 7 0 1.5
309 36 0 1.25
245 28 0 1.5
88 16 0 2.25
264 12 0 2.75
35 26 0 2.25
218 12 0 2.0
96 46 0 3.0
350 10 0 1.5
351 34 0 3.0
3 1 0 1.0
268 6 0 2.5
329 7 0 2.0
241 48 0 1.0
291 45 0 2.75
97 24 0 2.0
93 25 0 3.0
158 68 0 3.5
178 51 0 2.0
131 22 0 2.5
135 23 0 3.5
183 18 0 2.0
174 56 0 2.5
213 19 0 2.75
180 15 0 2.75
95 12 0 2.0
173 5 0 3.5
131 8 0 2.75
264 15 0 1.25
197 12 0 2.5
77 1 0 3.5
332 29 0 1.5
327 65 0 2.25
292 68 0 2.25
356 6 0 1.25
133 29 0 3.25
264 14 0 3.25
244 30 0 2.75
227 18 0 3.25
212 39 0 1.75
12 12 0 2.25
234 9 0 1.75
135 5 0 3.0
6 15 0 2.0
296 24 0 3.0
135 21 0 1.5
52 20 0 2.75
268 13 0 2.25
42 24 0 3.5
280 15 0 3.75
249 28 0 2.0
185 6 0 3.25
300 23 0 1.75
256 2 0 4.0
239 19 0 2.25
261 5 0 2.5
130 11 0 3.0
348 34 0 1.25
64 7 0 1.25
327 12 0 1.0
172 26 0 1.25
92 10 0 1.75
56 15 0 2.0
295 18 0 1.25
294 3 0 3.0
47 29 0 2.25
314 17 0 1.5
146 23 0 1.0
69 44 0 4.0
276 30 0 3.0
237 9 0 2.0
93 18 0 1.75
92 1 0 4.0
87 13 0 2.0
121 12 0 2.0
263 27 0 4.0
325 19 0 2.5
253 57 0 2.0
183 21 0 2.5
31 26 0 4.0
36 30 0 1.0
163 3 0 2.75
181 36 0 3.25
108 5 0 3.0
345 1 0 3.75
326 50 0 4.0
242 8 0 3.5
5 10 0 2.25
69 12 0 1.25
249 53 0 1.0
49 7 0 1.0
104 23 0 3.5
199 9 0 3.75
77 19 0 3.75
213 14 0 2.0
76 30 0 1.0
149 25 0 3.0
242 20 0 3.25
2 25 0 3.0
276 5 0 1.0
13 19 0 3.5
49 9 0 1.0
186 28 0 4.0
67 21 0 2.75
11 24 0 1.5
335 19 0 2.0
14 5 0 3.5
4 30 0 4.0
217 4 0 2.0
338 23 0 1.5
343 8 0 1.25
208 15 0 4.0
106 29 0 3.25
36 19 0 3.0
268 1 0 1.75
7 29 0 2.25
188 14 0 3.25
287 21 0 3.5
217 5 0 1.0
97 41 0 2.5
355 16 0 1.25
307 21 0 1.0
261 19 0 3.75
176 24 0 2.75
130 2 0 2.0
174 17 0 4.0
188 28 0 2.75
323 25 0 1.75
109 0 0 2.0
112 54 0 3.25
167 13 0 2.75
165 58 0 3.0
93 25 0 3.5
81 5 0 2.5
236 28 0 3.25
87 46 0 2.25
5 2 0 3.75
314 25 0 3.5
18 17 0 4.0
176 21 0 4.0
349 26 0 4.0
243 36 0 3.25
83 27 0 1.0
230 3 0 2.0
339 23 0 3.25
252 26 0 2.75
2 26 0 3.25
21 20 0 3.5
86 21 0 3.0
95 6 0 3.75
39 9 0 3.25
112 29 0 2.25
349 5 0 3.25
196 7 0 1.75
220 27 0 2.75
199 19 0 3.5
214 24 0 4.0
138 7 0 2.25
138 13 0 2.0
295 17 0 3.5
265 3 0 4.0
238 0 0 3.5
355 19 0 1.25
80 8 0 3.0
113 23 0 3.5
170 17 0 1.75
235 18 0 2.25
71 57 0 2.25
220 3 0 3.5
300 59 0 3.0
68 34 0 2.25
152 11 0 2.75
187 41 0 1.5
166 1 0 3.25
335 69 0 1.75
71 29 0 3.5
62 28 0 1.25
240 15 0 1.0
88 14 0 2.75
281 1 0 3.75
1 23 0 2.25
277 1 0 2.0
197 9 0 2.0
29 23 0 3.75
62 10 0 3.75
120 26 0 1.0
84 28 0 3.25
152 22 0 3.75
173 24 0 1.0
199 21 0 1.75
180 42 0 2.5
224 15 0 1.75
73 24 0 2.75
327 0 0 1.5
11 30 0 1.0
67 49 0 2.0
91 13 0 1.0
314 18 0 1.75
184 26 0 3.5
343 12 0 1.0
203 10 0 2.25
251 31 0 4.0
75 25 0 1.25
226 14 0 3.25
314 40 0 1.5
134 32 0 3.5
50 8 0 1.25
41 0 0 2.25
231 6 0 3.25
339 10 0 2.0
234 30 0 2.0
219 19 0 2.0
280 75 0 4.0
185 15 0 3.75
219 46 0 1.5
97 14 0 3.75
63 21 0 1.75
345 8 0 4.0
293 25 0 1.25
65 13 0 3.25
349 21 0 1.0
258 29 0 3.75
179 4 0 3.75
178 29 0 2.5
291 14 0 4.0
106 14 0 1.25
150 25 0 4.0
342 20 0 3.0
328 15 0 1.0
110 24 0 3.5
296 23 0 1.25
235 15 0 2.75
259 22 0 2.25
248 20 0 1.75
323 28 0 1.25
49 0 0 1.25
65 79 0 3.5
130 29 0 4.0
286 21 0 2.0
92 27 0 3.25
254 11 0 1.25
66 16 0 3.25
138 16 0 4.0
43 5 0 3.25
22 7 0 1.25
287 26 0 3.25
263 23 0 1.5
53 48 0 1.75
150 23 0 2.25
77 12 0 2.75
2 8 0 2.75
52 1 0 1.0
324 18 0 1.0
274 21 0 1.0
295 7 0 2.75
19 12 0 1.25
59 10 0 2.0
63 23 0 1.0
112 25 0 3.5
117 27 0 2.25
240 52 0 2.5
318 21 0 1.75
326 24 0 1.25
162 12 0 2.0
31 35 0 1.5
28 50 0 1.5
357 28 0 1.5
195 58 0 2.0
115 1 0 2.0
280 31 0 2.25
244 3 0 3.0
279 23 0 3.5
348 9 0 3.0
327 7 0 2.0
202 20 0 3.5
71 11 0 2.75
259 20 0 4.0
278 53 0 1.0
154 29 0 2.0
235 50 0 3.0
93 2 0 2.75
238 13 0 4.0
347 29 0 3.0
347 7 0 1.75
77 5 0 1.25
250 0 0 2.75
177 45 0 2.5
178 2 0 3.25
239 24 0 1.75
87 22 0 2.75
240 2 0 1.75
82 21 0 2.25
345 15 0 2.0
20 4 0 1.0
226 10 0 3.5
154 37 0 4.0
350 3 0 1.75
244 5 0 1.5
170 0 0 2.5
159 11 0 3.0
254 18 0 3.75
254 9 0 1.75
269 23 0 2.25
191 21 0 3.5
84 19 0 2.25
171 52 0 4.0
257 27 0 2.25
197 1 0 2.75
240 34 0 4.0
43 6 0 1.25
48 9 0 1.75
52 7 0 2.0
171 37 0 3.75
343 25 0 1.0
58 36 0 2.5
260 55 0 3.0
275 34 0 3.0
37 10 0 3.0
220 28 0 1.25
294 1 0 3.0
107 27 0 3.0
198 26 0 2.0
266 28 0 1.75
305 20 0 2.5
31 30 0 1.75
67 23 0 2.0
278 22 0 1.25
147 24 0 2.25
178 22 0 3.25
85 28 0 2.25
288 3 0 2.25
4 1 0 4.0
163 23 0 2.0
23 30 0 4.0
332 16 0 3.5
119 3 0 3.75
302 10 0 2.75
103 24 0 3.5
217 45 0 2.25
83 28 0 4.0
246 29 0 3.25
340 6 0 3.75
154 17 0 4.0
119 25 0 2.75
311 14 0 2.5
195 20 0 1.25
107 13 0 1.0
66 10 0 2.25
289 10 0 1.25
256 18 0 4.0
259 25 0 2.25
7 25 0 1.25
113 22 0 3.0
89 2 0 1.75
30 14 0 1.5
68 8 0 1.75
251 24 0 3.5
212 18 0 3.25
63 30 0 1.25
211 28 0 2.5
275 24 0 2.25
15 13 0 2.5
62 1 0 2.0
107 67 0 1.0
185 24 0 2.75
88 11 0 2.75
45 16 0 1.75
159 12 0 2.75
337 38 0 1.0
242 3 0 3.25
239 21 0 3.25
244 35 0 3.25
32 5 0 1.5
33 10 0 4.0
89 9 0 3.25
282 15 0 3.75
159 10 0 2.0
189 18 0 1.25
284 3 0 2.0
260 12 0 2.0
17 5 0 1.5
52 12 0 2.5
281 12 0 4.0
56 15 0 2.25
327 4 0 2.75
196 10 0 2.5
99 29 0 1.0
50 22 0 3.0
222 5 0 2.25
158 1 0 3.0
311 25 0 2.75
125 29 0 1.25
104 9 0 3.0
100 20 0 1.0
26 7 0 3.0
47 57 0 2.5
211 24 0 3.75
255 21 0 3.25
219 11 0 2.5
208 14 0 3.25
235 0 0 2.75
48 30 0 3.0
41 16 0 1.25
209 15 0 1.25
181 23 0 2.5
346 6 0 2.75
77 17 0 3.75
173 30 0 2.0
304 3 0 1.5
49 16 0 1.75
158 72 0 1.0
259 13 0 3.25
57 4 0 1.5
232 2 0 3.5
122 19 0 1.25
174 66 0 1.25
89 27 0 1.25
69 9 0 2.25
317 22 0 3.75
74 23 0 1.0
161 8 0 1.5
151 26 0 2.5
41 14 0 1.5
129 25 0 2.5
256 10 0 3.0
221 12 0 2.25
211 5 0 2.0
313 13 0 3.5
139 9 0 2.25
40 14 0 4.0
259 10 0 2.25
61 7 0 3.0
165 27 0 3.25
295 9 0 2.5
303 8 0 1.5
235 26 0 1.25
136 14 0 4.0
37 20 0 4.0
251 17 0 4.0
315 29 0 3.25
25 24 0 1.25
24 9 0 3.5
22 20 0 1.25
118 27 0 3.0
121 22 0 1.75
89 7 0 1.5
241 6 0 1.25
73 66 0 4.0
294 29 0 1.25
301 4 0 3.75
259 11 0 3.0
113 2 0 2.25
197 4 0 3.0
47 12 0 3.75
107 18 0 3.75
299 15 0 2.25
256 26 0 3.0
70 59 0 1.25
288 6 0 2.75
62 11 0 2.25
321 26 0 2.0
81 30 0 3.5
242 16 0 4.0
222 30 0 3.75
346 3 0 3.0
279 15 0 3.25
297 30 0 3.75
160 15 0 3.0
255 8 0 3.0
273 9 0 3.0
207 7 0 3.5
145 26 0 1.5
210 79 0 3.0
239 30 0 4.0
165 7 0 2.25
226 7 0 2.25
275 21 0 1.25
21 9 0 4.0
186 0 0 3.5
150 23 0 2.5
154 8 0 2.75
288 26 0 1.0
207 6 0 2.75
150 27 0 3.25
149 11 0 2.25
315 23 0 2.5
93 18 0 4.0
45 68 0 1.0
297 48 0 2.5
13 0 0 3.0
27 12 0 1.0
357 7 0 3.0
45 23 0 1.75
27 3 0 4.0
134 55 0 2.5
93 19 0 2.0
238 7 0 3.5
231 9 0 2.5
7 23 0 3.0
60 6 0 3.0
63 28 0 3.75
169 41 0 3.5
233 17 0 1.5
234 10 0 1.25
279 12 0 2.0
308 7 0 2.75
266 4 0 1.5
301 8 0 2.75
65 21 0 3.25
311 12 0 1.75
167 0 0 2.0
199 24 0 3.25
78 28 0 1.5
100 8 0 2.25
84 29 0 2.25
301 50 0 3.75
119 75 0 2.5
344 20 0 2.25
111 27 0 2.25
117 28 0 2.5
235 19 0 1.75
182 9 0 2.5
225 5 0 3.75
87 11 0 1.25
222 19 0 1.0
109 19 0 3.0
297 14 0 3.5
324 3 0 2.75
209 8 0 3.0
270 24 0 2.0
157 27 0 3.25
158 21 0 3.0
219 43 0 3.25
121 0 0 3.0
51 29 0 2.75
342 25 0 1.5
282 26 0 1.5
156 16 0 3.25
201 43 0 1.25
175 26 0 3.5
147 19 0 1.25
12 1 0 3.75
29 8 0 2.25
84 17 0 1.5
185 11 0 4.0
59 18 0 2.5
264 30 0 2.75
176 0 0 1.0
217 17 0 3.0
165 13 0 2.25
210 53 0 2.0
309 17 0 3.75
72 40 0 1.75
225 1 0 1.5
252 18 0 4.0
220 6 0 2.5
193 10 0 1.5
201 50 0 3.0
248 67 0 2.5
263 28 0 3.0
342 8 0 2.75
97 19 0 3.5
194 59 0 4.0
281 4 0 1.5
243 8 0 1.0
75 4 0 3.0
306 13 0 1.0
233 3 0 3.75
341 6 0 2.75
358 1 0 1.5
260 0 0 2.25
341 1 0 1.25
119 6 0 2.75
333 2 0 4.0
230 12 0 4.0
347 1 0 2.25
130 10 0 3.25
111 1 0 1.25
50 28 0 1.5
190 26 0 1.25
207 17 0 3.75
127 24 0 2.5
100 10 0 1.5
203 29 0 3.0
142 15 0 2.75
11 0 0 1.25
290 78 0 3.0
277 4 0 2.75
76 12 0 2.0
51 3 0 2.25
355 5 0 1.5
178 37 0 3.0
342 30 0 1.5
327 9 0 1.5
259 2 0 1.75
334 30 0 3.0
73 3 0 2.75
199 4 0 2.25
322 20 0 3.25
87 10 0 4.0
24 52 0 4.0
138 55 0 3.0
61 25 0 2.0
148 23 0 2.75
289 54 0 1.0
93 71 0 1.0
93 20 0 1.75
54 5 0 3.75
127 2 0 2.0
346 18 0 2.75
201 11 0 1.5
31 71 0 3.75
198 8 0 1.25
108 9 0 2.25
174 30 0 2.25
137 24 0 1.0
235 1 0 1.75
340 25 0 1.0
40 22 0 1.25
118 69 0 3.0
311 60 0 1.25
327 8 0 2.75
71 20 0 1.5
313 28 0 3.5
207 2 0 2.0
192 8 0 3.75
345 9 0 3.0
101 55 0 3.0
318 11 0 3.0
323 3 0 3.25
291 4 0 2.25
323 14 0 1.25
6 25 0 2.75
342 4 0 1.75
270 14 0 4.0
195 66 0 1.5
163 60 0 1.0
0 4 0 3.25
45 26 0 3.5
191 6 0 3.75
339 77 0 1.25
170 11 0 2.75
294 15 0 3.75
253 26 0 2.5
20 53 0 1.75
42 26 0 3.75
34 11 0 3.25
168 12 0 1.25
34 7 0 1.5
36 21 0 3.5
125 59 0 1.5
326 35 0 3.5
303 20 0 3.25
106 26 0 3.25
146 0 0 2.0
124 25 0 2.75
298 24 0 3.5
251 7 0 1.25
268 1 0 2.25
234 7 0 2.0
5 9 0 1.5
2 22 0 4.0
77 4 0 2.5
336 23 0 2.25
94 27 0 2.25
305 24 0 3.25
4 14 0 3.75
229 1 0 3.5
43 7 0 3.5
211 0 0 1.25
31 10 0 3.25
72 26 0 1.75
328 12 0 2.0
58 5 0 2.75
163 1 0 2.25
162 9 0 2.25
245 72 0 1.25
311 2 0 1.0
43 14 0 2.75
346 0 0 2.75
74 14 0 1.0
105 8 0 2.0
284 21 0 1.5
320 42 0 4.0
244 7 0 1.75
209 25 0 3.0
33 6 0 4.0
263 2 0 3.5
216 27 0 2.75
332 25 0 2.75
267 4 0 1.75
40 13 0 2.0
56 9 0 1.0
279 20 0 1.25
236 18 0 2.0
46 2 0 3.5
15 4 0 1.25
277 24 0 3.25
111 21 0 3.75
124 5 0 2.75
180 18 0 3.5
219 56 0 1.25
292 16 0 2.75
320 46 0 2.25
249 14 0 3.5
45 24 0 3.0
167 20 0 1.25
217 6 0 2.25
105 1 0 1.0
215 4 0 1.0
265 30 0 2.0
128 51 0 4.0
154 28 0 4.0
260 10 0 1.75
126 1 0 1.5
207 60 0 2.25
316 17 0 4.0
122 23 0 1.0
224 23 0 1.75
332 14 0 4.0
105 12 0 4.0
11 36 0 3.75
2 7 0 1.0
273 1 0 3.0
79 29 0 2.75
124 21 0 2.75
349 10 0 2.25
359 54 0 2.25
208 5 0 3.25
57 13 0 3.0
148 2 0 2.75
90 14 0 3.5
166 11 0 2.25
25 11 0 2.5
280 1 0 3.25
273 22 0 3.25
123 23 0 3.25
213 30 0 2.0
223 49 0 3.75
335 16 0 1.25
273 69 0 2.25
83 66 0 1.5
50 10 0 3.75
237 24 0 3.5
133 3 0 1.25
24 18 0 3.75
158 10 0 2.0
151 18 0 2.5
185 10 0 3.5
37 23 0 3.5
226 47 0 4.0
185 15 0 3.0
117 4 0 3.25
8 23 0 2.0
351 6 0 1.5
192 19 0 3.5
276 17 0 3.0
191 20 0 2.75
265 8 0 3.5
128 0 0 4.0
298 33 0 2.0
183 5 0 2.0
39 65 0 2.75
56 13 0 1.75
81 3 0 1.5
125 62 0 1.5
140 12 0 4.0
289 15 0 1.75
171 1 0 3.5
27 60 0 2.25
285 27 0 2.25
76 28 0 2.0
40 8 0 1.5
185 14 0 3.25
213 0 0 4.0
316 26 0 1.25
117 12 0 1.5
78 20 0 1.25
98 5 0 1.5
322 7 0 1.75
332 36 0 2.25
123 28 0 1.25
194 18 0 1.25
130 11 0 3.75
130 9 0 3.5
335 28 0 4.0
206 36 0 3.75
274 2 0 3.0
205 2 0 2.0
120 0 0 1.25
298 2 0 3.0
129 31 0 3.75
327 61 0 2.25
130 5 0 2.0
159 30 0 3.5
265 25 0 3.5
192 30 0 1.25
45 28 0 2.0
315 6 0 4.0
261 0 0 1.5
283 23 0 1.75
325 30 0 3.5
3 54 0 3.75
355 4 0 1.75
238 14 0 2.75
267 16 0 1.25
248 13 0 2.5
317 12 0 3.75
7 67 0 2.0
267 0 0 1.75
76 8 0 1.5
358 9 0 3.75
314 0 0 4.0
334 20 0 3.25
83 22 0 1.5
184 20 0 1.25
316 20 0 3.25
317 22 0 3.0
121 18 0 3.75
323 1 0 1.75
300 4 0 3.0
218 4 0 3.75
321 30 0 3.25
28 15 0 3.5
233 28 0 4.0
336 16 0 2.0
158 20 0 1.75
68 65 0 2.0
275 69 0 1.5
17 1 0 2.0
111 12 0 2.5
3 44 0 3.0
81 12 0 1.0
14 10 0 1.0
345 10 0 2.0
206 29 0 1.75
357 22 0 2.0
17 5 0 2.75
296 10 0 1.25
159 21 0 2.0
33 4 0 3.25
343 18 0 2.0
124 10 0 2.25
109 25 0 1.25
345 30 0 3.25
316 11 0 2.25
65 56 0 3.5
283 30 0 2.5
86 29 0 3.25
26 15 0 1.25
293 21 0 2.5
215 44 0 3.25
207 18 0 1.0
150 19 0 3.5
108 8 0 3.0
25 24 0 1.0
119 7 0 1.25
112 16 0 3.25
150 22 0 2.25
347 6 0 1.25
359 5 0 3.25
165 29 0 3.0
345 18 0 2.75
175 3 0 2.5
122 20 0 1.25
226 28 0 3.75
188 28 0 3.5
106 5 0 3.5
113 16 0 3.75
358 20 0 3.25
153 36 0 4.0
164 18 0 3.25
173 20 0 2.75
35 18 0 2.0
42 56 0 2.75
256 4 0 1.0
212 26 0 1.75
199 20 0 2.0
149 3 0 2.75
47 3 0 3.75
170 47 0 3.0
199 17 0 1.25
145 24 0 3.25
225 20 0 1.5
164 4 0 1.0
85 45 0 2.5
75 25 0 2.0
262 15 0 3.5
333 9 0 3.5
357 1 0 2.0
88 30 0 1.0
280 21 0 3.0
22 24 0 3.75
154 29 0 3.5
74 12 0 3.5
308 24 0 1.75
206 4 0 3.5
258 10 0 2.25
320 1 0 2.75
154 5 0 2.0
335 3 0 2.0
279 14 0 1.25
139 3 0 3.0
142 1 0 3.25
349 15 0 1.0
300 18 0 3.5
344 12 0 1.75
35 14 0 2.5
20 9 0 1.0
163 14 0 2.5
305 54 0 2.75
137 16 0 2.75
164 25 0 1.75
15 28 0 2.25
251 25 0 1.75
137 21 0 3.0
156 9 0 1.75
333 0 0 3.25
168 55 0 4.0
184 46 0 2.0
277 24 0 2.75
307 26 0 3.25
341 44 0 1.25
216 15 0 2.0
335 10 0 2.0
110 5 0 2.25
143 16 0 2.5
14 9 0 2.5
344 41 0 3.0
106 50 0 3.5
153 23 0 3.0
152 3 0 1.75
120 26 0 2.5
166 22 0 3.25
41 29 0 3.0
64 29 0 1.0
279 24 0 4.0
267 23 0 1.0
320 20 0 1.0
160 16 0 3.0
339 27 0 1.75
300 6 0 3.75
321 40 0 2.0
145 66 0 1.0
200 17 0 3.25
111 6 0 4.0
287 30 0 2.0
188 3 0 2.25
336 70 0 1.0
74 22 0 4.0
8 49 0 2.0
53 33 0 1.25
212 9 0 1.5
151 23 0 3.25
35 30 0 2.75
266 26 0 3.25
269 26 0 1.5
271 21 0 1.75
21 30 0 1.0
186 10 0 1.75
41 3 0 3.75
231 12 0 3.75
319 5 0 3.5
219 68 0 1.0
303 42 0 3.0
178 24 0 1.25
25 22 0 1.5
272 14 0 1.25
56 20 0 2.25
316 26 0 3.75
356 17 0 4.0
91 26 0 2.75
94 24 0 4.0
171 35 0 2.5
175 23 0 2.5
185 9 0 1.75
151 16 0 3.0
288 23 0 3.75
178 20 0 2.0
221 28 0 1.0
272 1 0 3.75
148 1 0 4.0
312 7 0 3.5
158 0 0 2.25
326 22 0 3.5
44 13 0 3.25
301 5 0 3.25
164 7 0 3.0
100 13 0 3.0
228 25 0 3.25
53 27 0 1.0
224 36 0 1.75
215 44 0 1.0
19 22 0 1.0
324 7 0 2.25
218 23 0 2.25
15 19 0 3.5
295 21 0 3.0
76 15 0 1.25
124 13 0 3.0
279 29 0 1.5
250 69 0 2.0
171 11 0 2.0
211 21 0 2.5
164 19 0 1.75
157 25 0 2.0
45 4 0 3.25
88 26 0 3.25
193 7 0 2.25
252 21 0 1.75
359 25 0 1.5
159 23 0 1.25
66 7 0 2.5
328 7 0 3.25
264 21 0 4.0
23 18 0 4.0
188 11 0 2.75
152 74 0 3.0
123 11 0 1.75
278 0 0 3.25
210 21 0 3.75
188 0 0 1.25
139 20 0 1.75
338 13 0 3.0
320 56 0 1.75
261 23 0 2.0
9 5 0 1.0
10 8 0 3.0
163 20 0 1.5
185 0 0 3.5
66 68 0 3.75
168 4 0 1.0
125 53 0 1.0
247 13 0 3.0
4 26 0 1.0
299 53 0 3.0
243 14 0 3.75
66 14 0 3.5
352 30 0 1.25
5 28 0 3.75
72 27 0 3.5
35 3 0 1.5
133 3 0 2.75
209 4 0 3.0
153 11 0 3.0
44 6 0 3.0
233 80 0 2.75
358 15 0 3.5
18 28 0 4.0
282 23 0 2.25
273 3 0 1.25
351 5 0 1.5
277 51 0 2.0
292 54 0 1.0
349 24 0 3.75
183 32 0 2.25
290 10 0 1.5
323 12 0 2.5
236 16 0 1.0
68 12 0 3.0
185 21 0 3.5
312 11 0 2.5
23 12 0 3.75
0 71 0 3.0
152 35 0 4.0
284 17 0 3.75
167 15 0 2.0
263 29 0 1.0
229 14 0 2.25
229 1 0 2.75
225 27 0 1.75
288 21 0 3.5
110 20 0 2.5
173 0 0 1.0
177 22 0 1.75
130 20 0 3.5
301 26 0 1.5
180 28 0 1.0
244 0 0 3.5
109 23 0 4.0
351 27 0 3.0
118 25 0 2.75
246 0 0 3.0
353 2 0 4.0
189 24 0 1.0
332 13 0 4.0
126 24 0 3.0
106 25 0 2.5
215 11 0 2.0
206 1 0 4.0
31 25 0 4.0
356 2 0 2.75
207 10 0 2.75
303 22 0 4.0
322 5 0 2.25
246 3 0 1.0
296 12 0 4.0
270 17 0 3.0
83 8 0 2.25
16 6 0 2.5
26 0 0 3.5
149 15 0 2.5
94 26 0 2.25
308 14 0 3.0
4 6 0 2.25
88 22 0 1.5
14 39 0 2.75
25 27 0 2.0
178 13 0 2.75
138 12 0 2.5
251 68 0 2.25
209 21 0 3.75
158 17 0 2.5
169 8 0 1.5
27 25 0 3.25
169 10 0 3.25
260 2 0 3.75
319 21 0 4.0
328 3 0 3.5
215 11 0 3.0
202 8 0 2.25
93 4 0 3.0
167 21 0 3.5
1 22 0 3.25
103 15 0 3.0
292 12 0 3.0
65 23 0 1.5
227 72 0 2.75
164 9 0 3.25
161 27 0 2.75
253 18 0 1.5
263 20 0 3.25
338 12 0 3.0
234 21 0 1.0
111 1 0 2.0
187 18 0 3.75
284 9 0 3.5
151 17 0 1.5
280 6 0 3.25
167 3 0 1.25
226 15 0 1.25
119 2 0 3.0
28 20 0 3.5
28 30 0 1.25
313 17 0 4.0
255 1 0 1.25
233 22 0 2.0
199 28 0 2.5
347 75 0 2.5
212 25 0 3.5
97 17 0 3.75
73 29 0 1.75
329 23 0 2.5
111 23 0 1.75
84 3 0 3.25
339 6 0 2.75
21 33 0 4.0
172 25 0 3.25
314 24 0 1.75
94 18 0 3.25
98 6 0 1.0
344 13 0 2.5
98 17 0 3.5
293 26 0 3.75
142 9 0 2.0
236 8 0 2.0
148 8 0 3.0
195 15 0 3.5
145 5 0 2.5
13 1 0 1.25
43 22 0 1.0
55 23 0 1.75
349 30 0 4.0
282 27 0 1.75
165 26 0 2.5
72 18 0 3.0
250 13 0 2.25
88 30 0 3.0
61 3 0 1.25
267 21 0 3.5
231 16 0 2.0
183 41 0 2.75
212 38 0 3.5
328 24 0 3.75
184 25 0 1.75
224 18 0 3.25
201 13 0 3.25
229 29 0 4.0
32 2 0 3.25
280 13 0 1.0
207 5 0 1.75
315 14 0 1.25
140 28 0 1.5
26 21 0 2.5
26 19 0 2.25
291 4 0 3.75
0 21 0 1.0
241 21 0 2.5
159 20 0 4.0
175 3 0 2.0
352 5 0 2.75
11 24 0 2.5
88 17 0 2.75
297 5 0 2.0
40 14 0 2.25
300 33 0 1.75
83 18 0 3.0
187 2 0 2.25
66 19 0 1.75
201 17 0 3.0
257 16 0 3.25
318 76 0 3.25
259 24 0 1.0
321 17 0 2.75
5 30 0 3.75
159 21 0 3.0
33 9 0 2.25
63 27 0 3.25
100 31 0 2.25
170 21 0 1.75
164 29 0 3.25
317 8 0 2.75
285 14 0 3.5
170 9 0 1.75
135 8 0 3.0
56 28 0 2.0
288 8 0 3.5
222 5 0 3.0
118 79 0 4.0
184 20 0 2.0
109 24 0 3.25
238 30 0 1.25
351 15 0 1.0
299 20 0 3.0
275 7 0 2.75
290 32 0 2.25
214 19 0 1.25
145 8 0 1.5
142 15 0 2.0
202 29 0 2.25
290 25 0 2.25
95 5 0 2.75
229 2 0 2.25
91 17 0 3.5
110 17 0 4.0
13 24 0 2.0
284 19 0 2.25
8 29 0 1.0
115 22 0 1.0
237 3 0 3.5
42 64 0 2.75
160 21 0 2.0
228 9 0 1.5
258 16 0 3.5
217 5 0 3.0
188 21 0 3.0
163 12 0 1.25
299 28 0 2.5
265 1 0 1.5
339 21 0 2.75
62 6 0 3.5
64 26 0 2.25
244 28 0 1.75
248 52 0 3.0
108 0 0 2.0
176 22 0 2.25
152 59 0 1.0
190 10 0 3.75
231 9 0 1.0
140 47 0 3.25
321 11 0 2.75
60 11 0 2.0
310 15 0 1.75
59 4 0 4.0
225 25 0 1.75
232 40 0 3.0
242 19 0 1.0
0 9 0 1.75
106 27 0 1.25
291 17 0 1.5
215 51 0 3.75
315 28 0 1.75
320 60 0 1.0
301 9 0 1.0
30 15 0 2.75
192 23 0 3.5
280 49 0 1.0
17 18 0 3.25
