70 11 0 2.75
232 16 0 1.75
329 23 0 2.0
167 14 0 3.75
76 46 0 3.5
279 0 0 2.0
17 -24 0 3.75
5 10 0 4.0
9 5 0 3.25
209 60 0 3.75
284 14 0 3.25
43 -41 0 4.0
306 7 0 3.75
322 14 0 3.0
196 14 0 2.25
47 10 0 2.75
161 5 0 2.75
125 9 0 3.25
229 -3 0 1.75
211 27 0 2.0
126 -8 0 2.75
124 16 0 2.25
48 -40 0 3.25
213 43 0 3.0
174 23 0 1.5
31 -19 0 1.5
269 -17 0 3.25
77 18 0 1.75
44 18 0 3.25
294 14 0 3.0
321 13 0 4.0
9 9 0 4.0
12 2 0 3.25
96 4 0 3.75
106 30 0 3.5
104 1 0 1.75
213 5 0 1.75
329 9 0 3.75
59 7 0 3.0
61 13 0 3.5
282 4 0 2.5
322 74 0 2.5
15 9 0 1.75
19 11 0 2.25
107 -8 0 2.75
266 10 0 1.5
329 22 0 4.0
166 -35 0 4.0
336 8 0 1.75
157 26 0 1.5
109 29 0 3.5
59 0 0 3.75
196 11 0 4.0
219 26 0 1.75
131 3 0 3.25
93 13 0 3.75
48 23 0 3.25
320 77 0 3.5
79 -26 0 3.75
165 25 0 3.75
29 14 0 3.0
147 29 0 3.25
122 -22 0 4.0
45 21 0 2.75
19 16 0 3.75
269 5 0 3.5
4 7 0 3.25
9 13 0 1.75
325 0 0 4.0
284 5 0 3.75
119 15 0 3.0
32 20 0 2.25
165 24 0 3.5
52 12 0 2.0
39 11 0 2.75
275 28 0 1.75
118 4 0 3.0
298 -24 0 2.5
250 25 0 2.75
44 29 0 1.75
195 7 0 3.5
338 9 0 2.25
4 8 0 2.75
310 11 0 2.0
301 5 0 3.0
159 1 0 3.0
293 26 0 2.0
160 18 0 2.75
31 6 0 3.75
301 7 0 3.25
170 8 0 2.75
297 22 0 2.5
124 3 0 3.5
132 27 0 2.75
40 7 0 2.75
105 -19 0 3.25
273 7 0 2.5
177 30 0 1.75
24 -5 0 2.5
104 24 0 1.75
167 41 0 2.25
271 -17 0 2.25
271 28 0 2.75
20 10 0 3.0
312 28 0 3.25
165 25 0 3.0
193 20 0 3.25
336 26 0 4.0
20 22 0 4.0
208 0 0 4.0
184 19 0 3.75
275 28 0 3.75
172 37 0 2.25
249 -14 0 3.5
310 8 0 2.25
113 7 0 3.75
99 27 0 4.0
118 12 0 1.5
277 13 0 4.0
298 1 0 3.75
266 5 0 1.5
281 29 0 4.0
248 2 0 3.5
301 18 0 3.75
299 -44 0 3.5
308 29 0 2.5
63 5 0 3.75
225 29 0 2.75
274 9 0 3.75
310 28 0 3.25
168 3 0 3.25
99 9 0 1.5
51 41 0 3.75
15 -4 0 1.5
231 21 0 1.5
189 79 0 2.0
323 58 0 3.25
149 23 0 4.0
18 -34 0 2.0
72 20 0 3.5
277 14 0 2.75
330 17 0 2.25
349 11 0 2.25
22 27 0 2.25
202 16 0 4.0
72 2 0 2.25
342 15 0 2.0
255 -37 0 3.25
240 29 0 3.0
286 -12 0 3.25
223 17 0 4.0
312 8 0 2.75
133 10 0 4.0
297 3 0 4.0
151 -12 0 1.75
170 28 0 3.5
56 1 0 3.5
19 19 0 3.0
304 3 0 4.0
20 15 0 3.0
129 10 0 1.5
129 6 0 2.0
36 2 0 3.5
119 2 0 2.5
335 17 0 3.75
69 5 0 3.25
329 30 0 2.75
169 28 0 3.75
129 8 0 4.0
352 9 0 2.25
56 10 0 2.0
32 29 0 3.5
246 14 0 4.0
261 13 0 2.75
165 5 0 3.75
105 11 0 3.75
188 27 0 3.0
212 12 0 3.0
90 25 0 1.5
22 -14 0 2.5
306 -44 0 2.5
237 0 0 2.25
147 2 0 3.0
351 8 0 2.0
283 19 0 2.75
298 24 0 2.0
198 10 0 4.0
29 2 0 2.25
87 24 0 3.75
322 11 0 3.25
268 -21 0 4.0
332 49 0 3.25
301 21 0 2.0
95 16 0 1.75
5 0 0 3.75
304 27 0 3.5
8 20 0 4.0
28 17 0 1.75
72 18 0 3.0
343 25 0 3.5
313 12 0 1.5
37 5 0 3.0
169 4 0 2.75
334 28 0 4.0
203 0 0 3.5
248 25 0 3.75
102 30 0 3.5
86 26 0 2.75
0 20 0 2.5
345 10 0 3.0
90 27 0 3.75
301 28 0 3.75
306 74 0 3.75
268 -19 0 3.5
44 2 0 3.25
287 3 0 1.5
146 -16 0 2.75
303 -29 0 4.0
111 11 0 2.0
265 21 0 2.0
236 29 0 2.5
34 -2 0 2.5
69 3 0 2.0
188 12 0 2.75
307 6 0 1.75
233 6 0 3.0
29 0 0 2.25
276 15 0 3.5
110 66 0 1.5
219 53 0 1.5
205 7 0 1.5
9 69 0 3.5
237 -19 0 1.5
172 6 0 3.75
159 7 0 1.75
154 9 0 3.0
326 -35 0 3.5
33 2 0 3.25
47 14 0 3.0
288 -1 0 2.0
148 -12 0 2.5
29 30 0 2.25
214 14 0 1.75
313 1 0 3.25
107 2 0 3.5
237 6 0 3.5
322 3 0 3.75
87 21 0 4.0
105 24 0 4.0
10 8 0 2.25
242 2 0 1.75
222 25 0 1.75
35 14 0 2.5
146 29 0 3.5
177 18 0 3.0
144 13 0 3.5
188 -5 0 4.0
263 14 0 2.5
83 6 0 3.25
65 2 0 3.25
189 24 0 3.25
118 7 0 4.0
252 24 0 1.75
165 28 0 2.5
328 -15 0 3.0
89 21 0 3.75
252 1 0 1.75
339 28 0 2.0
282 8 0 2.5
166 12 0 1.5
104 12 0 2.5
303 26 0 1.5
7 14 0 1.5
103 2 0 3.25
34 19 0 4.0
216 -2 0 1.75
43 14 0 2.5
333 21 0 1.5
247 2 0 2.0
192 2 0 3.25
156 6 0 1.5
325 17 0 2.25
345 21 0 1.75
202 -12 0 3.0
250 29 0 2.25
299 19 0 4.0
349 30 0 3.5
325 14 0 2.75
110 20 0 1.5
235 17 0 2.25
158 5 0 1.5
296 -38 0 2.75
278 9 0 3.75
126 22 0 2.0
21 6 0 3.75
220 23 0 3.25
319 64 0 2.0
53 24 0 2.0
280 7 0 2.75
10 19 0 2.5
2 0 0 1.5
174 19 0 3.25
41 28 0 2.75
17 0 0 3.0
24 12 0 1.5
41 17 0 3.5
134 22 0 1.5
330 4 0 2.75
319 21 0 3.0
315 30 0 2.75
168 2 0 4.0
339 28 0 3.0
329 5 0 3.5
99 -15 0 2.0
337 10 0 4.0
24 14 0 2.5
121 29 0 1.5
191 8 0 2.25
230 23 0 2.0
335 17 0 3.5
234 8 0 3.25
350 5 0 3.25
337 10 0 2.75
226 0 0 2.25
33 22 0 3.0
241 -19 0 2.75
342 28 0 1.5
130 6 0 2.0
328 21 0 3.5
47 5 0 2.0
52 10 0 3.5
140 29 0 2.0
328 -30 0 3.25
348 14 0 3.0
253 62 0 3.0
10 17 0 4.0
127 7 0 2.75
48 16 0 4.0
334 12 0 2.0
208 17 0 2.75
139 17 0 1.5
122 13 0 2.0
93 4 0 3.75
324 28 0 4.0
177 11 0 3.75
138 19 0 2.5
255 15 0 2.75
257 3 0 2.75
51 11 0 3.75
319 11 0 4.0
38 9 0 2.75
177 22 0 3.0
342 19 0 2.0
63 4 0 2.75
162 21 0 2.25
117 21 0 3.25
218 19 0 2.5
22 27 0 4.0
91 2 0 2.5
323 18 0 2.25
230 18 0 3.5
313 4 0 4.0
347 -8 0 1.5
351 27 0 3.25
251 26 0 3.75
246 27 0 3.5
125 19 0 3.25
202 49 0 3.75
316 20 0 4.0
296 1 0 2.25
289 7 0 2.0
80 6 0 2.75
192 15 0 2.75
254 15 0 4.0
215 26 0 1.5
304 29 0 4.0
290 4 0 2.25
123 2 0 3.25
6 5 0 1.75
284 25 0 2.75
150 16 0 3.0
113 5 0 1.5
260 -6 0 3.0
302 29 0 2.0
47 22 0 2.0
62 6 0 1.75
273 10 0 1.75
235 6 0 2.0
248 14 0 3.0
299 19 0 3.75
218 24 0 2.5
157 17 0 1.5
85 17 0 3.5
355 34 0 2.0
329 -14 0 1.75
38 26 0 3.25
204 0 0 2.25
68 17 0 1.75
198 13 0 3.25
51 13 0 2.0
204 14 0 2.5
48 24 0 2.25
285 -33 0 3.0
165 28 0 4.0
90 16 0 2.25
10 1 0 3.75
199 12 0 2.5
283 18 0 2.0
262 -4 0 1.75
296 5 0 1.75
160 6 0 2.0
259 20 0 2.75
244 19 0 2.75
319 21 0 3.25
144 12 0 3.75
287 20 0 3.25
88 9 0 3.25
89 13 0 2.5
234 7 0 3.0
264 46 0 4.0
39 30 0 2.25
126 2 0 2.0
288 0 0 3.0
9 2 0 3.0
190 11 0 1.5
83 -27 0 4.0
116 7 0 2.0
6 6 0 3.75
143 27 0 3.5
254 29 0 3.75
35 1 0 3.25
14 23 0 3.75
278 26 0 4.0
315 5 0 2.5
23 18 0 2.0
128 2 0 2.25
168 0 0 3.75
62 25 0 2.0
118 12 0 1.75
96 10 0 1.75
247 22 0 3.0
190 28 0 1.5
155 7 0 3.75
345 12 0 1.5
150 8 0 2.5
147 2 0 2.5
204 22 0 3.0
210 0 0 3.75
87 29 0 1.75
348 12 0 2.5
156 1 0 2.0
56 -29 0 1.5
163 30 0 3.0
235 1 0 1.5
21 15 0 3.0
296 -26 0 2.5
172 28 0 3.75
33 15 0 3.25
161 4 0 1.5
215 0 0 3.5
329 26 0 2.5
341 17 0 3.0
43 21 0 1.75
60 22 0 3.25
152 15 0 1.75
231 29 0 2.75
260 25 0 3.25
144 35 0 1.5
130 6 0 3.0
305 27 0 3.5
35 13 0 3.0
215 3 0 3.75
167 -7 0 2.75
48 29 0 1.5
284 25 0 4.0
251 23 0 3.75
211 14 0 2.75
219 21 0 4.0
189 5 0 4.0
136 -29 0 3.0
111 46 0 3.0
260 25 0 1.5
305 29 0 2.75
338 9 0 2.75
161 22 0 3.0
220 4 0 3.5
183 -13 0 3.0
116 13 0 1.75
161 -10 0 1.75
222 15 0 2.5
201 23 0 2.5
157 5 0 4.0
356 49 0 4.0
10 4 0 1.5
186 -24 0 3.25
182 25 0 2.0
38 69 0 1.5
211 7 0 2.5
133 14 0 3.0
302 0 0 4.0
218 20 0 1.75
114 30 0 2.0
283 7 0 4.0
56 14 0 1.75
316 22 0 2.0
194 0 0 3.0
150 24 0 3.0
273 12 0 2.75
305 11 0 2.75
252 8 0 1.75
205 1 0 3.75
239 21 0 2.25
294 17 0 4.0
353 25 0 1.5
105 28 0 2.25
265 2 0 1.75
313 12 0 2.0
246 21 0 3.25
260 12 0 3.5
333 14 0 1.75
87 15 0 4.0
87 17 0 3.25
42 18 0 1.75
126 17 0 3.0
234 6 0 3.75
129 25 0 2.75
307 -28 0 2.25
103 11 0 2.0
353 30 0 2.5
233 3 0 1.75
120 11 0 2.75
200 -14 0 2.25
251 8 0 3.25
81 25 0 3.5
287 45 0 1.5
93 8 0 3.5
100 26 0 3.75
141 65 0 1.75
79 16 0 2.5
163 78 0 3.75
358 0 0 1.5
139 12 0 4.0
78 21 0 3.75
107 -26 0 2.5
225 10 0 3.75
203 17 0 3.0
183 25 0 3.0
112 20 0 3.0
359 11 0 4.0
212 77 0 1.5
134 66 0 3.25
27 7 0 2.5
179 25 0 1.75
248 28 0 3.5
132 27 0 2.25
32 16 0 2.25
295 26 0 3.75
313 18 0 2.75
286 5 0 2.25
72 19 0 2.75
290 5 0 3.25
335 10 0 3.75
200 13 0 3.0
275 5 0 1.75
221 16 0 4.0
39 14 0 1.5
342 8 0 3.75
219 10 0 3.0
199 46 0 1.5
88 4 0 4.0
159 18 0 3.75
347 30 0 2.75
166 29 0 4.0
204 21 0 2.0
68 3 0 2.5
228 30 0 1.5
94 9 0 1.75
114 23 0 1.75
238 -22 0 1.5
69 19 0 1.5
57 29 0 2.0
42 13 0 1.75
261 12 0 1.75
25 25 0 2.75
359 23 0 3.5
147 25 0 1.75
174 12 0 1.75
161 2 0 4.0
305 15 0 1.5
265 0 0 3.5
113 -21 0 3.5
202 15 0 1.5
318 19 0 3.0
324 72 0 2.0
57 46 0 3.25
158 6 0 1.75
121 13 0 3.5
326 30 0 2.0
60 9 0 2.25
2 25 0 4.0
223 -27 0 3.25
238 23 0 3.25
9 17 0 2.75
284 16 0 3.5
100 19 0 2.5
4 7 0 3.75
74 26 0 3.75
257 4 0 3.0
96 20 0 2.5
144 34 0 2.75
118 18 0 4.0
115 21 0 3.25
319 1 0 4.0
162 0 0 3.75
28 3 0 3.25
179 15 0 3.0
215 30 0 3.5
42 47 0 2.0
291 28 0 2.25
249 28 0 3.25
185 5 0 3.75
55 13 0 4.0
88 24 0 2.25
60 13 0 1.75
183 25 0 3.25
140 67 0 3.5
317 17 0 3.75
51 16 0 3.75
298 23 0 2.75
22 4 0 3.25
95 9 0 1.5
290 6 0 3.75
304 8 0 3.25
285 18 0 1.75
219 14 0 3.25
334 1 0 1.5
303 17 0 2.5
89 18 0 2.0
286 24 0 1.75
143 15 0 1.5
305 26 0 3.0
225 6 0 2.75
136 -21 0 3.25
52 19 0 3.0
252 20 0 2.5
197 10 0 2.75
298 20 0 2.0
75 22 0 2.0
194 19 0 1.5
212 4 0 4.0
166 14 0 2.25
356 10 0 1.75
324 11 0 3.5
91 7 0 3.25
289 23 0 4.0
133 16 0 4.0
147 11 0 3.75
118 1 0 4.0
299 23 0 2.75
109 24 0 2.75
213 29 0 1.75
294 -17 0 2.75
65 4 0 2.0
328 19 0 3.25
139 3 0 2.5
105 24 0 1.5
154 -9 0 3.5
270 30 0 3.25
68 29 0 3.75
30 27 0 3.5
156 23 0 3.25
313 27 0 2.0
293 21 0 3.0
37 10 0 3.25
106 -13 0 2.0
354 21 0 3.25
231 3 0 3.75
304 3 0 2.0
32 0 0 2.0
105 26 0 1.5
263 8 0 3.75
341 21 0 3.25
200 38 0 3.5
22 13 0 2.75
198 4 0 2.25
345 -20 0 3.5
52 33 0 2.0
39 9 0 3.75
73 16 0 2.5
225 9 0 3.75
274 2 0 2.0
51 13 0 3.0
328 -18 0 1.75
309 17 0 3.0
64 18 0 1.75
101 18 0 2.0
146 53 0 4.0
346 13 0 1.5
159 24 0 2.75
169 31 0 3.75
221 0 0 2.75
331 27 0 3.25
43 9 0 1.75
31 7 0 3.5
353 17 0 3.5
144 25 0 1.5
303 12 0 2.5
124 7 0 3.0
100 24 0 3.25
316 17 0 3.75
355 7 0 3.25
23 20 0 1.5
90 3 0 2.5
235 50 0 1.75
214 42 0 3.25
240 5 0 3.25
137 19 0 2.0
338 -32 0 2.75
356 27 0 2.5
282 -25 0 2.5
348 16 0 3.25
150 4 0 4.0
163 1 0 2.0
84 1 0 1.75
220 14 0 2.25
137 18 0 4.0
296 23 0 3.5
181 -28 0 2.5
41 3 0 3.75
13 2 0 2.25
196 11 0 2.25
89 -9 0 3.0
188 17 0 2.75
74 9 0 3.75
275 11 0 2.5
237 18 0 4.0
187 16 0 4.0
11 24 0 1.5
62 -8 0 1.5
150 9 0 1.75
55 19 0 3.75
111 28 0 2.75
232 19 0 3.25
311 8 0 3.5
169 16 0 2.0
154 20 0 1.75
35 11 0 1.5
96 -4 0 2.75
213 23 0 2.0
323 15 0 3.25
165 26 0 2.0
154 -22 0 1.5
101 27 0 3.75
345 17 0 2.0
285 2 0 2.75
344 30 0 4.0
170 28 0 2.5
331 10 0 3.0
201 -14 0 1.75
42 20 0 3.0
231 8 0 1.5
142 57 0 2.5
277 23 0 2.5
351 3 0 2.75
283 3 0 1.75
161 27 0 2.5
55 5 0 1.5
106 19 0 3.5
101 2 0 2.75
97 24 0 2.0
74 30 0 3.25
139 3 0 2.0
8 22 0 1.5
155 4 0 1.5
176 5 0 4.0
321 4 0 2.0
57 2 0 2.25
48 10 0 3.0
88 22 0 2.25
193 10 0 3.0
333 21 0 3.75
68 10 0 1.75
137 0 0 2.75
263 19 0 3.0
219 25 0 2.0
306 23 0 2.5
188 29 0 2.25
221 11 0 4.0
161 31 0 2.75
190 19 0 3.5
23 6 0 1.75
243 3 0 2.75
136 24 0 2.25
324 17 0 4.0
180 1 0 2.75
358 2 0 3.25
131 29 0 3.75
78 7 0 3.5
189 14 0 2.75
358 26 0 3.75
76 16 0 1.5
182 27 0 4.0
284 9 0 3.5
184 18 0 1.75
174 18 0 2.75
330 27 0 2.0
18 3 0 4.0
53 19 0 3.75
131 6 0 3.25
37 14 0 2.5
65 10 0 2.75
94 2 0 3.25
163 -24 0 2.5
180 17 0 2.5
112 13 0 2.5
325 7 0 2.0
114 21 0 1.75
268 9 0 2.75
353 3 0 1.75
175 22 0 2.0
69 13 0 3.75
97 -48 0 3.75
262 23 0 4.0
134 14 0 2.25
35 1 0 1.5
122 62 0 2.75
246 13 0 2.75
352 3 0 2.5
279 24 0 3.0
214 6 0 3.25
125 19 0 1.75
137 20 0 4.0
16 24 0 2.0
286 4 0 3.25
44 27 0 3.0
191 50 0 2.75
285 7 0 3.5
291 24 0 2.0
231 1 0 3.25
18 4 0 3.25
255 10 0 1.75
213 -23 0 2.75
221 5 0 2.5
295 0 0 3.25
184 11 0 2.25
157 28 0 4.0
236 28 0 3.0
51 28 0 2.75
196 23 0 3.75
152 29 0 2.0
223 10 0 2.0
211 24 0 3.25
152 2 0 3.25
59 4 0 2.75
242 18 0 2.5
266 17 0 3.0
204 6 0 2.0
297 18 0 3.0
228 28 0 2.75
79 11 0 3.75
159 0 0 1.5
133 54 0 2.25
2 21 0 4.0
209 17 0 3.0
94 15 0 2.5
24 5 0 3.75
3 14 0 3.5
174 -10 0 3.0
235 -32 0 2.25
231 7 0 3.75
58 21 0 4.0
151 12 0 1.75
89 17 0 3.0
155 10 0 2.5
201 15 0 2.0
75 16 0 1.75
223 13 0 1.75
68 16 0 1.75
201 7 0 2.0
75 24 0 1.5
137 4 0 1.75
222 18 0 1.75
349 19 0 3.25
211 26 0 4.0
176 13 0 3.0
219 -6 0 2.25
313 7 0 2.25
51 -19 0 1.5
212 24 0 2.0
303 10 0 2.0
134 17 0 3.0
164 59 0 4.0
225 11 0 2.25
63 25 0 3.5
226 18 0 2.25
297 4 0 4.0
303 22 0 1.75
319 14 0 2.75
266 14 0 1.5
278 11 0 2.0
192 8 0 3.25
66 12 0 3.0
249 5 0 2.0
301 20 0 3.5
65 -13 0 2.25
115 13 0 3.0
343 15 0 3.75
130 56 0 2.5
154 1 0 2.5
107 6 0 3.75
309 0 0 3.5
276 25 0 1.5
41 26 0 4.0
61 -8 0 3.75
341 17 0 3.25
340 15 0 3.5
251 0 0 4.0
253 21 0 4.0
188 -49 0 2.5
291 30 0 1.75
200 12 0 1.75
220 21 0 3.5
12 33 0 2.75
220 8 0 3.5
272 29 0 1.75
123 32 0 4.0
320 21 0 3.75
41 10 0 4.0
50 14 0 3.5
209 3 0 1.5
64 15 0 1.5
324 -25 0 2.25
160 29 0 1.75
323 8 0 1.75
282 12 0 3.5
162 4 0 4.0
188 30 0 3.5
320 -27 0 3.5
177 12 0 2.75
85 14 0 4.0
358 21 0 2.5
53 -11 0 3.75
201 17 0 3.5
195 31 0 3.5
54 11 0 2.25
63 -5 0 4.0
193 68 0 3.5
295 10 0 1.5
290 9 0 1.75
338 30 0 2.75
230 5 0 3.5
147 -14 0 3.0
55 21 0 3.25
11 24 0 3.5
282 19 0 3.75
226 28 0 1.75
158 30 0 1.75
65 22 0 2.5
268 22 0 1.5
131 17 0 2.75
297 16 0 2.5
332 3 0 3.75
143 23 0 3.0
110 12 0 2.75
335 29 0 3.0
338 17 0 3.75
350 11 0 2.25
239 6 0 2.75
74 10 0 1.75
118 21 0 4.0
224 20 0 1.75
13 -37 0 2.5
198 28 0 2.25
253 11 0 3.5
243 15 0 3.5
208 30 0 1.75
200 20 0 4.0
246 24 0 3.75
215 28 0 3.25
85 8 0 2.0
136 18 0 2.5
13 28 0 2.5
342 12 0 3.25
286 5 0 2.0
154 4 0 4.0
92 23 0 1.75
82 28 0 3.75
133 9 0 2.25
134 24 0 2.25
291 26 0 2.25
307 2 0 1.5
27 20 0 1.5
307 12 0 3.25
311 30 0 4.0
254 30 0 3.25
335 26 0 3.25
66 0 0 1.5
265 25 0 1.75
72 0 0 3.75
269 22 0 4.0
241 25 0 1.5
268 2 0 2.25
74 29 0 4.0
169 64 0 2.0
144 15 0 3.25
207 24 0 2.25
271 3 0 3.0
172 27 0 3.0
265 17 0 1.75
115 27 0 1.75
160 -36 0 3.75
5 22 0 2.75
59 28 0 2.0
59 17 0 3.75
176 -26 0 3.0
78 1 0 3.0
75 8 0 3.75
269 22 0 3.75
70 1 0 2.75
328 11 0 2.75
244 -23 0 3.0
138 7 0 1.75
5 29 0 3.75
74 26 0 3.5
123 11 0 3.75
234 4 0 3.5
204 53 0 3.5
283 18 0 1.5
168 30 0 3.25
343 8 0 2.75
108 28 0 3.75
72 25 0 3.0
344 2 0 4.0
58 57 0 4.0
166 16 0 4.0
126 18 0 2.5
273 9 0 2.75
198 22 0 3.75
246 3 0 4.0
339 14 0 2.0
328 -14 0 4.0
309 7 0 2.25
220 59 0 3.25
333 17 0 2.75
274 5 0 3.0
57 14 0 1.5
221 -27 0 2.75
107 20 0 2.5
228 17 0 2.5
48 18 0 2.0
68 -22 0 2.25
311 23 0 3.0
5 8 0 1.5
41 17 0 2.25
119 19 0 2.75
274 6 0 3.5
47 19 0 3.75
286 14 0 1.75
269 27 0 4.0
108 29 0 2.0
215 17 0 3.75
297 -7 0 1.5
105 4 0 4.0
45 2 0 2.25
165 26 0 4.0
346 15 0 2.5
233 28 0 2.5
268 17 0 2.0
304 18 0 1.75
333 30 0 4.0
234 19 0 2.5
264 34 0 2.0
12 22 0 3.75
294 14 0 3.75
123 2 0 2.75
280 29 0 3.25
16 29 0 2.0
352 2 0 2.5
64 14 0 3.75
322 24 0 2.25
31 7 0 2.25
106 -12 0 2.25
229 26 0 3.0
85 27 0 1.5
339 2 0 2.75
320 -38 0 3.75
134 17 0 2.75
258 8 0 2.75
225 -34 0 1.75
1 20 0 1.75
81 9 0 1.5
168 20 0 2.75
89 4 0 3.25
315 40 0 2.5
27 14 0 2.5
269 6 0 1.75
134 11 0 1.5
203 17 0 3.5
176 2 0 3.25
261 23 0 1.75
348 13 0 3.5
344 7 0 3.75
279 13 0 1.75
58 -27 0 2.0
83 26 0 4.0
293 28 0 1.75
272 29 0 2.75
275 19 0 3.5
208 15 0 3.25
156 30 0 4.0
152 11 0 2.75
133 25 0 3.75
326 41 0 3.0
135 24 0 1.5
147 -21 0 2.25
210 13 0 3.25
71 23 0 2.25
6 29 0 1.75
269 19 0 3.0
113 3 0 3.5
178 43 0 2.75
106 29 0 3.0
193 27 0 3.0
268 30 0 3.0
68 -20 0 2.0
197 13 0 3.75
30 28 0 3.75
100 14 0 3.0
73 28 0 1.75
17 6 0 2.0
210 24 0 3.75
129 11 0 2.0
251 -47 0 2.25
256 9 0 3.0
351 24 0 1.75
331 0 0 3.75
19 9 0 3.75
52 27 0 3.25
189 24 0 4.0
321 9 0 2.0
1 8 0 1.75
359 11 0 2.75
266 15 0 2.0
143 7 0 4.0
167 -17 0 4.0
30 47 0 4.0
76 16 0 3.75
260 6 0 3.75
294 9 0 2.5
38 15 0 2.5
357 12 0 2.5
9 20 0 1.5
133 2 0 2.5
25 -27 0 3.0
15 27 0 3.5
170 -10 0 3.5
64 35 0 2.0
185 38 0 3.5
278 23 0 2.75
47 19 0 3.5
326 10 0 1.5
11 25 0 3.0
154 29 0 3.5
83 7 0 2.25
68 18 0 3.5
101 19 0 2.5
197 -27 0 1.5
131 8 0 2.5
200 9 0 2.0
99 4 0 2.0
35 22 0 3.5
108 16 0 3.0
337 16 0 3.0
191 30 0 3.5
74 27 0 1.75
292 20 0 3.0
93 14 0 2.0
281 26 0 2.0
293 22 0 2.0
93 -2 0 3.0
158 8 0 1.5
332 24 0 3.25
39 11 0 3.25
136 1 0 3.0
190 -24 0 3.0
152 17 0 3.25
25 15 0 3.5
308 29 0 2.75
125 27 0 3.25
242 29 0 4.0
150 -2 0 2.25
270 25 0 2.25
354 19 0 3.25
161 -44 0 2.25
316 18 0 2.0
276 12 0 2.75
158 30 0 1.5
42 -1 0 1.5
355 9 0 3.0
118 18 0 2.75
125 28 0 4.0
251 28 0 3.0
30 -7 0 1.5
293 3 0 2.25
315 10 0 3.25
335 -20 0 3.75
328 20 0 1.5
334 30 0 3.5
207 24 0 3.75
277 23 0 3.25
340 -23 0 2.75
228 17 0 3.5
86 18 0 1.75
233 8 0 3.75
139 2 0 1.5
342 4 0 2.5
354 62 0 1.5
34 3 0 3.25
175 17 0 2.75
355 7 0 4.0
251 10 0 3.75
227 7 0 2.75
340 21 0 2.5
174 16 0 2.25
57 11 0 4.0
158 59 0 3.75
53 40 0 2.75
166 -29 0 4.0
220 7 0 3.25
328 13 0 2.0
336 -23 0 2.5
61 2 0 2.25
330 9 0 3.5
143 9 0 3.25
324 15 0 2.25
253 -27 0 3.25
182 3 0 2.0
9 6 0 2.25
191 -20 0 2.0
139 13 0 3.25
4 11 0 2.25
174 2 0 3.5
152 6 0 2.5
16 12 0 2.25
263 12 0 1.5
209 26 0 3.0
316 22 0 1.75
195 30 0 2.5
203 7 0 1.75
67 29 0 1.75
186 7 0 3.75
218 -15 0 2.0
273 26 0 2.75
219 30 0 2.5
339 29 0 3.25
21 11 0 2.5
139 27 0 2.5
225 12 0 2.25
329 25 0 1.75
117 -12 0 4.0
270 17 0 3.5
204 27 0 2.0
108 27 0 3.0
148 9 0 3.0
124 6 0 4.0
210 28 0 3.0
83 28 0 1.75
81 0 0 3.25
170 2 0 2.25
30 -27 0 2.0
232 5 0 2.75
61 11 0 2.75
337 41 0 2.75
115 14 0 2.0
26 1 0 1.5
242 73 0 3.75
243 11 0 1.75
345 9 0 3.25
175 26 0 3.75
290 15 0 4.0
131 16 0 1.5
275 24 0 3.0
40 11 0 2.5
48 26 0 2.75
245 0 0 1.75
62 0 0 3.75
92 -8 0 3.75
135 23 0 3.0
347 11 0 2.5
158 15 0 2.25
163 14 0 2.0
117 0 0 2.0
178 25 0 3.75
328 21 0 1.5
335 -8 0 2.75
355 28 0 2.25
341 10 0 2.75
240 2 0 2.25
318 15 0 2.5
358 29 0 1.5
57 31 0 3.75
215 0 0 3.25
214 6 0 2.25
333 20 0 3.5
297 7 0 2.0
246 25 0 3.0
238 24 0 3.0
233 17 0 2.5
238 16 0 2.0
163 10 0 3.5
293 30 0 3.25
142 0 0 3.75
94 6 0 1.75
91 6 0 2.25
52 -25 0 2.5
66 5 0 2.25
141 18 0 3.0
281 22 0 2.0
147 7 0 2.5
25 9 0 4.0
37 9 0 3.25
103 22 0 3.25
35 16 0 2.0
108 12 0 2.25
112 9 0 3.0
351 26 0 4.0
96 18 0 2.5
137 24 0 3.5
110 13 0 2.5
310 -18 0 3.0
279 6 0 3.25
351 13 0 4.0
121 3 0 1.5
238 -16 0 3.0
37 19 0 2.0
184 7 0 3.25
190 22 0 2.5
153 21 0 2.5
181 23 0 4.0
305 17 0 1.5
7 30 0 4.0
343 11 0 2.75
104 24 0 2.0
245 24 0 3.25
233 26 0 3.0
171 17 0 1.5
3 1 0 2.5
213 20 0 1.75
55 21 0 3.0
17 29 0 3.75
125 14 0 3.75
252 15 0 3.25
351 12 0 1.5
241 14 0 3.75
342 12 0 3.75
11 11 0 2.5
287 52 0 2.25
301 52 0 1.75
132 -4 0 3.75
75 11 0 1.75
234 13 0 1.75
165 0 0 2.25
170 30 0 1.75
166 17 0 1.5
123 -8 0 2.25
273 23 0 3.5
122 -18 0 2.0
46 15 0 2.0
334 -34 0 2.5
203 2 0 2.25
95 25 0 1.5
56 28 0 1.75
78 28 0 1.5
156 1 0 1.5
46 3 0 3.25
314 10 0 3.0
142 23 0 4.0
142 20 0 1.5
40 4 0 2.5
345 -9 0 3.5
23 0 0 2.0
183 7 0 3.25
336 4 0 3.75
125 4 0 3.75
150 23 0 2.25
98 23 0 2.0
1 56 0 2.25
318 12 0 1.75
232 18 0 3.5
280 3 0 2.25
249 0 0 2.75
188 4 0 3.25
354 3 0 3.25
164 3 0 3.0
41 6 0 3.5
121 73 0 3.75
108 -4 0 2.5
282 24 0 2.0
345 19 0 2.25
309 1 0 2.5
198 18 0 2.5
146 -15 0 2.0
140 26 0 4.0
203 6 0 2.75
77 0 0 2.0
85 26 0 2.75
342 0 0 2.75
266 -29 0 3.75
330 5 0 1.75
108 16 0 1.5
43 16 0 1.5
307 29 0 3.5
240 0 0 4.0
144 -30 0 3.75
34 2 0 3.25
65 11 0 4.0
253 19 0 3.25
350 20 0 3.0
276 21 0 1.75
245 10 0 2.0
161 5 0 3.25
70 13 0 2.5
21 4 0 3.5
99 1 0 3.25
116 1 0 3.75
77 0 0 3.75
242 18 0 3.25
194 17 0 3.75
285 28 0 2.5
257 2 0 2.0
177 11 0 2.5
170 29 0 1.5
352 11 0 3.0
87 -4 0 4.0
251 29 0 3.5
230 23 0 2.75
40 15 0 1.75
288 -34 0 1.5
351 20 0 1.75
328 0 0 1.75
141 22 0 3.75
124 14 0 2.5
174 4 0 3.0
19 14 0 3.0
244 20 0 4.0
173 19 0 3.0
316 21 0 3.5
181 26 0 3.0
107 9 0 2.5
119 -9 0 3.5
15 1 0 1.5
274 -30 0 3.75
299 -30 0 1.5
336 28 0 3.75
63 26 0 3.25
246 11 0 3.25
87 -12 0 4.0
325 21 0 2.75
74 18 0 3.75
1 3 0 3.0
97 19 0 3.0
61 21 0 3.75
193 5 0 2.25
85 15 0 3.75
43 9 0 3.75
356 28 0 3.75
301 -8 0 2.0
150 22 0 4.0
341 24 0 1.5
181 8 0 3.75
118 28 0 3.25
20 14 0 3.25
114 10 0 3.5
100 11 0 1.5
202 5 0 3.75
358 13 0 1.75
171 1 0 3.25
268 21 0 3.25
11 25 0 2.0
110 22 0 4.0
346 5 0 3.5
352 30 0 3.0
128 18 0 2.0
283 8 0 2.0
299 19 0 3.0
335 28 0 4.0
21 -21 0 3.75
204 28 0 3.25
318 30 0 2.75
328 7 0 4.0
122 1 0 3.25
114 5 0 2.75
137 19 0 3.25
100 14 0 4.0
330 7 0 1.75
234 -6 0 2.25
59 11 0 3.75
209 11 0 1.5
310 11 0 2.25
306 -5 0 1.75
334 18 0 3.0
224 17 0 3.25
107 9 0 2.25
293 30 0 1.75
109 5 0 1.5
323 27 0 2.5
337 12 0 3.0
16 16 0 2.0
114 12 0 3.25
125 5 0 3.75
166 28 0 1.75
278 18 0 3.25
18 15 0 2.75
225 10 0 4.0
295 59 0 3.0
308 32 0 4.0
12 26 0 1.75
86 26 0 2.25
347 12 0 3.75
17 28 0 1.75
151 17 0 2.5
271 24 0 2.5
230 2 0 3.5
310 30 0 4.0
73 10 0 2.75
184 12 0 3.25
221 12 0 4.0
323 16 0 2.75
344 23 0 2.5
236 13 0 3.0
13 3 0 1.5
113 53 0 2.0
229 29 0 2.75
245 7 0 1.5
221 21 0 2.25
85 4 0 1.75
283 12 0 1.5
151 2 0 2.75
307 1 0 2.75
90 -18 0 3.5
287 26 0 3.0
106 15 0 1.5
11 0 0 3.75
248 24 0 2.25
253 -27 0 2.5
340 29 0 4.0
231 19 0 3.0
133 -28 0 1.75
341 18 0 2.5
230 4 0 4.0
329 -2 0 3.5
326 24 0 4.0
324 28 0 2.5
12 7 0 1.75
139 11 0 3.0
300 17 0 3.75
321 29 0 3.75
2 59 0 3.25
216 5 0 2.0
143 25 0 2.25
311 19 0 3.75
333 4 0 2.25
269 24 0 4.0
231 21 0 4.0
193 28 0 2.5
146 24 0 3.5
328 5 0 2.25
173 16 0 4.0
143 2 0 2.5
357 11 0 2.0
164 -46 0 2.5
207 26 0 3.5
230 29 0 3.0
118 22 0 3.5
326 -7 0 2.75
38 -42 0 1.5
128 18 0 3.75
197 20 0 3.0
279 6 0 2.0
268 13 0 4.0
56 18 0 2.0
130 3 0 1.75
288 19 0 1.5
217 27 0 2.5
136 28 0 2.5
243 6 0 2.0
217 8 0 2.5
88 6 0 1.5
198 14 0 3.25
301 7 0 2.75
326 64 0 3.5
94 -30 0 4.0
333 15 0 4.0
17 21 0 2.75
352 27 0 2.25
40 17 0 1.75
185 30 0 4.0
113 12 0 3.0
12 18 0 3.75
188 -19 0 3.25
180 -19 0 3.75
188 4 0 3.0
333 4 0 1.75
315 9 0 3.25
269 26 0 4.0
296 6 0 2.25
28 27 0 2.25
352 20 0 1.75
72 1 0 3.5
328 21 0 3.0
75 10 0 3.25
195 8 0 1.75
323 8 0 1.5
275 25 0 3.25
352 21 0 1.75
119 19 0 1.5
78 -33 0 3.25
38 10 0 2.75
84 13 0 3.25
227 13 0 1.5
269 27 0 3.5
328 20 0 2.25
78 8 0 2.5
250 5 0 2.75
263 11 0 3.0
317 38 0 4.0
40 -11 0 2.5
171 23 0 3.0
29 26 0 3.25
72 8 0 2.5
317 8 0 1.75
136 1 0 3.25
89 13 0 1.75
216 30 0 3.75
305 59 0 1.75
319 13 0 3.75
7 21 0 2.25
292 20 0 2.5
252 24 0 1.5
215 11 0 3.0
44 -21 0 3.25
70 7 0 3.25
176 24 0 1.5
20 1 0 3.25
238 5 0 2.5
96 53 0 1.75
187 13 0 3.75
192 21 0 3.0
235 22 0 3.75
43 30 0 2.0
58 15 0 1.75
78 7 0 2.25
34 24 0 3.25
165 6 0 1.5
99 -43 0 3.5
288 5 0 1.75
269 2 0 1.5
10 11 0 2.25
329 29 0 3.25
12 0 0 3.25
50 0 0 1.5
130 2 0 2.75
0 37 0 1.5
79 -12 0 3.5
213 13 0 1.5
17 10 0 1.75
286 38 0 3.75
300 33 0 4.0
184 29 0 3.75
42 30 0 2.0
23 4 0 3.0
341 29 0 2.0
217 22 0 3.5
349 6 0 2.5
306 26 0 3.0
56 43 0 2.75
19 19 0 2.5
143 24 0 2.5
161 15 0 2.0
337 24 0 3.5
241 13 0 2.0
128 26 0 3.5
195 2 0 4.0
321 8 0 3.0
309 6 0 3.5
247 15 0 2.5
24 11 0 3.5
326 30 0 1.5
334 19 0 3.25
88 30 0 2.0
234 6 0 2.25
257 6 0 3.5
328 22 0 2.0
232 29 0 2.25
179 14 0 3.0
222 -14 0 3.25
306 2 0 2.0
20 0 0 3.0
52 9 0 2.25
132 0 0 3.75
46 13 0 3.75
24 20 0 2.25
205 23 0 2.25
90 23 0 3.0
194 0 0 1.5
265 23 0 1.75
353 1 0 3.0
359 19 0 2.75
241 56 0 4.0
40 -28 0 4.0
63 8 0 2.75
103 -10 0 3.0
213 28 0 2.0
273 29 0 3.5
127 4 0 1.5
69 29 0 4.0
250 -26 0 4.0
172 28 0 4.0
50 5 0 3.25
196 24 0 2.5
294 27 0 1.5
302 24 0 3.5
92 22 0 1.5
229 22 0 4.0
225 28 0 3.75
128 16 0 2.25
352 10 0 2.5
47 12 0 3.5
331 12 0 2.0
263 3 0 3.5
43 -2 0 1.5
268 33 0 3.0
187 5 0 3.75
219 18 0 1.75
236 16 0 2.5
109 26 0 3.5
301 6 0 4.0
169 -29 0 1.5
323 11 0 1.75
286 5 0 3.0
97 14 0 2.25
224 -8 0 3.0
148 0 0 2.0
267 2 0 2.75
89 30 0 2.0
303 23 0 3.5
204 18 0 3.5
85 20 0 2.75
286 19 0 3.0
31 16 0 1.5
19 4 0 4.0
298 2 0 2.5
5 2 0 2.0
181 24 0 3.25
1 2 0 2.75
153 20 0 3.25
187 21 0 4.0
181 48 0 1.5
153 15 0 1.75
210 14 0 2.5
249 2 0 1.75
238 11 0 2.5
50 12 0 2.0
334 17 0 3.75
324 -6 0 1.75
34 3 0 4.0
63 29 0 1.5
85 14 0 3.25
198 8 0 3.0
261 27 0 3.25
265 4 0 4.0
137 34 0 2.5
182 74 0 1.75
31 9 0 2.75
90 29 0 3.0
145 15 0 1.5
213 26 0 2.0
344 12 0 3.0
140 16 0 4.0
122 11 0 1.5
343 -25 0 2.75
21 -19 0 4.0
32 18 0 3.25
213 1 0 2.0
244 24 0 1.5
318 1 0 3.0
322 15 0 2.75
185 3 0 2.25
51 12 0 2.75
163 12 0 3.25
300 27 0 2.5
89 29 0 2.75
98 -1 0 2.75
237 62 0 3.0
119 18 0 2.5
317 30 0 2.0
270 21 0 4.0
103 11 0 3.0
300 6 0 3.25
142 -25 0 2.75
262 8 0 2.0
175 21 0 2.5
191 0 0 3.75
147 14 0 4.0
286 24 0 3.0
117 5 0 2.0
235 24 0 1.75
193 15 0 3.0
17 28 0 3.25
173 19 0 1.5
70 16 0 2.25
275 14 0 3.0
358 1 0 2.25
59 17 0 3.5
325 18 0 3.0
352 20 0 3.5
66 19 0 3.5
90 4 0 3.0
157 27 0 2.75
188 8 0 3.5
124 5 0 3.5
185 12 0 1.5
296 28 0 1.75
212 7 0 4.0
154 -10 0 3.0
223 4 0 4.0
256 15 0 2.25
100 9 0 2.75
302 4 0 3.0
182 14 0 2.0
124 22 0 2.5
5 28 0 1.5
300 23 0 3.5
243 20 0 3.5
30 6 0 3.25
83 19 0 2.5
44 28 0 2.5
220 -11 0 2.5
91 12 0 2.0
126 20 0 2.75
212 6 0 1.75
79 9 0 1.5
189 -42 0 2.25
235 29 0 2.25
342 13 0 1.75
1 8 0 3.75
156 15 0 2.25
185 8 0 2.25
35 1 0 4.0
343 22 0 3.25
118 5 0 4.0
60 10 0 3.5
292 4 0 3.75
131 10 0 2.75
162 0 0 3.5
76 14 0 1.75
172 5 0 3.5
214 14 0 2.0
217 17 0 1.5
231 25 0 2.0
70 5 0 2.0
228 24 0 3.5
111 21 0 4.0
305 27 0 2.5
333 17 0 3.5
226 -32 0 2.75
238 22 0 1.5
33 -14 0 3.75
275 17 0 3.5
320 45 0 3.0
259 0 0 3.0
131 10 0 3.75
263 28 0 3.25
240 16 0 1.5
265 19 0 3.25
287 52 0 3.75
275 18 0 2.0
183 17 0 4.0
177 23 0 3.75
158 23 0 3.75
144 27 0 3.0
348 24 0 2.75
168 14 0 3.5
334 19 0 1.75
239 -8 0 1.5
335 6 0 3.75
265 13 0 2.75
341 6 0 3.5
83 7 0 3.5
300 20 0 4.0
163 43 0 4.0
46 20 0 3.0
325 -18 0 2.25
288 3 0 2.75
336 1 0 1.75
308 9 0 2.0
156 4 0 2.0
178 8 0 2.25
67 25 0 3.75
123 15 0 2.0
13 -22 0 1.75
109 25 0 3.5
194 24 0 2.0
47 -21 0 1.5
356 15 0 1.75
300 23 0 2.25
36 25 0 2.75
64 18 0 2.75
75 26 0 3.0
169 12 0 2.5
336 30 0 3.75
288 13 0 4.0
164 20 0 1.75
261 3 0 4.0
319 -13 0 1.5
59 6 0 2.75
257 53 0 2.0
106 23 0 3.75
156 1 0 1.75
182 19 0 3.75
204 4 0 2.0
207 26 0 3.0
124 9 0 2.5
306 4 0 2.25
205 4 0 2.75
339 0 0 3.25
280 25 0 2.25
165 25 0 1.5
346 8 0 2.0
223 20 0 2.75
93 20 0 4.0
54 13 0 3.75
275 30 0 2.0
164 25 0 3.0
180 0 0 4.0
28 2 0 2.25
252 -9 0 3.75
54 23 0 2.25
272 16 0 3.75
51 30 0 3.5
240 -46 0 2.25
36 2 0 1.75
70 14 0 1.75
297 19 0 3.25
203 8 0 3.0
221 9 0 1.5
249 1 0 4.0
140 -21 0 2.0
292 10 0 2.0
132 24 0 2.5
155 17 0 1.5
215 26 0 3.25
150 2 0 2.0
272 -17 0 2.25
246 30 0 3.75
320 22 0 3.5
343 6 0 1.75
251 7 0 1.75
148 20 0 1.5
15 1 0 2.5
9 3 0 3.25
320 -48 0 2.0
153 -16 0 2.75
12 25 0 3.5
221 2 0 2.5
47 13 0 2.5
158 28 0 2.0
357 17 0 2.5
201 13 0 3.5
6 4 0 2.5
258 0 0 1.75
154 19 0 1.5
21 -15 0 3.75
67 3 0 1.75
13 24 0 2.5
185 8 0 1.75
311 4 0 2.75
27 27 0 2.5
179 -10 0 3.0
236 21 0 2.5
124 11 0 3.25
343 30 0 3.0
312 6 0 2.5
141 12 0 4.0
349 8 0 2.5
256 -22 0 3.5
191 26 0 2.0
52 27 0 2.25
280 -16 0 1.75
249 13 0 1.5
345 2 0 4.0
164 2 0 3.75
222 2 0 4.0
53 17 0 1.5
212 23 0 3.5
258 28 0 3.5
219 7 0 4.0
267 0 0 3.25
26 26 0 4.0
71 8 0 2.0
104 33 0 3.5
226 27 0 3.25
178 13 0 2.75
174 13 0 3.25
265 10 0 2.5
199 0 0 3.5
187 12 0 1.75
160 16 0 3.5
163 16 0 3.0
333 7 0 2.5
12 4 0 3.75
97 16 0 3.25
195 14 0 4.0
354 25 0 1.5
126 15 0 3.0
195 26 0 3.25
154 18 0 1.75
224 -1 0 3.0
59 20 0 2.25
135 23 0 4.0
347 28 0 2.0
6 3 0 1.75
19 30 0 3.0
166 12 0 1.75
318 13 0 3.75
2 60 0 2.75
75 1 0 1.5
12 28 0 3.0
158 13 0 3.25
292 -28 0 2.0
104 13 0 4.0
201 27 0 1.5
18 19 0 2.75
56 20 0 1.5
223 -15 0 2.25
218 20 0 2.0
296 14 0 1.75
236 17 0 4.0
129 25 0 4.0
204 17 0 4.0
219 13 0 3.5
227 27 0 1.5
195 -8 0 3.0
326 -28 0 2.75
134 18 0 3.25
323 3 0 4.0
344 15 0 1.75
66 19 0 3.0
160 28 0 4.0
101 4 0 2.0
63 13 0 3.0
101 4 0 3.5
313 12 0 1.75
278 2 0 3.5
53 25 0 3.75
301 14 0 2.0
119 23 0 2.25
328 -2 0 1.75
103 11 0 1.5
172 22 0 2.25
63 2 0 3.75
4 27 0 3.75
187 22 0 3.75
41 25 0 3.5
126 -22 0 3.25
181 19 0 1.75
346 26 0 4.0
67 28 0 1.75
327 18 0 2.5
244 -45 0 1.5
320 11 0 1.75
201 20 0 2.75
160 30 0 2.75
28 1 0 3.25
346 21 0 3.0
180 7 0 3.0
320 13 0 4.0
131 1 0 2.0
277 7 0 3.0
257 4 0 2.0
342 14 0 2.75
151 8 0 4.0
238 -17 0 2.75
346 23 0 2.5
21 21 0 2.0
153 2 0 2.25
94 1 0 3.5
346 4 0 2.75
149 12 0 3.0
251 -10 0 2.5
157 17 0 2.25
122 18 0 3.0
343 -32 0 2.25
107 4 0 3.75
33 11 0 3.25
337 3 0 3.25
85 26 0 3.75
239 22 0 2.75
246 21 0 3.75
108 27 0 1.5
284 30 0 2.25
136 7 0 2.5
125 26 0 2.5
300 8 0 1.5
184 28 0 3.25
341 28 0 3.5
246 29 0 2.5
22 25 0 3.75
302 69 0 2.75
240 36 0 2.5
43 25 0 3.25
349 3 0 1.75
314 18 0 3.0
96 28 0 2.25
33 29 0 1.5
273 38 0 2.5
64 13 0 3.75
359 17 0 3.25
234 13 0 3.0
344 14 0 4.0
57 29 0 3.0
42 -11 0 2.5
181 9 0 2.5
97 5 0 2.5
81 1 0 3.25
341 19 0 2.25
56 1 0 2.75
110 29 0 3.5
203 5 0 3.25
197 28 0 4.0
136 13 0 2.5
156 22 0 3.5
230 4 0 1.75
229 -45 0 1.75
345 26 0 2.25
230 26 0 2.25
112 77 0 4.0
176 -26 0 1.75
238 7 0 3.5
152 10 0 2.5
179 10 0 2.5
149 9 0 2.5
70 15 0 3.75
102 23 0 4.0
227 6 0 3.5
15 5 0 3.75
14 80 0 4.0
140 29 0 3.0
22 6 0 2.0
250 15 0 4.0
51 21 0 4.0
22 21 0 3.25
263 15 0 2.0
16 21 0 3.25
82 25 0 3.25
231 9 0 2.0
217 11 0 2.0
16 13 0 1.5
286 -6 0 1.75
56 18 0 4.0
327 26 0 1.75
139 23 0 2.5
89 2 0 2.75
153 23 0 2.0
96 23 0 2.25
86 5 0 2.75
171 63 0 1.75
296 20 0 3.5
153 19 0 1.75
247 8 0 2.0
13 1 0 4.0
64 -1 0 1.5
212 57 0 3.25
86 17 0 3.75
351 25 0 3.75
227 7 0 1.5
279 28 0 2.75
180 26 0 3.5
194 6 0 2.25
251 1 0 2.0
109 25 0 3.75
226 3 0 3.0
21 -28 0 2.25
112 4 0 3.0
248 21 0 2.75
354 26 0 3.25
119 11 0 3.0
224 23 0 2.25
9 19 0 2.75
97 68 0 3.0
116 14 0 1.75
232 11 0 2.75
343 19 0 2.25
167 26 0 3.25
161 7 0 2.75
212 16 0 3.0
339 16 0 2.0
33 28 0 2.5
20 18 0 1.5
165 8 0 2.0
184 25 0 1.75
325 22 0 3.75
86 23 0 4.0
105 30 0 1.5
42 18 0 3.75
50 24 0 3.5
172 5 0 4.0
23 20 0 3.0
244 22 0 2.25
51 7 0 3.25
204 26 0 3.5
94 2 0 4.0
304 19 0 2.75
116 -11 0 2.0
289 5 0 4.0
2 13 0 3.0
129 14 0 4.0
213 54 0 2.75
59 13 0 4.0
317 17 0 1.75
163 13 0 2.0
146 56 0 2.0
207 9 0 2.75
38 25 0 2.0
3 9 0 1.75
358 10 0 2.0
146 19 0 2.5
35 0 0 4.0
99 -8 0 1.75
94 0 0 1.5
222 19 0 1.5
98 14 0 1.5
311 25 0 3.25
8 16 0 2.0
113 4 0 2.5
22 7 0 3.25
341 15 0 2.5
232 1 0 3.0
342 24 0 2.0
139 21 0 3.25
200 24 0 2.5
155 -25 0 3.0
90 20 0 3.75
300 21 0 2.75
91 13 0 1.75
75 23 0 3.5
339 6 0 2.0
77 9 0 2.75
93 -26 0 3.5
70 18 0 2.5
149 0 0 2.25
171 18 0 3.5
307 -29 0 1.75
144 21 0 1.5
142 14 0 2.25
339 -32 0 1.75
213 15 0 3.75
25 5 0 1.75
220 5 0 2.75
160 19 0 3.5
349 23 0 3.75
31 60 0 2.0
270 19 0 2.0
297 20 0 4.0
140 8 0 2.75
340 15 0 2.5
257 16 0 2.75
164 19 0 4.0
141 26 0 4.0
221 19 0 1.75
333 28 0 3.25
3 29 0 2.75
183 3 0 2.5
144 11 0 3.0
66 0 0 2.5
329 25 0 1.5
300 14 0 1.75
186 4 0 2.0
331 5 0 3.25
168 23 0 2.75
249 30 0 2.25
45 3 0 3.25
231 8 0 1.75
238 3 0 2.0
230 2 0 1.5
91 -27 0 3.25
175 7 0 4.0
171 4 0 3.75
323 8 0 4.0
271 6 0 4.0
221 25 0 4.0
18 0 0 3.25
6 26 0 2.0
325 53 0 2.0
233 22 0 1.75
347 27 0 3.75
52 18 0 2.5
211 13 0 2.25
247 4 0 2.75
196 21 0 2.75
107 7 0 4.0
18 23 0 1.75
19 11 0 3.0
97 11 0 2.0
72 6 0 3.75
281 8 0 3.5
103 -6 0 4.0
253 8 0 4.0
102 20 0 3.0
209 20 0 2.0
217 4 0 2.25
116 0 0 1.5
100 24 0 3.0
4 23 0 3.0
288 13 0 1.75
150 23 0 3.75
137 -33 0 2.25
153 -31 0 3.0
79 10 0 1.5
243 13 0 2.25
165 20 0 3.5
24 3 0 3.75
303 6 0 3.75
314 15 0 3.75
177 22 0 3.75
27 20 0 2.5
98 26 0 2.75
196 27 0 1.75
57 30 0 3.5
327 5 0 3.25
193 2 0 3.5
43 0 0 3.0
220 26 0 3.5
90 23 0 3.5
160 9 0 1.75
184 6 0 3.75
25 15 0 1.75
197 28 0 3.0
171 46 0 3.75
3 30 0 3.25
135 20 0 2.0
338 78 0 3.5
263 15 0 3.0
54 8 0 3.0
286 16 0 3.25
306 0 0 4.0
153 9 0 1.5
26 24 0 3.0
316 26 0 2.25
147 14 0 1.5
269 12 0 3.0
183 51 0 2.5
251 2 0 2.0
173 20 0 3.25
272 6 0 3.75
294 22 0 2.75
215 25 0 2.25
280 10 0 2.0
357 -23 0 2.5
33 26 0 3.5
298 -6 0 2.0
42 8 0 2.5
81 27 0 2.75
88 52 0 2.25
154 21 0 2.0
69 -1 0 2.5
41 6 0 2.5
13 25 0 3.25
321 17 0 2.0
20 7 0 3.0
145 59 0 3.0
27 26 0 1.5
354 8 0 2.0
106 1 0 1.75
65 28 0 4.0
66 11 0 1.75
303 18 0 3.5
283 -30 0 2.25
4 -13 0 2.75
177 24 0 3.0
4 22 0 2.75
86 8 0 3.0
140 8 0 2.25
114 1 0 1.75
284 20 0 1.5
350 14 0 3.5
232 8 0 1.5
277 5 0 2.75
95 23 0 4.0
154 3 0 3.0
36 1 0 1.5
327 -21 0 2.25
57 14 0 3.5
145 6 0 3.25
308 26 0 2.5
289 42 0 2.75
203 19 0 4.0
239 1 0 2.25
153 7 0 3.75
355 5 0 3.75
294 2 0 4.0
118 9 0 3.5
267 16 0 3.5
9 28 0 3.25
88 8 0 3.25
315 11 0 3.0
59 54 0 3.5
143 18 0 3.75
202 19 0 2.5
344 -21 0 3.25
304 13 0 3.5
40 72 0 2.5
224 44 0 3.25
239 53 0 3.25
302 0 0 3.0
202 25 0 1.75
192 11 0 2.25
295 10 0 2.25
85 0 0 1.5
330 -5 0 1.75
343 59 0 3.25
344 10 0 4.0
150 7 0 3.0
94 13 0 3.5
56 4 0 2.5
29 38 0 1.75
151 2 0 2.25
115 3 0 3.5
352 18 0 3.75
123 15 0 1.75
52 22 0 1.5
253 -6 0 3.25
112 2 0 3.75
257 10 0 3.75
181 45 0 1.5
86 0 0 2.25
14 -38 0 3.5
82 13 0 2.0
64 0 0 3.75
135 15 0 4.0
59 7 0 2.0
297 21 0 2.25
228 15 0 3.5
249 3 0 4.0
156 1 0 4.0
260 9 0 1.75
78 2 0 3.0
22 7 0 2.0
305 24 0 1.5
301 53 0 2.0
354 -27 0 2.5
36 25 0 3.0
208 24 0 2.25
204 18 0 2.75
122 16 0 2.0
288 24 0 3.5
204 21 0 1.75
353 20 0 2.5
106 -3 0 1.5
60 14 0 1.75
119 24 0 1.75
320 9 0 3.25
168 24 0 1.5
51 27 0 1.75
210 -10 0 1.5
78 2 0 2.25
129 49 0 1.75
12 23 0 2.0
18 19 0 1.75
231 16 0 3.0
118 6 0 2.0
290 25 0 2.5
229 26 0 2.0
347 28 0 2.25
124 -16 0 2.25
16 -28 0 1.75
38 7 0 2.0
238 14 0 3.5
241 16 0 3.75
300 17 0 3.0
112 29 0 1.5
281 21 0 3.25
113 19 0 1.5
63 8 0 2.5
319 14 0 2.0
90 1 0 1.75
351 10 0 3.0
92 51 0 2.75
307 28 0 2.0
177 20 0 3.5
144 3 0 3.5
178 40 0 3.75
298 30 0 4.0
103 28 0 1.75
101 22 0 4.0
20 25 0 3.0
187 22 0 1.75
222 57 0 2.5
230 14 0 3.75
168 22 0 3.25
173 10 0 3.25
87 10 0 1.75
308 15 0 2.0
124 49 0 4.0
212 30 0 2.75
277 3 0 4.0
268 5 0 1.5
15 0 0 2.75
7 5 0 3.75
41 6 0 3.25
191 21 0 2.5
313 7 0 1.5
119 42 0 2.25
344 2 0 3.0
238 22 0 3.75
89 39 0 2.25
129 12 0 2.0
186 22 0 2.5
278 -34 0 3.25
100 18 0 3.25
326 25 0 1.5
273 27 0 2.5
200 24 0 1.5
21 0 0 2.75
62 7 0 1.75
206 12 0 1.5
71 -22 0 2.5
193 27 0 2.25
1 22 0 2.5
258 21 0 3.0
95 8 0 2.25
162 11 0 3.5
45 23 0 2.75
74 5 0 3.5
101 10 0 3.5
200 70 0 3.25
336 55 0 3.5
110 9 0 3.25
306 23 0 3.25
159 2 0 4.0
101 29 0 1.5
93 34 0 2.5
260 13 0 2.5
355 5 0 1.5
151 55 0 1.5
273 9 0 3.5
19 30 0 2.25
22 28 0 2.25
86 3 0 2.25
127 20 0 2.25
258 20 0 2.25
282 6 0 2.25
1 5 0 3.0
349 27 0 2.25
324 16 0 2.5
3 18 0 2.0
169 12 0 2.25
176 7 0 2.75
141 28 0 2.5
247 29 0 3.0
197 6 0 1.75
240 13 0 4.0
331 1 0 1.75
193 -5 0 3.5
274 -10 0 2.25
85 3 0 2.0
141 23 0 1.5
89 12 0 3.0
317 16 0 1.5
328 24 0 1.5
124 9 0 3.0
139 12 0 3.25
287 -28 0 1.5
246 24 0 2.5
182 5 0 3.0
122 -7 0 1.75
257 30 0 2.25
199 25 0 3.75
70 26 0 1.75
45 9 0 1.5
188 23 0 1.5
268 61 0 3.5
66 29 0 1.75
203 24 0 2.25
345 19 0 3.0
246 49 0 3.75
71 76 0 1.5
47 15 0 2.75
198 26 0 1.5
187 10 0 1.75
50 -6 0 3.75
237 30 0 2.5
110 26 0 3.5
50 12 0 1.5
138 3 0 3.0
292 7 0 3.25
226 9 0 3.5
173 -23 0 2.0
266 55 0 2.0
243 18 0 2.25
143 1 0 3.25
245 4 0 1.75
67 0 0 3.25
129 -9 0 3.5
227 6 0 2.0
359 1 0 3.75
131 11 0 2.5
158 10 0 2.0
55 -37 0 2.5
129 26 0 1.75
18 25 0 4.0
299 12 0 3.0
299 26 0 1.5
174 28 0 3.75
254 26 0 2.5
121 22 0 3.0
227 20 0 1.75
191 14 0 2.5
335 18 0 3.75
350 24 0 2.75
266 11 0 3.25
342 1 0 2.25
203 43 0 1.75
70 30 0 2.75
173 9 0 3.0
186 12 0 2.5
348 25 0 4.0
21 8 0 1.5
155 10 0 2.0
53 -12 0 2.25
157 53 0 1.75
95 4 0 1.75
299 28 0 3.75
200 16 0 3.5
259 16 0 3.25
15 -40 0 3.75
158 10 0 1.5
13 -27 0 2.75
261 13 0 3.75
298 5 0 1.75
214 26 0 2.75
304 19 0 2.25
256 18 0 2.25
325 16 0 4.0
93 19 0 3.75
85 22 0 4.0
45 19 0 1.75
54 -29 0 1.75
357 -29 0 2.5
325 0 0 3.25
354 3 0 3.5
357 16 0 2.25
82 -27 0 3.75
346 11 0 2.25
174 7 0 2.5
250 5 0 2.25
343 6 0 2.25
93 52 0 4.0
22 11 0 2.25
295 20 0 3.0
254 8 0 1.5
142 -20 0 2.0
340 21 0 1.5
314 12 0 2.75
221 32 0 1.5
289 4 0 3.75
318 6 0 1.75
12 23 0 4.0
229 17 0 1.75
96 12 0 2.25
19 15 0 2.25
33 -15 0 2.5
270 6 0 2.75
353 8 0 2.5
350 0 0 2.25
220 11 0 1.75
88 20 0 2.5
265 29 0 1.5
301 16 0 3.25
30 7 0 1.75
241 2 0 2.0
144 27 0 3.75
174 20 0 2.75
327 10 0 3.25
238 -5 0 2.5
272 -26 0 3.0
325 19 0 1.75
215 23 0 2.5
180 6 0 2.75
137 17 0 1.5
154 17 0 1.5
74 24 0 2.25
206 9 0 3.5
104 18 0 3.25
278 -42 0 2.25
114 16 0 4.0
298 5 0 2.0
191 -44 0 2.5
259 14 0 1.5
336 24 0 2.0
242 28 0 1.75
45 30 0 1.75
172 24 0 1.75
264 29 0 4.0
53 -10 0 2.75
352 28 0 3.75
190 8 0 3.0
344 8 0 2.0
154 4 0 1.75
210 18 0 4.0
4 24 0 4.0
312 9 0 2.25
110 22 0 2.75
120 18 0 3.0
23 3 0 2.25
60 5 0 3.75
261 18 0 2.0
13 2 0 1.5
68 60 0 2.25
333 23 0 3.5
28 16 0 2.0
186 5 0 2.0
189 3 0 1.75
306 21 0 1.75
156 1 0 2.75
170 20 0 3.0
86 22 0 3.25
321 1 0 3.25
120 11 0 1.75
175 24 0 3.25
188 3 0 1.75
174 38 0 2.75
52 14 0 1.75
96 6 0 2.0
224 10 0 4.0
325 27 0 4.0
36 16 0 3.25
210 26 0 3.5
131 5 0 1.5
67 20 0 3.25
253 17 0 2.5
29 12 0 2.75
234 1 0 4.0
216 1 0 2.25
42 14 0 1.5
12 1 0 3.75
276 24 0 2.75
51 25 0 1.75
327 8 0 1.75
166 11 0 3.5
151 24 0 4.0
108 16 0 3.75
187 25 0 3.25
312 3 0 2.25
73 -9 0 3.5
292 5 0 3.5
147 32 0 1.75
143 35 0 2.75
219 14 0 2.75
327 25 0 1.75
96 9 0 3.5
300 23 0 1.5
345 2 0 2.5
112 13 0 3.0
12 18 0 3.0
142 6 0 3.0
327 -5 0 1.5
119 22 0 2.0
302 27 0 2.5
108 19 0 3.0
168 24 0 3.5
144 27 0 1.75
55 28 0 2.75
13 29 0 2.75
126 25 0 3.5
140 10 0 2.75
108 21 0 3.75
84 53 0 3.5
20 29 0 2.0
281 0 0 3.75
81 17 0 2.25
173 2 0 3.25
260 12 0 2.0
255 26 0 2.25
106 11 0 4.0
103 -13 0 1.5
89 20 0 2.5
5 13 0 3.25
194 27 0 3.5
108 1 0 3.0
338 21 0 3.25
314 18 0 4.0
162 -39 0 4.0
330 -47 0 3.5
286 11 0 3.0
101 -14 0 3.5
79 -28 0 4.0
96 28 0 3.0
228 -3 0 3.0
213 18 0 2.75
135 25 0 1.5
271 27 0 2.25
250 10 0 2.25
45 12 0 2.5
331 9 0 1.5
227 27 0 4.0
131 60 0 4.0
172 14 0 2.25
267 17 0 1.5
355 2 0 2.25
43 28 0 3.5
59 22 0 3.25
225 29 0 4.0
103 -25 0 3.5
6 20 0 3.25
230 41 0 3.0
68 28 0 3.75
273 2 0 3.25
185 21 0 2.25
241 10 0 2.0
97 13 0 3.5
323 4 0 1.75
12 9 0 3.5
103 -14 0 2.25
3 9 0 4.0
292 21 0 2.75
246 13 0 3.75
204 12 0 2.75
121 25 0 2.5
352 9 0 2.75
177 23 0 1.75
10 -17 0 4.0
300 28 0 1.5
6 29 0 2.5
162 25 0 3.25
332 22 0 1.75
177 20 0 2.0
317 7 0 2.5
217 26 0 3.25
340 24 0 1.75
197 -49 0 2.0
350 11 0 3.5
324 2 0 1.75
140 20 0 2.5
158 25 0 3.75
169 9 0 3.25
312 7 0 3.25
296 15 0 2.5
138 29 0 1.5
204 24 0 3.0
91 30 0 2.75
235 2 0 3.25
296 12 0 4.0
198 10 0 3.0
145 14 0 3.75
6 13 0 2.25
263 17 0 3.75
174 30 0 3.5
296 13 0 1.75
107 28 0 2.25
293 27 0 2.25
103 -12 0 2.0
156 0 0 1.75
130 -12 0 3.75
220 8 0 1.75
172 7 0 2.75
38 13 0 2.5
46 23 0 2.25
52 0 0 3.25
4 30 0 3.25
354 9 0 1.75
47 40 0 2.0
239 23 0 3.25
114 76 0 2.5
101 20 0 3.0
148 24 0 1.75
98 15 0 3.25
246 30 0 2.0
292 26 0 2.0
121 -43 0 2.75
287 7 0 3.0
148 5 0 3.5
125 17 0 2.5
101 12 0 1.75
98 7 0 3.0
298 13 0 1.5
204 28 0 2.25
194 -24 0 4.0
125 10 0 2.25
354 25 0 2.0
59 57 0 3.5
2 0 0 2.5
317 20 0 3.5
91 25 0 2.0
13 28 0 3.0
43 19 0 2.75
233 17 0 3.75
313 5 0 2.5
248 15 0 3.75
76 3 0 1.75
276 24 0 1.75
79 2 0 2.75
51 29 0 2.25
297 53 0 3.0
260 25 0 3.75
206 24 0 2.5
78 12 0 3.5
10 -30 0 2.5
56 19 0 4.0
114 25 0 1.5
318 24 0 1.5
159 47 0 3.25
144 18 0 1.5
218 6 0 3.25
185 29 0 2.75
159 11 0 1.5
13 19 0 3.75
130 24 0 1.5
201 17 0 2.0
228 23 0 4.0
167 14 0 4.0
158 30 0 2.5
257 27 0 2.5
140 7 0 2.75
266 17 0 4.0
197 4 0 3.0
184 29 0 2.25
169 1 0 2.5
40 18 0 3.25
92 -9 0 1.5
67 16 0 1.75
63 18 0 1.5
130 3 0 3.75
89 11 0 2.75
167 6 0 2.5
181 2 0 3.0
320 -4 0 2.5
135 11 0 3.75
90 12 0 2.75
141 4 0 3.0
88 13 0 2.0
100 7 0 3.5
70 3 0 3.75
134 12 0 3.0
105 4 0 3.75
41 24 0 2.75
176 -2 0 3.25
48 23 0 4.0
343 12 0 3.5
78 10 0 2.25
213 11 0 2.25
12 -43 0 2.75
252 18 0 3.25
221 2 0 2.75
246 2 0 3.5
229 19 0 1.75
290 30 0 1.5
59 18 0 2.5
228 15 0 3.25
50 14 0 3.75
30 0 0 3.0
300 8 0 2.75
82 23 0 3.75
3 15 0 3.25
36 21 0 2.75
359 -1 0 2.0
274 -13 0 3.75
79 17 0 1.75
6 16 0 3.5
216 14 0 4.0
345 20 0 2.5
111 12 0 2.25
218 3 0 3.5
121 -2 0 3.0
58 21 0 3.0
216 0 0 1.5
278 15 0 2.0
359 7 0 3.75
181 17 0 3.75
176 15 0 3.5
219 20 0 3.25
225 21 0 4.0
83 25 0 2.25
20 3 0 2.5
194 -20 0 4.0
59 24 0 3.25
154 -1 0 2.75
118 -7 0 3.5
171 6 0 3.75
240 24 0 3.5
301 30 0 3.5
135 19 0 3.25
311 27 0 2.25
282 11 0 3.75
150 9 0 3.0
33 18 0 1.5
325 36 0 3.0
9 4 0 4.0
71 24 0 1.5
153 54 0 1.75
200 11 0 3.75
321 26 0 1.5
223 16 0 3.75
108 10 0 2.5
247 5 0 3.75
65 30 0 2.25
3 21 0 3.5
339 17 0 3.25
161 30 0 4.0
112 6 0 1.75
211 4 0 2.0
137 5 0 2.25
270 15 0 3.75
129 27 0 3.5
0 -30 0 2.5
57 8 0 3.25
201 27 0 3.5
23 11 0 2.25
107 4 0 3.0
348 22 0 1.5
125 10 0 3.0
276 17 0 2.75
43 16 0 2.0
254 28 0 1.75
218 4 0 2.5
282 23 0 2.5
66 9 0 1.5
240 15 0 2.75
10 32 0 3.0
320 5 0 2.5
295 18 0 3.75
196 17 0 2.25
256 24 0 2.5
119 12 0 3.75
320 2 0 3.0
170 12 0 1.5
173 -19 0 2.75
20 -44 0 3.5
281 15 0 4.0
226 2 0 1.75
263 22 0 2.75
146 -35 0 4.0
213 0 0 1.5
357 24 0 2.25
118 24 0 1.75
267 40 0 3.75
334 56 0 3.0
184 17 0 2.25
78 4 0 1.5
124 27 0 2.0
235 22 0 3.5
339 6 0 2.5
91 4 0 2.5
31 13 0 2.75
131 18 0 2.5
42 1 0 1.5
23 28 0 3.75
174 13 0 2.5
214 5 0 1.75
34 -11 0 3.0
330 20 0 1.5
63 20 0 1.5
114 0 0 1.5
99 28 0 2.5
305 36 0 1.5
120 21 0 3.75
49 19 0 1.75
281 23 0 2.75
48 13 0 1.75
83 -3 0 3.0
148 22 0 4.0
221 9 0 2.75
54 5 0 4.0
174 14 0 1.75
29 7 0 3.5
195 10 0 3.75
169 16 0 2.5
5 30 0 2.25
315 19 0 3.25
87 2 0 2.0
293 24 0 2.5
243 66 0 3.5
352 9 0 4.0
62 25 0 2.5
247 17 0 2.25
313 1 0 3.0
40 9 0 2.0
217 52 0 1.75
220 -9 0 2.75
287 24 0 3.5
226 0 0 2.5
296 15 0 2.75
105 14 0 3.0
319 1 0 2.5
104 -1 0 2.0
182 -1 0 3.25
167 10 0 4.0
281 0 0 3.25
130 22 0 3.25
283 2 0 2.75
10 13 0 3.5
297 10 0 3.25
251 29 0 4.0
120 20 0 3.0
217 28 0 1.5
44 -33 0 2.75
240 30 0 2.0
139 0 0 1.5
142 16 0 2.75
102 1 0 1.75
202 -28 0 2.25
313 40 0 2.5
47 12 0 2.5
58 11 0 1.5
279 18 0 2.25
50 4 0 3.25
119 10 0 2.75
286 0 0 2.75
104 35 0 2.0
339 13 0 2.0
131 45 0 1.75
305 55 0 2.75
186 -44 0 2.75
67 12 0 1.5
23 21 0 2.5
306 15 0 2.75
18 19 0 2.5
260 11 0 3.5
3 26 0 3.25
117 23 0 2.25
133 27 0 1.75
118 18 0 3.25
83 30 0 3.0
89 8 0 1.75
285 6 0 2.75
154 34 0 2.25
180 0 0 2.25
100 4 0 3.0
219 -33 0 1.5
175 11 0 2.5
132 10 0 2.25
184 6 0 2.0
253 17 0 2.0
172 22 0 3.75
227 -16 0 2.25
44 4 0 1.75
112 28 0 1.75
183 10 0 3.75
80 29 0 1.75
27 8 0 1.5
228 -7 0 1.5
126 21 0 3.0
71 30 0 2.0
128 50 0 3.75
107 14 0 4.0
148 23 0 1.75
229 2 0 4.0
126 16 0 3.5
300 6 0 1.5
104 2 0 3.5
64 25 0 3.5
217 13 0 1.75
124 30 0 1.75
285 8 0 3.75
212 -46 0 1.5
73 24 0 2.25
98 34 0 3.75
158 -1 0 2.75
52 18 0 3.25
192 17 0 2.25
188 0 0 4.0
242 23 0 1.75
173 29 0 1.5
291 14 0 3.0
332 12 0 3.25
240 39 0 3.0
203 7 0 2.75
340 -9 0 3.25
354 24 0 1.75
283 3 0 2.5
331 5 0 2.5
261 26 0 3.25
134 3 0 4.0
24 19 0 2.0
348 17 0 3.25
331 40 0 3.5
163 16 0 3.75
88 2 0 1.5
148 9 0 3.75
251 1 0 2.75
55 26 0 3.75
102 24 0 3.0
311 27 0 3.5
200 -9 0 3.5
250 15 0 3.0
181 8 0 1.75
310 -17 0 3.75
279 21 0 1.5
15 0 0 1.5
353 17 0 3.0
120 18 0 2.75
182 1 0 2.0
152 14 0 2.25
48 13 0 2.0
275 17 0 3.0
39 8 0 3.0
33 9 0 2.25
128 22 0 2.5
238 11 0 4.0
240 8 0 2.5
185 20 0 3.0
296 26 0 3.75
256 29 0 2.25
303 11 0 3.25
266 -6 0 2.25
203 5 0 2.5
175 19 0 4.0
278 -6 0 3.25
129 26 0 3.75
156 -14 0 1.5
290 12 0 1.5
69 26 0 4.0
0 1 0 2.75
321 16 0 2.25
70 14 0 3.25
176 17 0 2.25
111 15 0 2.25
231 7 0 3.0
218 0 0 3.25
288 7 0 4.0
247 9 0 2.75
243 7 0 3.25
38 0 0 2.75
233 15 0 1.5
331 15 0 3.75
346 -14 0 3.5
273 4 0 1.75
185 -15 0 4.0
215 30 0 3.0
104 6 0 1.75
100 19 0 3.5
277 13 0 2.0
299 11 0 3.5
321 25 0 3.0
241 4 0 2.0
359 16 0 3.5
318 27 0 4.0
214 19 0 3.0
171 10 0 3.5
46 26 0 2.0
337 29 0 3.75
118 26 0 1.75
37 4 0 3.5
191 18 0 2.0
315 21 0 3.0
306 13 0 3.75
141 7 0 2.0
168 8 0 2.5
300 11 0 2.25
231 11 0 1.5
161 21 0 3.75
4 22 0 2.25
62 28 0 2.0
98 14 0 2.75
327 2 0 1.5
225 23 0 2.25
18 26 0 1.75
16 27 0 3.75
123 15 0 3.75
63 22 0 1.5
96 0 0 2.75
160 25 0 3.25
233 9 0 3.25
231 5 0 3.25
290 12 0 2.75
181 10 0 2.25
239 6 0 2.0
30 13 0 2.0
216 21 0 2.75
103 4 0 2.0
0 12 0 2.0
103 15 0 2.0
218 16 0 2.75
273 17 0 3.0
231 10 0 2.0
180 12 0 4.0
287 4 0 1.5
112 27 0 3.75
91 17 0 3.5
178 19 0 4.0
145 19 0 3.5
178 5 0 4.0
220 27 0 1.5
273 14 0 3.5
270 10 0 3.75
323 12 0 2.75
332 20 0 3.0
342 17 0 2.5
125 16 0 2.75
152 28 0 4.0
151 75 0 3.75
159 11 0 4.0
235 4 0 4.0
207 43 0 3.75
187 29 0 1.5
74 7 0 3.75
292 16 0 1.5
2 20 0 3.5
181 5 0 4.0
56 16 0 2.75
290 17 0 2.0
172 20 0 1.5
247 10 0 2.5
54 30 0 3.25
354 23 0 3.75
230 15 0 2.0
309 2 0 2.5
116 30 0 3.0
317 9 0 1.75
102 9 0 3.0
141 6 0 3.0
42 7 0 1.75
76 38 0 2.75
46 2 0 3.25
110 18 0 2.0
154 -25 0 3.5
214 2 0 3.0
86 25 0 2.25
296 28 0 4.0
270 30 0 3.0
262 35 0 2.5
205 7 0 2.25
164 3 0 2.0
133 20 0 3.75
76 8 0 1.75
251 7 0 2.0
87 8 0 1.5
176 30 0 2.0
84 0 0 2.0
321 19 0 2.0
322 29 0 2.75
277 6 0 1.75
21 23 0 2.75
299 3 0 3.25
46 17 0 3.75
266 1 0 1.75
213 -3 0 3.5
129 3 0 3.25
27 -7 0 3.0
209 27 0 2.75
168 13 0 3.25
66 18 0 3.25
74 8 0 1.5
292 2 0 4.0
72 -18 0 4.0
277 19 0 2.0
145 1 0 1.5
183 28 0 1.75
51 -5 0 2.0
325 22 0 4.0
345 8 0 4.0
24 13 0 2.75
29 25 0 1.75
2 29 0 2.5
100 6 0 3.25
249 28 0 3.75
236 29 0 1.75
330 2 0 3.0
300 -31 0 2.25
303 24 0 1.75
289 29 0 3.0
114 37 0 2.25
220 45 0 2.75
243 3 0 2.5
61 -6 0 2.25
53 16 0 1.75
104 6 0 3.0
249 26 0 1.75
249 6 0 2.25
315 13 0 1.75
329 51 0 3.0
78 7 0 1.75
354 12 0 3.25
181 0 0 2.5
78 12 0 1.5
4 10 0 3.75
211 10 0 1.5
40 18 0 1.75
226 14 0 2.0
296 14 0 2.5
24 17 0 1.75
142 0 0 4.0
302 25 0 3.75
20 15 0 3.25
266 16 0 3.5
352 9 0 1.5
77 1 0 2.0
118 14 0 1.5
136 67 0 3.0
246 0 0 1.5
280 4 0 3.0
211 2 0 3.5
229 22 0 2.75
280 40 0 1.75
157 18 0 1.5
151 17 0 1.75
309 4 0 3.75
141 -4 0 1.5
111 1 0 3.75
17 6 0 3.0
307 53 0 2.75
247 1 0 1.5
147 18 0 3.0
275 22 0 1.5
154 7 0 2.0
162 28 0 3.25
299 20 0 2.5
213 12 0 3.0
291 9 0 2.5
315 -14 0 4.0
13 1 0 3.25
275 3 0 3.0
188 -6 0 3.5
164 27 0 3.5
10 19 0 2.75
70 20 0 3.75
21 24 0 1.75
137 3 0 2.5
21 23 0 1.5
7 23 0 2.25
233 18 0 3.75
261 19 0 2.75
59 3 0 4.0
178 7 0 2.75
289 9 0 3.0
322 28 0 2.0
290 10 0 1.5
316 19 0 3.75
15 7 0 4.0
158 19 0 3.0
16 19 0 2.25
236 14 0 2.75
269 -33 0 1.75
167 10 0 1.75
104 27 0 2.75
313 16 0 2.25
76 30 0 3.25
201 -9 0 2.0
167 -23 0 2.75
226 0 0 1.75
260 6 0 3.5
148 19 0 2.5
139 4 0 2.25
318 -43 0 1.75
174 28 0 3.0
161 7 0 3.0
99 14 0 2.75
234 -7 0 1.5
165 15 0 3.75
49 21 0 4.0
288 17 0 2.75
39 22 0 3.75
156 15 0 3.25
78 -17 0 1.5
304 18 0 1.5
301 6 0 3.0
228 4 0 3.25
285 27 0 2.5
161 25 0 2.75
44 4 0 1.5
224 29 0 1.75
278 15 0 3.75
144 6 0 3.25
243 6 0 2.75
142 2 0 2.5
76 27 0 4.0
312 -11 0 4.0
352 14 0 2.25
314 12 0 2.0
203 29 0 2.0
131 22 0 1.5
285 3 0 1.5
243 12 0 2.0
85 3 0 2.25
213 25 0 1.75
10 -29 0 1.5
109 16 0 1.75
89 20 0 4.0
13 20 0 2.0
302 8 0 1.75
203 9 0 2.5
352 0 0 3.25
192 12 0 3.75
276 6 0 2.25
147 27 0 4.0
19 21 0 1.75
83 56 0 2.75
214 19 0 2.75
339 9 0 1.75
186 0 0 2.25
206 2 0 3.75
186 23 0 2.0
182 14 0 2.75
201 -11 0 3.0
96 29 0 3.25
60 30 0 3.5
46 23 0 4.0
21 9 0 2.5
355 11 0 1.75
184 30 0 2.25
7 13 0 3.25
24 13 0 3.5
241 58 0 1.5
67 -26 0 3.25
159 5 0 3.5
101 16 0 2.0
118 51 0 3.75
346 -13 0 2.5
224 -12 0 3.75
272 22 0 3.25
230 22 0 3.25
191 25 0 3.5
124 30 0 2.25
351 20 0 3.25
71 21 0 2.75
256 28 0 4.0
60 7 0 1.5
252 4 0 1.5
73 13 0 3.0
113 29 0 2.5
329 27 0 2.25
338 10 0 2.25
11 23 0 1.75
126 20 0 3.25
139 -6 0 1.75
133 30 0 3.0
304 0 0 2.75
113 12 0 3.75
282 19 0 2.75
107 0 0 3.25
62 30 0 2.0
248 28 0 3.75
201 21 0 2.25
71 3 0 2.25
97 30 0 2.5
300 -27 0 1.75
48 12 0 1.5
142 0 0 2.5
332 16 0 2.0
285 24 0 1.75
126 12 0 2.25
247 8 0 3.0
279 8 0 2.0
238 19 0 2.5
65 16 0 2.25
255 3 0 1.5
242 25 0 3.5
292 14 0 3.25
205 2 0 2.0
146 13 0 3.0
356 11 0 2.0
110 8 0 2.25
243 15 0 3.75
98 12 0 2.5
150 18 0 2.0
180 20 0 4.0
328 -33 0 1.75
101 12 0 4.0
226 22 0 3.25
32 23 0 2.0
68 26 0 2.5
4 18 0 3.0
163 22 0 2.0
192 0 0 4.0
158 5 0 2.5
143 -11 0 2.25
266 -13 0 3.25
293 22 0 3.75
219 11 0 2.0
238 24 0 2.25
89 23 0 3.75
212 4 0 2.25
106 25 0 3.0
77 34 0 4.0
128 16 0 2.5
337 13 0 3.25
296 25 0 3.5
19 25 0 2.0
268 18 0 2.75
352 22 0 3.75
338 0 0 2.75
257 0 0 3.75
98 17 0 3.75
202 -15 0 1.5
12 16 0 2.5
206 29 0 4.0
58 11 0 2.75
340 14 0 3.0
134 26 0 2.0
321 13 0 2.0
2 18 0 3.25
28 23 0 3.25
212 44 0 2.5
230 21 0 3.0
214 15 0 1.75
95 -19 0 1.75
130 9 0 3.0
156 8 0 2.75
262 30 0 2.75
247 2 0 1.5
167 25 0 2.5
0 2 0 3.0
76 7 0 2.75
311 22 0 4.0
258 -21 0 2.5
106 41 0 2.25
98 36 0 3.5
37 19 0 3.5
254 15 0 3.75
230 14 0 1.75
321 -6 0 2.0
74 22 0 2.75
194 4 0 3.25
245 -20 0 2.5
176 9 0 2.5
264 4 0 3.25
121 3 0 2.5
353 25 0 2.25
284 14 0 2.75
277 3 0 3.0
346 -7 0 3.5
181 26 0 1.5
132 1 0 2.75
13 22 0 2.0
174 23 0 1.75
185 9 0 3.25
143 13 0 3.25
203 -2 0 2.75
72 30 0 2.5
40 30 0 2.5
340 9 0 3.0
257 9 0 2.25
180 20 0 2.75
87 21 0 1.5
311 22 0 3.5
213 -33 0 3.75
277 28 0 3.75
90 36 0 4.0
294 25 0 3.25
234 11 0 3.25
295 11 0 2.75
313 9 0 2.0
107 -11 0 4.0
301 16 0 3.75
14 27 0 3.25
166 12 0 3.75
38 24 0 3.5
47 21 0 3.25
80 4 0 3.0
23 10 0 1.75
173 16 0 3.75
40 -16 0 2.5
105 27 0 2.0
239 41 0 2.0
64 18 0 3.5
287 14 0 2.75
22 21 0 2.75
186 18 0 2.0
130 -38 0 3.0
329 9 0 3.25
217 15 0 2.5
270 69 0 1.75
238 -27 0 3.25
316 16 0 2.0
45 6 0 2.0
353 23 0 3.25
158 16 0 2.5
257 29 0 3.5
166 4 0 2.25
35 22 0 2.25
7 22 0 1.5
185 10 0 2.5
282 27 0 1.75
310 27 0 3.0
179 7 0 2.5
306 25 0 3.75
89 24 0 4.0
30 1 0 1.75
217 19 0 2.25
252 7 0 4.0
285 6 0 3.75
71 26 0 1.5
321 -2 0 3.0
92 9 0 1.75
263 15 0 4.0
283 25 0 3.25
271 11 0 2.5
352 59 0 3.25
315 3 0 3.5
321 28 0 4.0
30 20 0 1.5
307 26 0 3.5
188 20 0 3.25
164 54 0 1.75
243 7 0 3.5
164 15 0 1.75
319 3 0 3.75
0 3 0 2.0
290 24 0 3.5
288 23 0 2.75
52 6 0 3.75
141 12 0 2.25
118 12 0 3.5
49 27 0 3.0
179 2 0 1.75
349 29 0 2.25
233 6 0 1.75
66 2 0 4.0
179 2 0 4.0
47 30 0 2.0
148 -2 0 3.75
154 5 0 4.0
303 28 0 2.75
28 14 0 2.25
67 6 0 3.75
199 -12 0 1.5
137 28 0 2.0
206 6 0 1.75
84 9 0 1.5
310 10 0 3.5
354 8 0 3.75
321 21 0 2.0
317 1 0 3.25
28 29 0 3.0
287 2 0 4.0
210 10 0 4.0
190 7 0 2.0
198 22 0 2.25
271 60 0 2.25
158 25 0 1.5
318 14 0 3.75
211 0 0 1.75
145 1 0 2.5
301 18 0 2.75
226 59 0 2.5
235 22 0 2.5
248 14 0 2.75
332 19 0 2.0
79 26 0 3.25
46 22 0 3.0
291 22 0 4.0
257 10 0 3.0
63 6 0 1.75
61 -8 0 3.0
81 5 0 3.5
291 -17 0 4.0
317 5 0 1.5
323 -2 0 2.75
182 -15 0 2.25
257 13 0 3.75
89 50 0 3.25
212 28 0 4.0
95 0 0 3.25
268 23 0 3.75
223 8 0 2.75
62 24 0 1.5
78 29 0 3.5
236 12 0 3.0
266 30 0 1.75
87 28 0 2.25
80 23 0 2.25
119 15 0 1.5
273 14 0 2.75
69 30 0 4.0
216 22 0 3.25
46 12 0 4.0
208 19 0 3.5
245 15 0 1.75
250 19 0 3.75
317 1 0 2.5
190 8 0 4.0
194 16 0 3.75
320 -37 0 2.75
140 14 0 3.75
56 28 0 2.0
337 22 0 3.0
156 7 0 3.0
303 20 0 2.5
196 -38 0 3.25
62 4 0 3.25
323 15 0 2.75
208 30 0 2.75
293 -14 0 2.5
145 3 0 2.0
108 18 0 2.25
304 4 0 2.25
136 8 0 3.25
166 22 0 1.5
318 7 0 1.5
188 23 0 2.0
188 1 0 1.75
70 28 0 3.5
224 14 0 3.5
91 15 0 1.5
38 14 0 3.5
174 5 0 2.25
131 40 0 2.5
147 2 0 1.75
296 30 0 2.25
248 7 0 3.75
47 26 0 3.0
247 -32 0 1.5
289 21 0 2.75
90 2 0 2.5
302 18 0 3.25
72 27 0 2.75
49 16 0 1.75
268 25 0 3.5
1 -26 0 1.5
350 21 0 4.0
34 -48 0 2.0
9 -14 0 3.25
69 30 0 3.75
260 17 0 3.0
143 27 0 3.0
213 55 0 1.75
36 3 0 3.25
270 14 0 3.25
44 12 0 3.0
29 53 0 2.5
60 5 0 1.75
240 30 0 2.75
83 9 0 3.25
57 15 0 4.0
311 18 0 3.5
135 38 0 2.75
42 13 0 4.0
158 17 0 3.5
336 -19 0 2.25
71 8 0 3.25
333 13 0 1.75
27 22 0 3.25
210 30 0 4.0
112 26 0 2.25
327 29 0 3.5
5 41 0 2.0
266 24 0 3.0
108 1 0 1.75
85 19 0 2.0
14 3 0 2.75
211 66 0 2.5
174 12 0 3.25
123 1 0 2.5
114 2 0 4.0
249 13 0 3.5
302 80 0 1.5
32 0 0 2.25
163 0 0 2.25
232 5 0 3.0
336 13 0 3.75
19 12 0 3.75
262 57 0 3.0
154 22 0 1.5
8 5 0 2.25
155 22 0 2.0
214 20 0 3.0
20 20 0 3.75
244 27 0 2.5
294 -25 0 3.75
252 20 0 3.0
303 20 0 4.0
316 1 0 2.75
260 18 0 2.0
160 -20 0 2.5
105 18 0 3.25
245 29 0 2.0
34 8 0 2.75
197 19 0 2.75
159 12 0 4.0
32 18 0 3.0
114 29 0 2.0
121 -30 0 3.25
3 10 0 3.0
273 9 0 3.75
322 5 0 2.0
237 27 0 4.0
196 0 0 2.25
250 4 0 3.75
77 10 0 3.0
335 8 0 2.25
123 13 0 2.25
323 0 0 4.0
330 21 0 3.25
288 13 0 1.5
27 24 0 2.5
167 13 0 2.75
25 -13 0 2.75
112 28 0 3.5
123 23 0 3.75
313 21 0 2.0
270 15 0 2.25
239 3 0 3.25
14 28 0 2.25
88 18 0 3.5
32 4 0 1.75
340 71 0 3.0
211 26 0 2.0
165 25 0 2.25
88 0 0 3.75
235 21 0 3.75
54 19 0 2.0
332 8 0 2.75
153 13 0 3.75
326 20 0 2.25
76 13 0 2.0
125 21 0 1.5
214 2 0 1.75
242 42 0 2.5
298 21 0 2.0
310 23 0 2.25
218 19 0 2.25
305 21 0 3.25
101 9 0 3.0
203 20 0 4.0
181 11 0 1.5
106 -45 0 3.25
237 -11 0 2.75
82 4 0 2.75
122 27 0 1.5
91 22 0 2.25
9 -42 0 2.75
46 25 0 3.25
346 19 0 2.75
145 -17 0 2.0
163 -16 0 2.5
92 18 0 4.0
12 29 0 2.75
68 2 0 2.5
347 5 0 3.0
45 22 0 3.0
218 1 0 1.5
181 27 0 3.5
19 29 0 4.0
327 24 0 2.25
348 21 0 3.25
147 21 0 1.5
25 19 0 2.25
271 28 0 1.75
200 9 0 1.75
162 4 0 3.25
265 -21 0 2.75
236 52 0 1.5
76 27 0 3.0
340 28 0 3.5
68 16 0 4.0
224 14 0 3.75
235 13 0 1.75
287 26 0 1.75
181 16 0 3.0
263 20 0 3.5
329 13 0 2.75
178 26 0 2.75
195 10 0 1.75
107 2 0 3.25
100 23 0 1.75
