164 10 0 3.5
272 15 0 1.0
296 1 0 2.25
358 2 0 1.75
270 19 0 2.25
148 22 0 4.0
77 29 0 1.75
118 19 0 2.25
295 11 0 3.25
252 23 0 2.5
112 21 0 4.0
189 28 0 4.0
35 14 0 4.0
247 15 0 2.0
352 36 0 2.25
345 24 0 4.0
144 3 0 3.75
356 10 0 3.5
245 17 0 2.0
48 20 0 1.75
127 73 0 2.25
206 39 0 2.5
128 50 0 3.5
26 23 0 2.75
262 16 0 2.0
79 21 0 2.0
99 14 0 1.75
103 0 0 3.25
202 17 0 3.25
310 13 0 2.75
286 37 0 3.25
193 13 0 3.25
299 7 0 2.75
246 16 0 3.5
57 28 0 2.75
186 19 0 2.25
197 24 0 2.5
205 77 0 2.75
33 5 0 2.5
125 59 0 3.5
352 10 0 3.5
63 1 0 3.75
117 8 0 2.75
178 1 0 4.0
269 52 0 2.0
249 13 0 1.25
147 17 0 3.0
6 2 0 4.0
246 8 0 1.25
189 15 0 2.25
216 3 0 1.5
315 8 0 3.25
133 24 0 2.75
204 2 0 2.75
33 19 0 1.25
221 18 0 3.5
79 30 0 1.25
334 25 0 4.0
25 30 0 3.0
203 10 0 3.5
300 17 0 4.0
75 44 0 2.25
347 4 0 2.5
21 72 0 3.75
205 11 0 4.0
351 5 0 1.75
83 23 0 4.0
359 1 0 3.0
12 14 0 3.0
357 11 0 1.0
163 24 0 2.5
133 13 0 1.5
307 19 0 2.0
111 21 0 4.0
80 3 0 1.5
253 58 0 3.5
53 27 0 3.25
329 22 0 1.5
3 20 0 3.5
178 52 0 1.75
226 16 0 2.25
177 3 0 2.25
4 1 0 2.75
122 11 0 3.75
140 14 0 3.0
320 19 0 2.5
346 5 0 2.75
211 21 0 4.0
343 79 0 1.0
314 21 0 1.25
201 80 0 2.5
15 80 0 2.25
148 6 0 3.25
314 19 0 2.0
229 25 0 3.5
131 57 0 4.0
271 53 0 3.0
209 7 0 1.75
23 22 0 1.0
61 17 0 3.25
101 28 0 3.75
279 15 0 2.5
328 23 0 2.0
148 6 0 1.0
47 2 0 1.75
75 40 0 1.25
313 77 0 1.0
165 2 0 2.25
127 25 0 2.0
128 26 0 1.75
9 1 0 1.75
110 58 0 1.75
302 27 0 3.5
253 9 0 2.0
35 29 0 3.75
128 13 0 1.5
329 10 0 3.5
61 10 0 1.75
158 5 0 3.0
227 3 0 1.5
136 22 0 3.75
322 12 0 3.75
112 0 0 1.5
194 30 0 3.0
137 50 0 1.75
106 1 0 1.75
113 16 0 3.0
7 19 0 3.5
32 12 0 1.0
38 17 0 2.0
155 29 0 2.75
333 14 0 3.25
227 11 0 2.25
141 26 0 1.0
345 16 0 2.5
64 4 0 3.0
1 16 0 2.25
197 30 0 3.25
321 13 0 3.0
338 5 0 2.0
60 2 0 1.5
338 15 0 1.25
17 4 0 1.25
79 16 0 1.25
110 16 0 2.0
271 34 0 3.25
344 2 0 4.0
323 22 0 1.75
267 14 0 1.0
274 8 0 2.75
28 10 0 4.0
1 1 0 1.75
90 24 0 3.0
139 6 0 1.75
134 25 0 1.75
257 29 0 3.0
294 2 0 3.0
261 14 0 1.5
321 48 0 3.0
79 26 0 1.25
232 24 0 4.0
267 14 0 4.0
184 2 0 3.0
338 27 0 3.5
335 8 0 2.25
191 25 0 2.75
134 25 0 3.5
90 27 0 2.25
231 20 0 1.5
34 17 0 1.0
67 6 0 3.0
14 0 0 4.0
37 12 0 3.75
68 24 0 2.75
129 18 0 2.25
89 0 0 2.5
64 11 0 1.75
182 24 0 2.0
218 11 0 3.75
40 18 0 3.0
154 13 0 1.5
339 17 0 2.0
53 13 0 2.75
117 10 0 3.75
291 17 0 1.0
162 41 0 2.5
304 19 0 1.5
82 24 0 2.75
334 30 0 1.25
6 25 0 2.5
274 16 0 2.25
294 30 0 2.25
33 14 0 3.5
52 12 0 4.0
340 13 0 1.75
187 2 0 2.25
262 20 0 2.5
50 29 0 2.0
33 9 0 3.25
130 0 0 2.75
190 17 0 1.5
257 25 0 1.0
195 18 0 3.5
249 16 0 1.0
71 19 0 2.5
103 0 0 1.0
154 12 0 4.0
145 4 0 3.75
184 5 0 1.25
154 26 0 2.0
41 23 0 1.75
17 22 0 4.0
38 11 0 3.5
157 21 0 1.0
51 28 0 1.75
35 20 0 2.5
85 30 0 2.5
158 27 0 3.5
73 52 0 2.25
292 43 0 3.0
309 9 0 1.0
80 11 0 1.0
246 23 0 3.25
313 13 0 2.75
353 17 0 1.0
262 30 0 2.25
153 18 0 2.75
212 23 0 3.0
238 32 0 1.5
151 16 0 2.25
294 23 0 2.75
259 4 0 2.0
95 77 0 1.0
87 8 0 3.5
88 9 0 2.0
332 14 0 1.5
205 10 0 3.5
261 28 0 1.0
257 21 0 3.0
338 8 0 2.5
145 2 0 2.5
209 14 0 3.25
209 16 0 1.5
21 4 0 3.0
250 29 0 1.5
110 26 0 3.75
118 4 0 2.5
164 1 0 2.0
171 25 0 3.25
15 11 0 4.0
48 19 0 1.0
198 28 0 1.0
18 6 0 2.0
354 26 0 3.0
303 14 0 2.75
357 15 0 2.0
179 27 0 3.5
200 42 0 1.0
89 0 0 3.75
302 8 0 2.5
205 23 0 1.0
196 3 0 3.25
350 58 0 3.5
49 27 0 4.0
251 29 0 3.5
270 5 0 3.75
265 3 0 3.0
292 26 0 3.25
14 29 0 2.75
263 17 0 3.0
336 4 0 4.0
185 3 0 1.25
71 22 0 1.5
61 24 0 3.75
359 50 0 1.25
218 7 0 1.0
271 10 0 2.0
29 39 0 1.5
322 79 0 3.75
354 8 0 3.5
312 18 0 3.75
223 27 0 4.0
137 13 0 1.25
89 3 0 2.0
342 9 0 2.25
228 20 0 2.5
63 6 0 1.0
312 28 0 4.0
260 4 0 3.0
231 3 0 2.5
15 8 0 2.0
147 28 0 2.25
345 8 0 1.25
84 7 0 2.25
23 5 0 1.25
266 3 0 1.25
248 8 0 1.0
359 4 0 2.5
275 25 0 3.5
29 9 0 3.25
359 33 0 2.0
166 28 0 3.5
89 23 0 4.0
236 14 0 2.0
121 21 0 1.75
157 3 0 2.25
53 29 0 4.0
268 33 0 3.0
333 23 0 2.25
46 40 0 4.0
17 21 0 2.0
162 19 0 2.0
253 2 0 1.5
138 19 0 4.0
79 29 0 2.25
351 5 0 2.75
353 30 0 2.5
320 17 0 2.25
72 11 0 2.5
132 13 0 2.25
162 26 0 1.75
49 6 0 1.5
192 25 0 1.0
298 27 0 3.5
211 2 0 3.25
59 9 0 1.75
261 21 0 1.0
210 30 0 3.0
233 3 0 1.0
175 28 0 3.25
76 56 0 1.5
249 1 0 3.0
357 15 0 1.5
156 58 0 2.25
6 18 0 3.5
26 13 0 2.5
254 20 0 1.0
195 16 0 1.75
18 17 0 2.0
61 1 0 2.0
183 6 0 2.5
305 16 0 2.0
123 26 0 3.75
93 8 0 1.5
295 14 0 3.5
12 26 0 1.25
53 22 0 2.75
162 14 0 1.0
83 7 0 3.0
125 4 0 4.0
122 2 0 2.0
231 17 0 4.0
354 27 0 1.5
68 13 0 2.5
37 18 0 1.25
121 15 0 2.75
297 24 0 4.0
284 8 0 3.5
3 67 0 2.0
255 24 0 1.0
41 2 0 1.25
297 36 0 3.75
308 46 0 3.0
314 20 0 1.75
262 24 0 2.25
181 7 0 2.75
172 7 0 2.0
18 7 0 3.25
142 13 0 3.0
100 1 0 3.0
333 1 0 3.25
288 22 0 2.0
317 24 0 3.75
162 2 0 2.5
236 7 0 3.75
204 37 0 2.25
266 15 0 2.75
162 2 0 2.75
185 28 0 2.5
130 24 0 1.5
16 17 0 1.75
349 23 0 1.25
0 18 0 3.5
311 14 0 2.25
333 18 0 1.0
149 21 0 3.75
277 12 0 3.75
292 21 0 3.25
80 19 0 1.5
200 76 0 1.75
117 21 0 3.5
92 28 0 3.0
146 21 0 3.0
244 12 0 3.25
210 16 0 3.75
103 22 0 2.0
152 30 0 1.75
214 19 0 2.0
3 24 0 3.0
46 14 0 2.0
81 6 0 4.0
337 7 0 1.75
150 28 0 1.5
206 14 0 2.75
212 38 0 3.0
253 56 0 3.5
273 10 0 1.0
91 8 0 3.0
341 5 0 1.75
134 6 0 3.75
260 7 0 2.75
227 19 0 3.25
236 26 0 3.75
89 16 0 3.25
132 4 0 3.25
100 29 0 1.0
180 11 0 1.0
31 59 0 2.75
104 0 0 3.0
290 22 0 2.5
211 55 0 3.0
219 26 0 3.0
44 15 0 3.5
261 17 0 1.25
81 11 0 1.75
20 14 0 1.0
60 1 0 2.0
277 52 0 1.0
259 24 0 1.0
160 20 0 2.0
91 52 0 3.5
25 11 0 2.5
147 30 0 2.25
301 19 0 2.25
243 13 0 2.0
121 3 0 1.75
69 11 0 4.0
83 15 0 3.75
114 7 0 1.0
72 30 0 2.5
213 48 0 4.0
247 52 0 2.75
166 28 0 1.25
137 20 0 1.75
141 25 0 3.5
35 29 0 2.75
93 11 0 1.25
112 22 0 3.25
173 1 0 2.75
323 0 0 3.25
105 58 0 2.75
337 4 0 2.25
90 20 0 3.5
205 2 0 2.5
208 29 0 2.75
312 49 0 2.75
193 7 0 3.25
24 12 0 3.75
39 17 0 1.25
221 12 0 2.25
251 12 0 3.75
58 44 0 2.75
243 0 0 4.0
196 14 0 4.0
74 3 0 3.75
323 13 0 2.0
73 25 0 1.5
246 18 0 2.0
194 0 0 3.5
349 24 0 3.0
298 0 0 3.75
138 1 0 2.25
64 22 0 4.0
259 7 0 2.25
169 12 0 1.25
291 13 0 4.0
31 9 0 3.25
113 11 0 3.75
94 65 0 1.75
62 25 0 4.0
306 25 0 1.5
357 39 0 1.0
90 69 0 3.25
22 2 0 3.25
328 8 0 2.5
116 26 0 3.5
46 24 0 1.75
14 9 0 3.25
314 17 0 1.25
297 2 0 3.75
340 6 0 1.75
98 17 0 3.75
272 9 0 3.25
14 60 0 1.75
263 2 0 3.25
26 30 0 3.75
213 12 0 2.5
230 28 0 3.5
314 18 0 1.0
352 5 0 4.0
18 30 0 1.0
72 19 0 2.25
193 25 0 2.75
118 13 0 3.5
15 6 0 2.25
316 14 0 1.25
172 15 0 1.5
341 15 0 3.0
51 22 0 4.0
73 4 0 2.0
188 28 0 1.0
341 17 0 1.75
95 30 0 4.0
139 23 0 3.25
186 14 0 1.0
338 7 0 4.0
111 8 0 2.5
54 12 0 1.0
46 10 0 3.75
313 3 0 1.0
268 20 0 1.75
68 15 0 2.5
282 76 0 2.5
233 9 0 2.5
181 20 0 3.5
342 1 0 2.0
220 10 0 3.25
74 26 0 3.25
317 2 0 2.0
319 1 0 2.5
250 77 0 1.75
158 52 0 2.5
8 55 0 3.75
68 22 0 3.25
311 11 0 1.5
285 6 0 3.75
155 0 0 1.0
325 29 0 2.0
183 4 0 3.25
291 17 0 2.5
336 14 0 1.25
3 3 0 1.25
229 56 0 1.5
52 5 0 2.25
359 20 0 3.0
75 7 0 2.75
243 2 0 2.25
352 21 0 3.5
223 3 0 1.25
208 8 0 2.25
88 37 0 3.25
328 2 0 2.75
339 7 0 3.75
167 1 0 1.5
328 3 0 3.75
181 50 0 3.75
300 48 0 1.25
9 2 0 2.25
79 26 0 3.25
277 4 0 2.25
127 24 0 1.25
245 5 0 4.0
214 1 0 3.5
264 22 0 3.5
304 20 0 2.0
278 44 0 1.25
299 54 0 2.0
320 24 0 3.5
5 14 0 3.25
281 8 0 1.0
236 26 0 2.75
312 1 0 2.0
352 70 0 2.5
308 24 0 1.25
280 6 0 1.75
164 4 0 3.25
60 15 0 3.75
51 42 0 3.0
308 17 0 2.0
256 14 0 2.75
63 28 0 1.0
71 24 0 3.75
24 19 0 1.25
63 21 0 2.25
224 11 0 2.25
358 20 0 1.75
216 3 0 1.25
280 17 0 2.25
217 23 0 1.0
70 20 0 2.25
85 40 0 3.75
357 4 0 3.25
228 4 0 2.5
231 4 0 2.75
224 33 0 1.75
200 10 0 3.0
73 29 0 2.75
267 16 0 3.75
35 10 0 1.25
79 4 0 2.5
31 35 0 3.0
175 8 0 1.75
73 3 0 1.25
108 16 0 2.0
186 15 0 1.75
300 24 0 3.0
34 22 0 1.5
124 0 0 1.75
349 3 0 3.5
255 13 0 1.0
277 24 0 2.5
133 7 0 3.25
71 28 0 1.5
126 29 0 3.5
8 56 0 3.25
157 20 0 1.25
137 2 0 3.0
157 10 0 1.5
31 23 0 2.0
168 21 0 4.0
295 52 0 2.75
183 4 0 2.0
257 21 0 1.5
278 52 0 2.5
353 15 0 2.5
21 22 0 3.75
11 7 0 3.75
31 14 0 1.0
319 17 0 2.25
257 12 0 3.5
64 21 0 2.75
123 7 0 3.25
52 15 0 3.0
307 9 0 2.25
65 3 0 3.5
224 22 0 1.5
77 29 0 2.25
250 40 0 2.0
46 30 0 1.5
348 24 0 3.25
49 13 0 2.25
308 26 0 2.25
33 52 0 2.5
43 1 0 3.75
83 26 0 1.0
184 28 0 2.5
125 10 0 4.0
71 23 0 2.25
114 29 0 3.75
77 4 0 1.5
242 2 0 2.0
165 27 0 2.75
338 27 0 3.25
212 11 0 1.25
189 40 0 3.25
277 25 0 4.0
201 28 0 1.0
174 44 0 2.25
179 49 0 3.75
128 46 0 3.75
231 6 0 1.5
148 13 0 1.0
40 16 0 1.5
121 25 0 3.0
219 17 0 2.25
354 29 0 1.5
333 30 0 3.25
237 13 0 3.75
100 19 0 2.25
173 25 0 1.5
41 38 0 2.5
184 15 0 3.25
236 30 0 1.0
131 6 0 3.75
218 3 0 2.5
23 24 0 4.0
266 15 0 1.0
268 4 0 3.25
74 18 0 4.0
107 3 0 1.75
214 6 0 3.0
56 4 0 3.5
178 2 0 3.75
321 11 0 4.0
189 28 0 2.25
179 24 0 2.0
102 24 0 2.5
285 24 0 1.5
105 10 0 2.0
355 17 0 3.75
161 24 0 3.0
154 71 0 2.25
183 14 0 3.0
49 49 0 1.0
47 13 0 1.75
65 28 0 2.5
98 9 0 1.25
282 23 0 2.25
229 4 0 3.5
69 6 0 3.0
18 61 0 1.25
344 29 0 1.25
336 28 0 3.75
198 6 0 1.5
222 20 0 4.0
298 16 0 2.0
56 30 0 4.0
180 13 0 2.25
303 30 0 2.5
307 49 0 3.75
19 3 0 3.25
25 4 0 2.25
245 13 0 3.25
236 22 0 3.75
285 34 0 1.5
215 14 0 3.0
50 22 0 3.0
308 27 0 2.0
79 13 0 1.25
237 41 0 3.75
125 5 0 4.0
4 38 0 1.0
264 24 0 2.25
223 26 0 2.25
198 5 0 4.0
82 36 0 3.0
305 15 0 2.0
296 66 0 2.25
201 4 0 2.5
241 15 0 1.0
97 12 0 3.0
170 20 0 2.75
160 17 0 2.0
243 1 0 2.5
75 1 0 1.5
175 12 0 1.5
11 11 0 3.5
97 9 0 4.0
193 26 0 1.0
262 10 0 3.0
139 34 0 3.5
52 20 0 2.25
315 14 0 2.0
91 3 0 1.0
307 12 0 4.0
339 29 0 2.75
357 6 0 2.0
200 19 0 3.5
144 17 0 3.75
326 11 0 1.75
28 10 0 3.5
34 9 0 2.25
355 8 0 3.25
78 2 0 1.75
278 13 0 3.0
189 14 0 3.25
244 4 0 4.0
130 50 0 3.0
329 12 0 1.25
265 14 0 2.0
53 27 0 1.25
218 10 0 4.0
278 7 0 4.0
49 23 0 1.5
268 7 0 3.75
118 9 0 2.5
355 20 0 2.0
161 1 0 4.0
83 12 0 1.5
20 40 0 3.5
16 19 0 4.0
8 16 0 3.25
351 25 0 3.25
87 17 0 1.75
53 23 0 2.5
294 4 0 2.25
151 9 0 3.5
25 14 0 3.75
144 29 0 2.75
129 8 0 1.25
262 25 0 3.75
31 13 0 1.5
333 53 0 2.25
102 9 0 3.75
54 18 0 4.0
168 8 0 3.75
341 4 0 1.5
258 35 0 2.5
275 0 0 3.75
349 69 0 3.25
109 18 0 2.5
283 29 0 4.0
345 15 0 2.25
46 12 0 2.5
188 30 0 3.5
104 5 0 3.75
187 8 0 4.0
184 12 0 4.0
168 6 0 1.5
188 36 0 3.75
36 18 0 3.0
292 19 0 1.75
56 26 0 1.25
55 9 0 1.25
181 8 0 3.5
105 5 0 4.0
70 26 0 2.25
345 30 0 3.25
318 7 0 3.75
333 44 0 2.0
337 10 0 1.5
64 8 0 1.25
263 15 0 1.75
167 60 0 3.5
1 12 0 4.0
151 25 0 1.75
268 10 0 1.75
355 10 0 3.25
78 23 0 1.5
60 2 0 4.0
133 30 0 2.75
230 11 0 3.0
216 8 0 3.25
165 24 0 3.25
26 16 0 1.75
185 3 0 3.5
187 64 0 1.25
326 7 0 1.0
266 0 0 2.25
330 30 0 1.75
63 5 0 1.5
250 11 0 3.0
124 2 0 1.0
290 30 0 3.0
338 27 0 3.0
212 2 0 3.75
310 27 0 4.0
82 57 0 3.25
208 3 0 3.25
220 28 0 3.75
13 9 0 2.75
54 20 0 3.25
260 5 0 1.5
203 2 0 1.75
352 19 0 2.25
345 7 0 2.25
288 24 0 2.75
243 1 0 3.0
29 22 0 3.0
60 19 0 3.0
80 25 0 3.0
118 25 0 3.0
204 20 0 3.75
41 3 0 3.25
107 18 0 2.5
347 15 0 3.75
180 11 0 1.25
263 12 0 1.25
20 21 0 3.0
27 26 0 3.0
162 16 0 2.75
326 23 0 3.75
67 13 0 1.25
126 14 0 2.75
229 20 0 2.0
213 15 0 3.5
295 35 0 4.0
71 18 0 3.5
265 20 0 1.25
128 28 0 3.25
52 4 0 1.75
193 29 0 3.5
317 0 0 4.0
236 4 0 4.0
213 21 0 3.0
211 24 0 4.0
92 26 0 3.25
36 23 0 1.25
230 21 0 1.5
71 21 0 2.25
309 6 0 3.25
202 24 0 1.25
156 28 0 1.5
115 14 0 2.0
63 6 0 3.25
153 6 0 3.5
111 21 0 1.75
72 27 0 3.25
262 14 0 3.5
348 26 0 2.5
26 41 0 1.75
121 30 0 2.25
275 19 0 1.25
56 0 0 1.0
204 51 0 1.0
6 13 0 2.75
98 46 0 1.75
190 0 0 3.5
359 31 0 1.25
105 21 0 1.75
338 10 0 3.75
31 4 0 3.5
201 30 0 3.75
200 9 0 2.0
88 79 0 2.25
294 30 0 4.0
311 19 0 2.25
18 16 0 3.75
313 9 0 3.25
237 54 0 3.0
89 13 0 1.5
62 2 0 4.0
2 19 0 4.0
125 3 0 2.0
324 18 0 1.75
165 30 0 2.25
274 18 0 2.75
287 26 0 2.5
131 13 0 2.0
260 46 0 2.5
110 20 0 1.75
202 4 0 2.0
178 4 0 3.5
339 4 0 2.25
334 16 0 2.75
218 19 0 4.0
227 18 0 1.0
17 20 0 1.25
347 11 0 1.0
149 18 0 4.0
15 76 0 4.0
58 1 0 3.75
254 4 0 1.75
223 20 0 2.5
193 10 0 3.25
148 30 0 2.5
317 52 0 1.0
334 29 0 2.25
311 22 0 2.0
230 29 0 3.0
298 19 0 1.5
264 15 0 3.75
44 6 0 2.0
273 9 0 4.0
100 9 0 3.5
66 29 0 2.0
145 19 0 1.5
132 18 0 3.5
177 14 0 1.25
209 27 0 4.0
111 16 0 2.25
42 7 0 3.0
47 24 0 1.0
336 8 0 2.75
159 26 0 3.25
63 14 0 2.25
72 10 0 1.5
331 73 0 2.75
337 3 0 2.75
86 19 0 4.0
316 23 0 3.5
78 16 0 3.0
244 26 0 1.75
108 23 0 2.25
12 12 0 2.25
104 17 0 3.5
193 12 0 1.0
263 1 0 3.5
259 6 0 1.25
257 18 0 2.25
25 22 0 1.75
353 16 0 2.75
1 20 0 1.25
121 27 0 1.25
44 68 0 2.0
247 52 0 4.0
62 7 0 3.25
332 9 0 2.75
19 16 0 4.0
45 56 0 2.5
255 31 0 1.25
221 21 0 3.75
158 1 0 3.5
341 7 0 2.75
191 11 0 3.25
185 76 0 2.75
74 21 0 4.0
17 9 0 4.0
292 15 0 2.5
356 0 0 1.25
48 3 0 2.5
277 13 0 2.75
78 1 0 3.0
184 25 0 2.0
115 1 0 1.75
150 9 0 3.0
10 17 0 2.5
134 20 0 2.75
241 2 0 1.5
241 5 0 4.0
269 13 0 3.75
252 23 0 3.75
288 6 0 1.5
203 18 0 2.0
174 1 0 1.25
287 4 0 3.5
305 55 0 1.75
34 0 0 1.0
62 16 0 1.5
353 31 0 3.25
148 16 0 2.0
180 50 0 2.75
248 41 0 3.75
163 18 0 3.5
14 79 0 3.25
114 24 0 2.25
281 19 0 1.75
47 21 0 2.25
95 52 0 3.25
296 53 0 1.5
183 10 0 1.0
98 25 0 2.75
116 63 0 1.5
275 38 0 2.25
284 19 0 3.0
144 42 0 1.25
40 16 0 3.75
157 29 0 1.0
308 66 0 3.0
345 53 0 2.5
250 13 0 4.0
267 10 0 2.75
357 9 0 3.5
41 5 0 3.25
145 11 0 1.5
98 13 0 1.75
280 15 0 1.75
24 19 0 2.0
186 18 0 2.0
13 16 0 1.75
45 8 0 1.75
9 10 0 1.5
85 2 0 1.75
243 7 0 3.25
251 20 0 3.0
29 28 0 3.75
359 18 0 1.0
311 15 0 2.75
191 19 0 1.75
218 25 0 4.0
286 4 0 1.25
84 77 0 2.75
247 6 0 3.5
303 17 0 2.75
357 66 0 1.0
249 23 0 2.5
34 9 0 3.75
143 26 0 2.0
156 4 0 3.5
155 11 0 3.25
289 14 0 1.0
271 20 0 1.25
328 29 0 2.5
202 51 0 2.0
51 7 0 1.0
5 3 0 1.5
207 3 0 3.75
121 27 0 2.0
263 27 0 3.25
6 29 0 2.25
315 80 0 3.0
206 22 0 3.5
154 7 0 3.75
30 5 0 2.75
54 21 0 1.25
228 1 0 1.25
299 4 0 2.5
48 6 0 2.0
23 78 0 2.75
236 16 0 3.0
298 24 0 2.25
267 10 0 3.0
191 22 0 2.0
306 31 0 2.0
100 8 0 4.0
126 1 0 3.0
172 29 0 2.5
172 24 0 3.75
34 5 0 3.25
87 19 0 2.0
112 26 0 1.25
219 30 0 3.5
54 14 0 3.25
145 16 0 2.75
65 27 0 1.5
210 29 0 3.75
160 12 0 3.0
69 29 0 2.75
140 4 0 2.0
113 7 0 1.0
312 9 0 2.5
60 47 0 1.0
135 20 0 3.75
187 0 0 3.25
283 1 0 3.75
158 75 0 1.0
286 50 0 3.5
347 9 0 2.75
314 14 0 3.5
124 10 0 2.75
2 18 0 1.75
13 7 0 3.75
335 44 0 3.5
189 29 0 3.75
317 30 0 1.5
67 16 0 3.25
162 2 0 3.25
326 8 0 4.0
356 16 0 4.0
282 49 0 3.5
79 12 0 3.75
50 14 0 3.5
33 24 0 4.0
40 0 0 1.75
285 11 0 3.25
3 25 0 1.25
0 14 0 2.75
241 4 0 1.0
33 20 0 3.25
304 3 0 2.5
164 13 0 2.75
42 18 0 1.75
141 24 0 1.5
359 28 0 1.75
200 18 0 3.75
152 2 0 2.75
258 5 0 3.25
268 20 0 1.25
27 28 0 2.75
343 17 0 2.25
268 22 0 3.0
92 28 0 1.0
145 54 0 2.25
110 10 0 2.5
351 32 0 3.75
354 16 0 3.25
260 6 0 2.75
236 6 0 1.0
351 16 0 2.5
59 75 0 1.75
133 10 0 3.0
41 14 0 3.75
91 16 0 2.0
106 3 0 3.25
20 6 0 3.5
10 6 0 3.5
119 24 0 3.0
150 19 0 3.25
225 1 0 1.75
275 27 0 4.0
352 19 0 2.5
331 21 0 2.5
9 25 0 3.5
21 5 0 1.25
224 9 0 1.0
36 17 0 2.75
332 12 0 3.0
236 12 0 2.5
80 18 0 1.0
223 28 0 1.25
203 15 0 3.0
149 25 0 2.5
90 28 0 1.0
93 23 0 2.75
340 14 0 3.5
319 70 0 3.25
281 28 0 3.0
357 12 0 1.75
327 12 0 3.75
68 22 0 1.75
235 27 0 4.0
63 45 0 1.0
329 5 0 1.25
106 5 0 4.0
137 7 0 1.0
177 15 0 1.0
75 5 0 3.5
102 1 0 1.0
95 23 0 3.25
315 15 0 3.75
104 1 0 3.25
52 21 0 4.0
141 30 0 3.0
194 13 0 3.0
277 13 0 3.75
0 18 0 2.5
316 10 0 2.75
319 29 0 1.75
268 29 0 4.0
301 14 0 3.5
73 13 0 1.5
16 3 0 4.0
188 5 0 3.5
193 12 0 1.25
231 1 0 2.75
82 8 0 3.25
181 16 0 1.25
71 9 0 2.5
140 1 0 2.75
173 12 0 2.0
75 45 0 3.75
23 44 0 2.0
189 7 0 3.0
291 19 0 3.75
132 30 0 2.75
118 20 0 1.5
217 21 0 3.0
143 5 0 4.0
204 44 0 1.5
50 8 0 4.0
52 24 0 4.0
353 5 0 2.5
24 64 0 1.75
294 22 0 1.25
93 19 0 3.25
8 25 0 1.25
261 0 0 1.5
52 46 0 2.0
242 9 0 4.0
356 14 0 4.0
100 43 0 2.5
11 27 0 3.5
266 17 0 3.75
3 54 0 1.0
320 19 0 1.5
340 11 0 2.75
153 5 0 1.0
58 63 0 2.0
211 14 0 4.0
292 23 0 3.0
125 29 0 2.25
106 9 0 2.75
170 28 0 1.25
162 29 0 1.75
233 10 0 1.75
232 25 0 2.75
163 37 0 2.25
114 0 0 4.0
344 10 0 4.0
254 22 0 3.0
251 28 0 3.0
333 26 0 1.25
38 7 0 2.5
3 17 0 2.75
128 1 0 3.5
216 15 0 1.25
86 28 0 1.5
7 51 0 3.5
81 29 0 4.0
229 16 0 1.5
195 2 0 2.0
318 27 0 3.75
278 17 0 1.0
231 25 0 2.0
259 2 0 1.75
333 11 0 3.5
350 17 0 1.5
82 15 0 1.5
30 18 0 2.75
143 12 0 3.75
101 22 0 2.5
326 19 0 3.5
144 19 0 2.0
119 10 0 3.5
207 3 0 1.0
143 22 0 1.75
345 25 0 2.5
63 1 0 4.0
228 20 0 1.75
216 10 0 3.0
77 19 0 1.25
96 26 0 1.75
320 27 0 3.25
200 15 0 2.5
199 20 0 2.25
336 25 0 2.0
187 5 0 1.5
196 23 0 1.5
152 13 0 4.0
168 19 0 4.0
338 0 0 3.25
138 29 0 3.0
274 7 0 2.0
169 20 0 1.25
301 18 0 2.75
179 11 0 2.75
250 8 0 1.75
32 0 0 1.25
262 15 0 1.0
115 12 0 2.5
136 9 0 4.0
104 22 0 1.25
143 18 0 2.75
335 7 0 2.5
200 20 0 1.0
119 27 0 1.0
214 78 0 3.75
231 17 0 2.0
149 3 0 1.0
209 25 0 4.0
228 53 0 3.75
34 17 0 2.25
132 77 0 1.75
155 13 0 1.5
174 24 0 1.5
55 22 0 3.25
305 18 0 3.0
101 1 0 3.75
130 16 0 1.0
67 15 0 2.25
254 14 0 3.0
49 5 0 3.0
48 18 0 2.0
19 16 0 3.5
85 10 0 2.0
93 0 0 1.0
150 2 0 2.5
185 10 0 1.75
6 11 0 3.25
227 17 0 1.25
123 13 0 2.5
201 0 0 3.25
26 25 0 3.25
56 2 0 1.75
136 8 0 2.5
36 38 0 2.5
234 17 0 2.75
207 20 0 3.5
275 41 0 4.0
305 13 0 1.0
314 15 0 2.5
122 16 0 1.75
234 60 0 2.5
169 15 0 1.25
340 5 0 3.5
242 23 0 3.25
293 30 0 1.0
63 19 0 2.75
277 22 0 2.75
233 33 0 4.0
41 40 0 1.5
70 69 0 3.75
268 29 0 1.0
117 19 0 4.0
209 3 0 1.0
7 25 0 3.25
81 9 0 2.5
64 17 0 2.25
51 27 0 1.0
249 25 0 1.5
130 3 0 2.5
105 34 0 3.25
8 4 0 1.75
331 25 0 4.0
221 27 0 3.25
270 25 0 3.0
39 6 0 2.5
71 13 0 2.5
296 25 0 3.0
286 10 0 2.5
57 9 0 3.5
199 16 0 3.75
294 30 0 3.5
11 17 0 3.25
117 2 0 1.0
75 61 0 1.75
164 6 0 3.75
131 44 0 4.0
309 0 0 1.25
45 24 0 2.25
268 2 0 2.0
314 16 0 2.0
207 10 0 2.5
0 17 0 3.5
249 26 0 3.75
108 0 0 2.5
107 25 0 1.25
21 14 0 2.75
301 6 0 2.5
44 17 0 4.0
275 16 0 2.5
196 17 0 3.25
157 38 0 2.5
186 9 0 1.25
64 26 0 3.0
117 18 0 2.75
139 25 0 1.75
299 30 0 3.25
172 2 0 1.5
173 0 0 2.75
276 15 0 3.5
278 29 0 2.75
260 5 0 2.25
27 2 0 2.25
173 2 0 2.0
162 13 0 3.75
52 27 0 3.25
204 6 0 2.5
359 7 0 2.25
252 24 0 4.0
200 22 0 2.25
82 5 0 2.5
167 17 0 1.75
165 24 0 2.25
270 3 0 1.0
149 24 0 4.0
265 19 0 1.25
165 11 0 2.0
206 14 0 1.5
219 28 0 3.5
318 19 0 1.5
223 23 0 3.25
107 17 0 1.25
187 6 0 3.5
16 39 0 2.75
72 0 0 1.75
183 1 0 1.0
255 12 0 1.25
31 6 0 4.0
3 12 0 2.75
222 8 0 2.5
213 24 0 2.25
229 4 0 1.25
335 9 0 1.25
279 26 0 2.0
136 3 0 1.75
179 5 0 1.5
247 72 0 3.5
280 26 0 3.0
61 16 0 1.5
263 6 0 2.5
359 7 0 2.75
275 9 0 3.0
332 13 0 3.25
113 23 0 4.0
251 47 0 3.0
158 15 0 2.75
209 29 0 1.75
297 32 0 2.0
162 20 0 1.0
16 21 0 4.0
81 22 0 2.25
58 18 0 1.25
44 10 0 2.25
315 57 0 2.25
206 20 0 3.25
47 19 0 1.75
102 11 0 2.25
183 10 0 3.5
155 2 0 1.0
329 13 0 2.75
275 6 0 2.0
78 15 0 1.25
289 8 0 1.5
70 18 0 1.25
76 9 0 1.25
195 10 0 2.25
116 24 0 1.25
20 3 0 2.75
141 17 0 4.0
3 2 0 1.75
39 23 0 3.75
276 10 0 2.25
313 23 0 2.0
178 8 0 2.25
148 30 0 2.0
83 6 0 2.5
178 14 0 2.0
285 29 0 1.75
49 3 0 1.75
145 11 0 1.75
266 4 0 2.25
97 6 0 2.5
219 14 0 3.0
155 18 0 4.0
33 12 0 1.75
239 27 0 3.0
106 7 0 3.25
115 14 0 2.25
9 3 0 2.75
335 29 0 2.5
296 20 0 2.0
10 55 0 1.25
296 26 0 3.75
172 30 0 1.5
31 20 0 1.5
236 28 0 1.75
18 3 0 3.0
121 10 0 2.0
290 5 0 3.0
353 29 0 1.0
141 26 0 2.25
356 19 0 3.0
158 32 0 3.0
275 24 0 2.0
223 11 0 1.25
180 8 0 3.25
48 23 0 1.5
162 22 0 3.25
275 43 0 2.5
195 56 0 2.75
242 20 0 1.25
83 8 0 1.0
252 12 0 1.0
278 16 0 2.25
138 0 0 3.5
290 11 0 1.0
310 10 0 3.0
201 13 0 4.0
280 22 0 2.0
125 3 0 1.5
192 9 0 1.25
53 20 0 3.25
194 12 0 2.5
134 19 0 4.0
51 0 0 2.5
114 43 0 3.25
282 6 0 2.5
310 24 0 2.75
144 25 0 2.25
75 16 0 3.0
24 1 0 1.25
257 12 0 3.0
254 8 0 3.5
46 18 0 2.5
175 16 0 2.75
260 27 0 2.5
242 22 0 1.0
60 1 0 1.75
205 5 0 2.5
29 16 0 2.0
205 4 0 3.0
327 3 0 2.25
35 56 0 2.25
10 25 0 1.25
251 30 0 1.75
297 25 0 3.0
49 23 0 2.25
295 26 0 1.75
341 13 0 1.25
341 54 0 1.75
336 1 0 1.0
349 17 0 1.0
307 55 0 3.75
249 30 0 3.25
10 1 0 2.0
247 11 0 1.0
291 22 0 2.25
250 9 0 1.75
297 5 0 1.5
27 10 0 1.5
7 8 0 2.0
288 6 0 2.25
305 15 0 1.0
127 22 0 3.75
330 12 0 1.5
5 20 0 2.5
207 9 0 1.25
240 17 0 3.5
130 6 0 3.75
34 5 0 3.0
336 7 0 4.0
140 15 0 2.25
309 25 0 4.0
306 19 0 3.0
82 13 0 2.5
188 8 0 3.0
41 46 0 2.5
330 24 0 2.0
45 45 0 1.0
358 41 0 2.25
16 57 0 1.0
116 46 0 2.5
142 5 0 3.0
66 24 0 3.75
103 7 0 2.5
147 13 0 1.0
302 5 0 4.0
114 7 0 2.0
177 30 0 2.0
6 36 0 2.25
287 29 0 3.75
328 41 0 2.0
0 21 0 2.25
175 29 0 2.25
37 11 0 3.75
326 24 0 4.0
9 12 0 1.25
206 31 0 1.5
235 2 0 2.0
153 28 0 2.75
188 21 0 1.0
47 12 0 3.75
40 2 0 1.25
169 17 0 4.0
226 1 0 1.75
163 23 0 1.5
65 19 0 3.5
25 39 0 3.0
296 38 0 2.75
346 12 0 4.0
123 0 0 2.75
95 23 0 3.75
308 18 0 2.0
64 7 0 1.25
167 20 0 1.75
245 34 0 2.75
156 11 0 2.0
292 5 0 3.5
4 8 0 2.0
4 12 0 2.75
152 6 0 1.0
350 29 0 4.0
311 17 0 2.25
17 2 0 2.0
2 4 0 3.75
66 0 0 1.25
27 13 0 2.0
262 24 0 2.0
284 28 0 1.0
221 2 0 1.5
267 4 0 2.75
101 28 0 1.0
265 14 0 1.75
259 9 0 2.75
257 11 0 1.5
208 8 0 3.25
223 9 0 3.5
266 5 0 1.25
101 64 0 3.75
28 29 0 1.5
193 13 0 1.25
290 28 0 3.25
355 2 0 3.75
107 3 0 2.25
252 5 0 2.25
38 0 0 3.0
86 5 0 1.5
227 25 0 2.5
25 0 0 1.5
226 14 0 2.0
102 23 0 1.0
70 18 0 2.25
122 21 0 1.5
235 11 0 3.25
295 0 0 4.0
180 45 0 3.75
57 29 0 2.0
34 1 0 4.0
2 20 0 2.25
284 55 0 3.75
322 34 0 2.0
220 17 0 2.0
171 25 0 1.0
258 14 0 1.75
69 65 0 1.75
285 5 0 1.5
191 29 0 3.75
177 8 0 3.5
37 8 0 3.75
357 7 0 2.0
95 24 0 3.25
76 27 0 1.75
262 16 0 2.75
238 13 0 3.75
64 1 0 1.75
240 2 0 1.0
131 1 0 2.0
241 6 0 1.0
156 22 0 1.25
28 1 0 2.75
124 24 0 1.0
291 3 0 2.0
18 3 0 3.25
19 14 0 1.75
84 29 0 1.0
248 22 0 3.0
298 66 0 3.75
63 15 0 3.5
147 42 0 4.0
14 1 0 3.0
201 30 0 1.5
228 1 0 2.25
156 11 0 3.0
52 21 0 3.75
10 30 0 3.75
257 67 0 3.0
239 45 0 1.25
115 16 0 3.5
60 63 0 1.0
158 6 0 1.5
350 4 0 2.0
183 39 0 1.5
11 13 0 4.0
14 10 0 2.25
353 14 0 2.25
79 26 0 2.75
354 28 0 4.0
245 4 0 3.75
83 27 0 3.75
2 21 0 3.0
71 76 0 1.25
80 7 0 2.5
324 11 0 2.0
163 18 0 3.25
202 5 0 3.5
150 32 0 1.5
65 17 0 1.0
71 21 0 1.0
239 6 0 2.0
105 3 0 3.5
270 7 0 2.75
344 1 0 1.0
259 4 0 3.25
336 5 0 4.0
242 8 0 3.0
190 7 0 2.0
169 16 0 1.75
5 12 0 4.0
320 19 0 2.25
252 23 0 2.75
310 0 0 3.5
208 15 0 1.75
135 5 0 2.5
277 3 0 1.0
308 18 0 4.0
211 11 0 3.75
212 51 0 1.75
36 1 0 1.25
311 79 0 2.75
242 25 0 1.0
244 0 0 1.75
34 6 0 3.0
28 24 0 2.25
243 18 0 1.5
13 15 0 1.75
268 14 0 3.5
268 27 0 3.25
209 29 0 3.25
340 3 0 1.75
158 29 0 3.0
133 17 0 4.0
165 14 0 2.25
306 17 0 3.0
149 2 0 3.0
256 10 0 1.5
235 2 0 1.5
126 62 0 1.25
187 5 0 3.75
253 6 0 3.5
91 18 0 4.0
312 59 0 2.5
67 5 0 2.0
250 3 0 2.75
317 6 0 1.5
164 19 0 2.75
33 20 0 2.5
130 18 0 2.75
0 38 0 3.5
34 16 0 2.0
24 13 0 4.0
123 29 0 4.0
300 22 0 3.0
319 29 0 3.75
190 9 0 2.0
210 2 0 1.5
270 21 0 3.75
129 14 0 1.25
93 25 0 3.25
64 2 0 2.5
240 2 0 2.75
115 25 0 2.75
162 22 0 4.0
57 14 0 3.75
359 49 0 1.75
75 28 0 1.25
42 26 0 1.5
78 11 0 3.75
173 8 0 1.0
25 24 0 4.0
253 34 0 1.25
69 27 0 2.0
347 25 0 1.0
330 52 0 2.25
4 52 0 1.25
280 7 0 3.5
189 29 0 2.25
234 23 0 3.0
306 10 0 2.0
346 28 0 2.5
5 24 0 2.0
238 10 0 1.5
31 1 0 3.0
234 21 0 3.25
259 7 0 1.25
112 8 0 2.75
63 3 0 2.5
155 6 0 1.75
124 6 0 1.0
103 12 0 2.75
270 21 0 2.75
194 21 0 2.25
298 1 0 1.75
312 9 0 1.5
318 4 0 2.5
57 11 0 1.0
210 20 0 1.25
12 8 0 1.0
217 0 0 3.75
46 9 0 4.0
62 67 0 2.25
38 23 0 3.0
63 29 0 3.5
272 24 0 2.25
257 20 0 2.0
175 5 0 4.0
203 22 0 3.0
123 0 0 3.5
243 30 0 1.75
122 4 0 2.5
270 19 0 2.75
217 16 0 1.25
148 4 0 3.25
287 30 0 3.75
315 8 0 3.5
122 8 0 2.0
112 2 0 2.0
347 24 0 1.0
353 1 0 2.75
262 17 0 2.25
148 19 0 1.0
265 54 0 3.75
182 7 0 3.25
356 22 0 2.5
274 15 0 2.0
228 22 0 1.75
204 9 0 2.25
260 9 0 3.0
61 47 0 3.5
237 24 0 1.5
55 21 0 2.75
307 7 0 2.5
9 27 0 1.5
188 66 0 1.25
150 5 0 3.5
285 21 0 2.25
207 21 0 1.75
359 29 0 3.75
283 30 0 2.0
135 14 0 2.75
21 49 0 1.5
121 32 0 2.5
86 5 0 4.0
201 29 0 4.0
97 29 0 1.5
315 21 0 3.25
85 13 0 1.5
208 25 0 2.0
243 28 0 3.75
223 2 0 3.5
229 25 0 1.25
57 3 0 3.75
264 7 0 2.25
267 20 0 3.5
46 68 0 2.75
66 8 0 3.0
136 15 0 3.0
136 20 0 4.0
140 48 0 2.5
326 12 0 2.5
173 13 0 2.25
32 22 0 2.75
308 23 0 2.0
12 13 0 2.75
174 2 0 3.0
221 10 0 1.0
152 1 0 3.25
172 17 0 3.25
238 14 0 3.75
100 9 0 1.25
324 29 0 2.5
106 11 0 1.75
73 24 0 4.0
307 5 0 1.0
275 28 0 1.75
305 10 0 2.25
288 27 0 1.25
21 27 0 2.0
171 17 0 3.25
347 27 0 1.0
234 2 0 2.75
192 0 0 3.25
66 2 0 2.5
82 12 0 2.25
181 15 0 2.0
5 15 0 3.75
215 18 0 1.75
358 15 0 3.5
225 2 0 3.0
38 21 0 2.75
197 29 0 3.5
75 12 0 1.75
307 53 0 3.75
138 46 0 1.0
111 63 0 2.0
70 14 0 4.0
193 8 0 2.25
315 7 0 2.25
12 21 0 2.25
44 59 0 2.25
321 0 0 3.5
51 30 0 2.0
302 20 0 1.5
42 16 0 2.75
50 21 0 2.5
333 40 0 2.25
110 5 0 3.5
220 49 0 4.0
179 79 0 3.0
191 57 0 3.75
109 22 0 2.25
111 1 0 3.25
10 6 0 3.0
32 1 0 1.75
51 39 0 2.75
173 30 0 3.25
246 3 0 3.5
52 29 0 2.75
134 7 0 2.75
6 57 0 1.5
87 21 0 1.0
138 56 0 1.5
209 14 0 1.0
306 23 0 3.75
40 6 0 2.25
52 7 0 3.75
248 13 0 1.25
358 30 0 3.25
318 6 0 3.25
254 26 0 3.75
247 12 0 4.0
294 16 0 2.75
327 0 0 2.75
182 29 0 2.0
297 59 0 1.25
358 4 0 4.0
129 7 0 2.25
274 1 0 3.25
359 22 0 2.25
190 25 0 1.25
74 65 0 2.0
262 27 0 2.0
181 17 0 2.25
218 59 0 1.5
185 1 0 1.0
209 24 0 1.25
191 3 0 3.75
168 28 0 3.5
311 12 0 1.5
4 24 0 2.25
83 1 0 2.0
202 30 0 4.0
13 24 0 3.25
133 18 0 2.75
283 11 0 1.0
90 16 0 2.0
344 76 0 1.5
4 29 0 2.75
271 21 0 3.75
146 7 0 3.25
71 14 0 2.0
179 44 0 2.0
179 13 0 2.25
271 29 0 1.0
220 30 0 2.0
209 21 0 3.25
126 21 0 1.5
183 33 0 2.25
239 28 0 1.25
335 75 0 3.5
119 7 0 3.25
350 6 0 2.75
252 20 0 1.25
78 7 0 3.5
148 28 0 3.75
135 11 0 2.5
256 5 0 1.5
150 70 0 3.25
179 13 0 1.0
195 23 0 3.0
276 16 0 1.5
18 7 0 3.5
151 12 0 3.5
295 28 0 2.5
291 8 0 1.0
281 11 0 1.5
151 11 0 1.5
124 5 0 3.5
276 6 0 2.25
204 9 0 3.5
257 9 0 2.0
6 30 0 2.5
160 16 0 1.5
267 24 0 1.75
156 24 0 2.75
164 29 0 1.5
294 0 0 3.25
334 0 0 2.0
328 13 0 2.25
272 19 0 4.0
331 5 0 1.75
285 20 0 1.5
317 2 0 4.0
165 27 0 2.5
301 23 0 2.5
127 11 0 2.75
280 24 0 3.5
283 0 0 2.75
180 19 0 1.75
75 23 0 1.75
18 17 0 3.25
151 7 0 1.5
172 20 0 1.0
103 60 0 1.25
136 5 0 3.5
150 27 0 2.0
44 12 0 1.0
119 19 0 2.75
182 17 0 2.0
0 13 0 2.5
106 41 0 3.25
307 28 0 1.75
148 41 0 1.75
203 20 0 1.5
112 17 0 4.0
190 9 0 1.25
47 10 0 2.75
61 15 0 3.5
252 18 0 2.5
29 42 0 1.5
247 26 0 2.5
186 1 0 2.5
129 21 0 2.5
283 66 0 2.0
268 19 0 3.0
128 6 0 1.0
159 20 0 3.5
237 26 0 1.25
292 1 0 1.75
37 5 0 3.5
284 0 0 2.75
66 28 0 3.0
22 15 0 3.25
125 5 0 1.75
23 14 0 1.5
271 3 0 3.5
49 8 0 2.0
274 2 0 2.25
177 6 0 3.0
94 27 0 2.0
208 22 0 1.25
239 29 0 4.0
328 12 0 3.75
226 19 0 3.75
169 2 0 1.75
23 25 0 1.5
113 28 0 2.0
45 28 0 3.75
24 4 0 2.25
155 11 0 2.5
49 15 0 3.5
210 15 0 2.5
275 7 0 2.0
48 9 0 1.5
269 19 0 2.25
188 9 0 1.25
311 14 0 4.0
356 27 0 3.25
106 34 0 2.5
92 80 0 3.5
22 20 0 3.5
280 29 0 2.5
160 19 0 3.75
142 24 0 2.25
251 4 0 1.25
177 29 0 1.25
14 4 0 1.0
47 4 0 1.5
14 20 0 1.75
141 9 0 4.0
341 67 0 3.25
147 3 0 3.5
213 29 0 1.0
13 13 0 2.0
60 7 0 3.25
309 18 0 2.25
207 9 0 3.0
290 23 0 1.5
220 5 0 1.5
2 6 0 3.25
214 11 0 2.0
51 30 0 1.25
339 67 0 3.25
203 24 0 2.75
134 31 0 3.75
219 11 0 2.75
10 29 0 1.25
159 27 0 4.0
336 10 0 1.0
235 18 0 3.25
309 10 0 1.0
93 9 0 1.5
272 15 0 3.25
273 18 0 3.0
30 17 0 2.0
341 11 0 2.5
287 8 0 1.25
189 17 0 4.0
131 64 0 3.5
145 25 0 2.5
48 7 0 2.75
76 28 0 2.75
148 18 0 1.5
318 1 0 3.0
114 25 0 1.5
253 22 0 1.0
60 25 0 3.25
58 7 0 1.5
35 15 0 1.25
318 8 0 3.25
294 28 0 2.25
103 29 0 2.0
72 10 0 3.5
191 11 0 4.0
150 4 0 2.5
238 26 0 3.5
143 15 0 2.25
234 22 0 2.5
85 19 0 3.25
136 2 0 2.25
184 0 0 1.5
331 0 0 1.0
309 10 0 1.75
281 19 0 1.5
176 40 0 1.0
37 47 0 1.25
352 25 0 2.0
311 6 0 3.25
47 22 0 4.0
56 9 0 2.75
212 14 0 1.0
32 10 0 3.5
262 9 0 2.5
224 16 0 3.5
226 14 0 2.25
303 21 0 1.0
71 18 0 3.25
143 11 0 3.75
137 18 0 1.25
63 2 0 3.0
35 0 0 2.25
228 25 0 2.25
64 2 0 3.25
241 33 0 3.0
346 23 0 2.75
305 7 0 2.25
143 10 0 1.0
221 10 0 3.0
143 6 0 3.0
330 29 0 1.5
265 15 0 2.25
254 5 0 3.75
128 13 0 2.25
295 27 0 1.25
271 29 0 1.75
186 16 0 3.5
228 19 0 3.25
91 30 0 1.0
88 59 0 1.25
248 28 0 3.5
283 11 0 1.5
97 20 0 4.0
5 25 0 2.0
277 17 0 3.75
223 6 0 3.5
233 14 0 3.25
260 29 0 1.0
279 11 0 2.25
4 18 0 3.5
80 22 0 4.0
265 3 0 3.75
57 10 0 1.0
88 21 0 1.75
266 16 0 1.75
78 7 0 3.0
73 4 0 2.25
30 4 0 1.0
277 3 0 2.25
86 25 0 2.0
188 0 0 3.5
176 6 0 1.5
196 11 0 1.5
175 21 0 2.5
169 13 0 2.75
65 5 0 2.5
56 7 0 3.25
19 15 0 3.75
160 30 0 4.0
16 29 0 3.25
283 19 0 1.0
192 20 0 2.5
351 10 0 1.5
8 12 0 3.75
7 11 0 3.5
295 7 0 1.5
166 14 0 1.75
4 0 0 1.75
245 11 0 1.25
193 28 0 1.5
261 20 0 3.75
87 22 0 3.75
178 15 0 2.0
74 41 0 3.75
245 7 0 1.75
260 12 0 1.75
82 16 0 2.0
210 20 0 3.5
238 0 0 4.0
1 7 0 1.25
357 13 0 3.75
172 59 0 4.0
190 24 0 3.5
78 1 0 4.0
327 36 0 3.5
87 28 0 2.75
11 24 0 3.5
348 16 0 3.5
179 25 0 2.5
259 17 0 4.0
84 33 0 3.5
227 6 0 1.75
166 15 0 3.25
301 44 0 3.5
294 6 0 2.25
317 26 0 3.25
314 27 0 4.0
177 22 0 1.75
141 45 0 2.0
355 9 0 1.75
236 25 0 3.75
108 12 0 2.25
66 7 0 3.25
173 25 0 1.75
46 6 0 3.0
172 2 0 3.25
220 8 0 3.75
232 22 0 1.5
44 20 0 3.0
203 11 0 1.0
75 28 0 1.75
221 26 0 1.5
146 18 0 1.75
13 27 0 2.25
58 3 0 2.0
39 14 0 3.5
328 13 0 3.75
259 19 0 2.0
250 25 0 4.0
247 16 0 1.5
127 30 0 3.75
193 56 0 1.0
221 28 0 2.25
154 64 0 3.5
149 14 0 1.25
39 21 0 2.75
247 5 0 2.0
231 12 0 3.0
301 22 0 2.75
81 12 0 3.5
151 12 0 1.25
142 16 0 2.75
132 24 0 1.5
56 15 0 1.25
213 18 0 3.0
217 9 0 3.5
314 23 0 2.5
120 16 0 2.0
26 24 0 3.0
270 19 0 1.0
70 16 0 2.75
326 16 0 3.5
237 16 0 2.25
39 16 0 2.75
208 15 0 3.25
50 20 0 2.25
195 28 0 3.75
98 3 0 3.25
78 0 0 1.25
156 19 0 1.5
257 36 0 1.75
126 24 0 2.75
41 4 0 2.75
282 3 0 3.25
267 14 0 3.25
11 5 0 3.25
190 21 0 3.75
279 29 0 1.25
110 61 0 4.0
155 4 0 2.75
161 27 0 1.0
113 33 0 2.75
137 19 0 1.25
199 27 0 1.75
322 13 0 3.25
279 9 0 3.25
27 29 0 1.25
111 20 0 2.0
208 12 0 3.25
23 24 0 2.25
103 25 0 3.5
313 29 0 3.75
173 22 0 2.0
261 20 0 3.25
182 11 0 3.75
43 33 0 1.5
48 78 0 3.25
219 2 0 3.0
302 8 0 4.0
131 11 0 4.0
329 11 0 2.25
104 7 0 3.0
175 25 0 1.75
100 21 0 2.0
112 23 0 3.75
285 11 0 4.0
29 9 0 1.5
260 7 0 4.0
336 28 0 1.0
70 13 0 3.75
262 7 0 3.5
278 9 0 2.5
125 24 0 2.25
228 30 0 2.25
262 1 0 1.0
32 4 0 1.5
49 30 0 1.0
190 7 0 3.25
59 14 0 4.0
155 27 0 3.5
113 35 0 1.0
242 1 0 3.5
322 10 0 4.0
62 11 0 3.25
84 16 0 3.0
219 1 0 2.75
306 9 0 2.5
346 3 0 1.25
74 18 0 1.0
135 2 0 1.25
119 25 0 2.0
61 9 0 3.75
279 2 0 2.5
310 8 0 2.0
262 14 0 3.75
27 6 0 2.75
60 5 0 1.25
188 12 0 1.5
167 15 0 1.25
6 5 0 2.25
24 28 0 2.0
65 10 0 1.25
106 0 0 3.75
220 0 0 2.75
147 17 0 3.25
263 6 0 2.25
30 16 0 4.0
41 11 0 3.75
269 7 0 3.25
260 14 0 4.0
185 33 0 2.25
91 17 0 1.25
205 64 0 2.5
247 26 0 2.0
295 24 0 2.0
53 14 0 1.5
320 36 0 1.0
38 18 0 2.0
244 23 0 2.5
134 24 0 1.5
319 17 0 1.75
186 29 0 2.0
7 44 0 2.25
180 21 0 3.5
215 78 0 1.25
26 19 0 2.5
348 4 0 1.25
281 15 0 3.0
114 27 0 1.75
243 14 0 2.0
45 1 0 2.75
143 14 0 4.0
301 21 0 3.0
227 6 0 1.5
47 17 0 3.75
334 2 0 1.5
226 14 0 2.5
106 13 0 1.25
96 16 0 3.75
205 26 0 3.25
99 48 0 1.75
238 64 0 1.25
288 39 0 1.75
13 23 0 3.5
121 11 0 2.75
79 4 0 3.5
113 17 0 2.0
221 26 0 2.75
282 13 0 3.25
313 19 0 1.75
194 0 0 1.5
319 9 0 1.75
116 21 0 2.0
276 23 0 2.0
160 22 0 3.5
51 0 0 4.0
220 45 0 2.5
317 9 0 2.5
268 27 0 1.75
287 56 0 1.5
51 22 0 3.5
356 17 0 2.0
22 16 0 3.5
315 26 0 2.75
179 15 0 2.75
279 30 0 2.0
20 16 0 3.75
30 10 0 2.75
185 17 0 2.75
122 19 0 2.5
69 15 0 2.5
247 10 0 2.0
192 16 0 1.0
105 75 0 2.25
272 19 0 3.75
205 3 0 3.75
222 18 0 1.25
24 8 0 3.5
122 5 0 3.0
137 8 0 2.25
300 30 0 4.0
212 1 0 2.25
359 15 0 2.25
66 30 0 3.25
51 18 0 2.5
357 24 0 3.25
239 11 0 2.75
214 25 0 3.75
242 27 0 2.25
263 7 0 3.75
218 2 0 3.25
42 28 0 3.5
115 27 0 2.25
135 23 0 1.0
123 2 0 1.25
264 13 0 2.25
151 11 0 1.0
18 7 0 2.75
178 12 0 3.75
5 12 0 2.5
289 27 0 3.0
345 0 0 4.0
26 14 0 2.0
42 25 0 1.25
92 63 0 3.75
14 19 0 1.0
301 12 0 2.75
146 3 0 3.0
332 17 0 1.0
35 19 0 3.5
296 28 0 1.75
314 23 0 1.75
28 36 0 2.75
147 27 0 2.75
155 30 0 3.5
174 4 0 1.0
165 29 0 3.75
61 14 0 2.75
24 24 0 3.25
193 71 0 3.75
214 12 0 3.0
170 2 0 1.5
126 14 0 1.25
77 16 0 1.75
240 22 0 1.0
331 8 0 1.0
58 6 0 3.75
4 18 0 2.25
304 20 0 4.0
129 6 0 3.5
271 23 0 3.75
220 30 0 3.0
158 20 0 3.75
17 23 0 2.75
341 5 0 2.25
274 12 0 3.75
163 16 0 3.25
118 11 0 1.25
350 6 0 3.5
219 24 0 3.0
52 18 0 1.75
205 10 0 3.75
215 6 0 1.5
67 19 0 2.25
164 3 0 3.0
234 22 0 2.75
359 17 0 3.75
302 1 0 3.25
0 15 0 2.25
212 1 0 2.0
343 8 0 3.25
307 6 0 3.5
61 15 0 2.5
343 3 0 3.0
147 4 0 3.0
93 8 0 1.25
229 23 0 2.0
47 8 0 2.75
339 8 0 3.5
327 50 0 3.5
128 23 0 1.25
10 0 0 4.0
129 30 0 3.5
25 12 0 1.5
265 30 0 1.25
52 9 0 3.75
237 27 0 2.25
189 28 0 3.25
204 48 0 2.0
350 5 0 2.75
252 5 0 2.5
316 11 0 2.5
115 9 0 3.0
353 24 0 4.0
293 3 0 3.5
197 9 0 2.0
1 0 0 3.0
118 55 0 1.5
272 5 0 4.0
195 4 0 2.0
266 13 0 4.0
162 10 0 1.25
316 0 0 3.75
119 30 0 1.0
150 12 0 1.25
323 21 0 2.5
256 17 0 4.0
137 27 0 3.5
329 13 0 4.0
138 15 0 3.0
251 7 0 3.0
312 13 0 1.5
342 8 0 3.0
74 10 0 4.0
233 28 0 3.75
353 27 0 3.75
247 5 0 3.75
294 10 0 1.75
113 19 0 4.0
48 56 0 2.0
155 4 0 1.5
45 18 0 3.5
22 2 0 2.75
163 2 0 3.75
163 40 0 1.0
104 49 0 1.5
6 0 0 2.0
277 5 0 2.5
231 21 0 1.75
257 21 0 2.0
83 11 0 1.5
125 20 0 1.0
89 28 0 3.25
230 24 0 2.75
205 26 0 1.5
65 4 0 4.0
145 19 0 3.0
211 16 0 2.25
314 11 0 1.25
52 4 0 2.75
64 9 0 1.0
11 11 0 2.5
99 24 0 2.5
267 15 0 1.5
200 14 0 3.25
146 59 0 2.75
3 23 0 1.75
100 27 0 1.0
182 0 0 2.0
107 24 0 2.25
142 2 0 2.25
220 8 0 1.75
4 48 0 1.0
23 26 0 1.5
88 4 0 3.0
52 17 0 2.25
169 23 0 2.75
316 18 0 1.25
83 20 0 1.0
38 18 0 1.0
191 8 0 2.0
254 7 0 4.0
276 28 0 1.0
78 8 0 2.5
68 3 0 1.0
71 15 0 2.75
295 29 0 4.0
42 20 0 1.5
331 17 0 2.25
327 22 0 3.5
79 3 0 1.0
75 4 0 3.5
136 17 0 1.75
28 30 0 2.0
56 26 0 3.5
312 54 0 1.75
339 21 0 2.0
195 17 0 1.5
159 14 0 3.5
320 7 0 3.25
216 5 0 2.75
177 29 0 1.75
347 18 0 2.0
316 28 0 1.25
40 41 0 3.0
316 20 0 2.5
102 9 0 2.25
338 28 0 1.5
101 7 0 2.0
94 18 0 1.25
202 4 0 2.5
111 9 0 3.75
134 27 0 2.75
245 19 0 3.0
163 26 0 2.0
339 3 0 3.75
85 26 0 3.5
256 0 0 3.75
174 27 0 2.25
237 23 0 3.5
216 22 0 2.75
140 16 0 2.75
134 14 0 1.5
227 55 0 3.5
262 15 0 1.75
126 2 0 2.25
278 55 0 2.75
29 64 0 1.75
227 12 0 1.0
301 0 0 1.0
17 22 0 1.5
326 13 0 2.5
199 18 0 3.0
157 1 0 3.5
129 12 0 3.25
187 5 0 3.5
7 69 0 2.0
100 22 0 3.75
126 44 0 3.5
330 12 0 3.75
104 8 0 1.5
105 27 0 1.25
345 12 0 4.0
202 0 0 2.5
228 20 0 3.5
227 9 0 3.5
115 49 0 3.5
37 17 0 3.0
200 39 0 4.0
181 23 0 2.75
261 6 0 4.0
216 21 0 3.75
245 39 0 2.75
330 61 0 2.75
350 35 0 3.5
210 2 0 2.25
334 18 0 3.5
56 17 0 3.5
21 27 0 3.5
222 76 0 1.0
92 3 0 1.25
87 30 0 1.5
215 0 0 2.5
12 27 0 1.75
137 3 0 3.25
25 9 0 1.5
15 13 0 1.5
347 69 0 1.5
157 2 0 1.0
84 5 0 2.5
195 13 0 3.5
331 21 0 1.5
219 3 0 2.0
16 28 0 2.75
51 23 0 2.25
97 33 0 2.75
167 26 0 2.0
85 10 0 2.5
71 20 0 2.25
29 13 0 1.5
257 7 0 3.25
209 58 0 2.0
319 21 0 1.75
316 29 0 1.0
252 54 0 3.0
75 17 0 1.75
228 23 0 3.0
206 11 0 1.0
327 18 0 4.0
185 14 0 2.25
130 22 0 3.0
339 25 0 1.0
298 8 0 2.0
185 5 0 3.5
282 6 0 3.5
346 56 0 3.5
280 13 0 3.25
79 30 0 3.75
66 19 0 2.25
207 1 0 1.75
258 29 0 3.75
66 12 0 2.25
289 22 0 1.0
57 3 0 1.75
284 18 0 3.75
158 30 0 3.75
91 16 0 1.0
223 41 0 1.25
347 21 0 3.0
191 28 0 1.5
268 26 0 3.0
313 0 0 2.0
131 18 0 1.0
47 26 0 3.25
45 22 0 3.5
334 1 0 1.5
126 18 0 3.5
116 25 0 3.5
325 9 0 3.0
137 13 0 1.5
258 28 0 3.25
104 28 0 1.25
69 15 0 3.25
25 27 0 3.0
247 9 0 2.25
33 2 0 1.75
97 2 0 3.75
53 6 0 1.5
293 5 0 2.25
279 9 0 2.75
173 22 0 1.25
286 46 0 3.5
271 10 0 1.0
20 25 0 3.75
24 3 0 3.5
2 8 0 1.0
265 16 0 1.25
256 23 0 1.0
157 6 0 2.75
203 8 0 3.0
346 1 0 2.75
315 11 0 1.0
292 24 0 1.5
354 12 0 1.0
355 20 0 4.0
158 9 0 2.75
54 4 0 1.75
139 23 0 2.0
9 60 0 1.5
231 6 0 2.0
343 14 0 3.25
258 9 0 2.75
322 25 0 2.0
304 15 0 2.5
22 21 0 2.0
18 17 0 2.5
262 6 0 2.75
318 14 0 1.5
280 18 0 1.5
244 3 0 1.5
25 36 0 4.0
233 17 0 3.5
90 29 0 4.0
187 7 0 1.0
236 59 0 3.25
59 7 0 1.5
275 78 0 2.75
167 9 0 2.75
317 27 0 2.0
202 3 0 3.75
111 49 0 4.0
89 30 0 3.5
356 18 0 2.0
319 10 0 1.75
282 24 0 3.75
163 16 0 1.5
134 10 0 4.0
292 12 0 3.5
249 14 0 3.75
35 72 0 1.0
65 12 0 1.5
359 19 0 3.0
224 20 0 4.0
223 13 0 4.0
76 0 0 2.25
4 13 0 1.0
254 27 0 3.0
152 14 0 1.5
155 27 0 1.25
9 5 0 3.25
290 21 0 1.0
258 10 0 3.25
194 6 0 3.5
155 16 0 2.0
318 23 0 2.5
132 21 0 3.25
291 9 0 3.75
37 25 0 2.75
87 23 0 3.5
353 5 0 2.25
219 2 0 2.75
280 28 0 1.75
253 28 0 4.0
116 71 0 1.25
296 7 0 2.25
270 28 0 2.75
318 23 0 1.5
133 28 0 1.0
102 23 0 2.75
142 30 0 2.25
306 31 0 2.75
186 2 0 3.0
84 1 0 3.0
74 5 0 2.5
52 27 0 3.5
81 17 0 3.25
115 11 0 1.5
4 11 0 2.25
239 51 0 1.25
117 2 0 4.0
130 21 0 4.0
357 25 0 1.75
269 9 0 4.0
22 36 0 1.5
53 27 0 2.5
184 18 0 2.5
176 19 0 3.5
199 5 0 4.0
293 16 0 2.75
260 13 0 2.25
219 2 0 2.25
139 13 0 4.0
356 15 0 4.0
205 5 0 2.25
26 4 0 1.75
35 12 0 1.75
281 29 0 2.5
243 13 0 1.25
168 17 0 3.25
82 20 0 2.25
196 26 0 2.5
166 3 0 2.25
55 1 0 4.0
204 12 0 3.75
2 19 0 1.0
43 2 0 1.5
14 30 0 1.0
9 27 0 1.25
332 21 0 3.75
157 12 0 1.25
292 1 0 1.25
99 3 0 2.0
166 6 0 1.0
194 10 0 2.75
25 7 0 4.0
193 39 0 2.5
230 12 0 2.75
19 0 0 2.75
6 20 0 2.25
63 20 0 3.75
17 2 0 2.25
126 8 0 1.0
322 29 0 1.0
318 30 0 3.5
119 13 0 3.25
272 18 0 2.25
36 16 0 3.75
91 15 0 1.5
90 21 0 2.25
59 21 0 1.75
113 3 0 3.75
245 18 0 3.5
65 12 0 2.0
111 26 0 3.75
331 15 0 1.0
105 3 0 2.75
285 12 0 1.25
5 0 0 4.0
318 22 0 3.25
3 24 0 1.25
151 13 0 4.0
38 2 0 1.25
19 19 0 4.0
12 23 0 2.25
5 24 0 1.75
346 0 0 3.25
279 25 0 3.75
243 12 0 2.0
313 9 0 2.5
93 26 0 2.0
92 18 0 3.5
124 14 0 3.0
275 16 0 1.75
80 46 0 3.0
156 7 0 2.5
48 27 0 2.25
354 29 0 4.0
80 24 0 3.75
233 56 0 2.25
217 16 0 2.0
113 5 0 1.75
148 3 0 3.75
32 13 0 1.5
39 21 0 2.25
29 30 0 2.5
32 9 0 3.25
158 21 0 4.0
38 4 0 1.0
60 9 0 3.25
178 22 0 2.25
264 11 0 3.75
236 23 0 3.75
85 12 0 2.75
128 3 0 4.0
235 12 0 3.0
210 20 0 4.0
162 14 0 4.0
180 19 0 3.75
124 20 0 1.0
106 5 0 2.5
323 1 0 3.5
320 1 0 4.0
338 2 0 3.5
64 22 0 3.5
1 11 0 1.0
311 9 0 3.75
243 16 0 1.25
260 8 0 4.0
79 25 0 3.0
251 1 0 2.5
93 27 0 4.0
110 9 0 4.0
290 23 0 1.0
328 23 0 2.75
51 14 0 2.75
36 30 0 3.5
283 16 0 3.25
134 26 0 2.0
221 4 0 3.0
64 21 0 1.5
67 0 0 1.25
1 12 0 3.25
278 19 0 2.25
151 28 0 3.75
260 6 0 3.0
253 15 0 3.25
289 18 0 2.25
340 28 0 1.5
354 13 0 2.5
200 12 0 2.5
60 27 0 3.25
127 11 0 2.5
323 38 0 3.5
284 12 0 4.0
157 25 0 2.5
319 5 0 3.0
216 34 0 3.5
234 23 0 1.25
2 38 0 3.75
177 41 0 1.0
216 25 0 1.75
135 18 0 1.5
294 0 0 1.25
249 17 0 3.25
209 21 0 2.0
271 17 0 3.0
63 25 0 2.25
193 0 0 3.75
41 7 0 2.5
288 7 0 3.25
329 19 0 4.0
45 36 0 2.5
248 25 0 2.75
153 29 0 1.75
249 24 0 2.0
15 18 0 1.5
261 15 0 3.0
308 21 0 2.0
118 7 0 2.5
32 17 0 3.75
252 23 0 2.25
205 22 0 4.0
190 3 0 3.25
254 55 0 1.0
40 11 0 1.25
75 24 0 4.0
248 43 0 3.0
307 26 0 4.0
216 13 0 2.25
118 17 0 1.0
211 14 0 2.25
50 2 0 1.25
73 6 0 2.75
8 26 0 3.5
286 4 0 1.75
152 26 0 3.25
345 15 0 2.0
270 24 0 2.75
84 17 0 1.0
137 18 0 3.0
178 9 0 3.25
52 11 0 3.75
186 21 0 2.0
218 17 0 2.75
356 27 0 2.5
156 75 0 1.0
182 18 0 3.25
64 20 0 2.25
294 4 0 2.0
164 48 0 2.75
224 0 0 1.5
55 16 0 3.0
13 13 0 4.0
69 13 0 2.0
242 13 0 2.25
21 16 0 2.25
165 29 0 4.0
118 51 0 2.75
326 0 0 1.75
170 21 0 4.0
21 1 0 2.0
86 22 0 3.75
165 8 0 2.25
288 23 0 2.5
29 25 0 2.5
68 54 0 1.25
352 16 0 1.75
221 11 0 3.5
168 30 0 2.5
97 48 0 2.25
296 1 0 2.75
255 80 0 2.25
76 20 0 2.75
71 10 0 3.5
32 0 0 3.25
212 29 0 2.25
213 18 0 1.25
299 48 0 1.25
229 30 0 1.5
208 20 0 1.5
318 27 0 2.5
282 1 0 2.25
119 16 0 3.25
227 28 0 1.25
318 0 0 3.5
131 5 0 3.5
89 7 0 3.25
216 20 0 1.0
156 6 0 1.0
343 21 0 2.5
234 2 0 4.0
258 5 0 1.5
245 17 0 2.75
309 43 0 4.0
356 15 0 2.0
219 0 0 1.0
235 68 0 1.5
55 20 0 2.75
46 12 0 4.0
154 3 0 1.0
206 12 0 1.5
79 12 0 1.25
216 6 0 1.75
263 18 0 1.75
219 25 0 1.25
218 31 0 2.5
97 20 0 2.25
124 56 0 2.0
198 18 0 1.75
357 24 0 3.75
255 26 0 2.0
247 29 0 3.0
182 25 0 3.0
11 5 0 1.0
125 25 0 1.75
154 18 0 3.25
64 14 0 3.75
105 3 0 3.75
246 23 0 2.75
288 17 0 1.75
261 24 0 1.0
283 31 0 2.25
270 20 0 1.5
35 21 0 2.25
267 17 0 1.75
148 27 0 1.0
70 19 0 1.0
72 5 0 2.5
100 50 0 3.25
311 5 0 3.0
305 14 0 3.75
195 7 0 2.75
8 22 0 1.75
9 6 0 2.25
4 19 0 2.5
233 12 0 2.5
127 20 0 3.0
139 28 0 1.25
92 50 0 1.25
158 29 0 1.25
74 17 0 1.25
149 18 0 2.25
314 25 0 2.75
283 22 0 2.25
336 1 0 3.25
48 32 0 3.5
100 20 0 4.0
306 5 0 3.25
182 7 0 1.5
223 2 0 1.0
235 14 0 3.0
146 28 0 3.0
157 30 0 1.0
211 54 0 1.25
350 13 0 1.75
323 46 0 2.5
40 21 0 4.0
205 16 0 2.0
242 30 0 2.25
3 55 0 3.0
185 15 0 1.5
169 25 0 1.75
17 6 0 3.5
225 12 0 2.25
3 19 0 1.5
124 18 0 2.75
117 25 0 2.75
343 7 0 1.75
108 5 0 3.0
134 28 0 3.25
120 59 0 2.75
334 24 0 2.25
113 14 0 4.0
285 13 0 4.0
297 21 0 3.25
226 5 0 1.5
204 7 0 2.0
7 6 0 2.25
342 1 0 3.25
251 15 0 1.75
292 4 0 1.75
91 30 0 1.25
66 24 0 1.0
273 17 0 1.0
223 20 0 1.25
295 16 0 3.0
275 25 0 4.0
326 2 0 1.25
264 0 0 1.25
59 8 0 3.5
96 15 0 3.0
123 24 0 3.5
359 7 0 3.25
309 11 0 2.25
164 70 0 2.75
98 10 0 3.0
310 0 0 3.75
84 22 0 2.0
178 27 0 4.0
309 15 0 2.75
106 13 0 2.0
325 13 0 3.25
302 19 0 2.75
12 10 0 3.75
108 13 0 1.25
234 29 0 2.25
98 14 0 3.75
246 10 0 1.0
122 3 0 3.25
226 13 0 1.75
172 17 0 2.25
1 10 0 3.25
237 20 0 2.0
44 25 0 2.5
262 17 0 1.75
317 12 0 3.25
335 2 0 2.5
56 29 0 2.75
225 28 0 1.0
101 21 0 1.5
63 26 0 1.0
323 22 0 3.0
61 27 0 1.5
48 4 0 1.25
286 55 0 2.5
287 19 0 2.25
90 15 0 1.25
48 1 0 3.5
257 7 0 4.0
253 29 0 3.5
63 12 0 2.25
176 27 0 1.0
270 25 0 1.5
275 14 0 3.25
259 7 0 1.75
131 0 0 3.75
226 8 0 1.75
45 4 0 2.25
192 11 0 3.75
133 7 0 1.75
11 64 0 2.5
350 3 0 2.75
166 8 0 1.5
251 9 0 2.5
39 30 0 3.75
46 0 0 1.75
124 10 0 1.0
87 6 0 2.25
1 6 0 3.75
356 23 0 3.25
345 13 0 1.25
140 27 0 1.25
20 30 0 1.5
264 23 0 2.5
120 2 0 3.0
12 23 0 3.75
98 60 0 2.0
219 14 0 2.75
225 6 0 3.0
311 11 0 2.25
177 1 0 4.0
240 3 0 3.5
222 27 0 1.0
253 28 0 3.75
111 39 0 3.0
69 4 0 1.0
292 50 0 1.5
231 11 0 2.75
82 5 0 3.5
237 7 0 3.5
280 17 0 3.5
198 28 0 1.25
219 10 0 1.75
70 5 0 2.0
319 30 0 4.0
164 27 0 2.5
149 1 0 1.25
192 15 0 3.5
65 42 0 3.75
210 16 0 2.75
182 24 0 1.25
350 13 0 2.0
264 0 0 3.75
190 8 0 1.5
221 24 0 2.75
197 17 0 2.75
62 7 0 2.75
93 18 0 2.0
285 4 0 3.75
187 20 0 3.25
228 10 0 1.75
239 18 0 2.0
291 23 0 2.75
261 4 0 1.0
170 30 0 2.75
35 21 0 3.0
149 61 0 3.25
96 25 0 4.0
336 15 0 1.75
23 19 0 1.25
259 22 0 1.25
350 64 0 1.0
203 12 0 2.75
29 9 0 3.75
126 38 0 2.25
43 22 0 2.75
239 57 0 1.75
34 11 0 3.0
61 17 0 4.0
108 22 0 3.25
151 2 0 4.0
278 15 0 3.5
280 3 0 2.0
3 29 0 1.25
33 8 0 2.25
73 23 0 4.0
343 6 0 2.0
104 21 0 3.0
337 2 0 3.25
275 28 0 2.0
224 14 0 1.75
233 12 0 3.5
170 59 0 2.75
190 2 0 2.5
305 2 0 3.25
206 42 0 1.0
268 7 0 3.0
177 11 0 2.75
192 5 0 3.5
335 18 0 1.25
171 13 0 4.0
101 11 0 1.75
251 15 0 1.25
212 26 0 2.0
130 57 0 2.0
177 29 0 2.25
108 19 0 4.0
34 17 0 3.75
143 31 0 2.0
40 23 0 2.25
308 35 0 4.0
72 8 0 1.0
137 5 0 3.75
270 30 0 3.75
66 44 0 4.0
293 21 0 1.75
260 79 0 2.5
244 30 0 1.25
75 40 0 2.75
85 3 0 1.0
71 1 0 2.5
308 22 0 2.75
290 1 0 1.5
151 0 0 3.5
82 6 0 1.5
154 30 0 1.0
116 10 0 4.0
358 26 0 3.5
352 22 0 1.5
99 17 0 3.25
73 77 0 3.5
116 7 0 3.75
247 2 0 2.5
224 45 0 3.5
151 3 0 1.5
262 5 0 2.25
85 20 0 2.25
0 1 0 1.0
186 4 0 2.25
237 2 0 2.5
35 71 0 2.0
113 15 0 3.25
307 24 0 1.75
56 0 0 1.75
61 2 0 2.0
207 9 0 2.5
132 11 0 2.0
272 52 0 2.5
316 13 0 1.75
93 5 0 1.25
259 18 0 1.75
313 31 0 1.25
336 45 0 3.0
86 10 0 3.25
61 17 0 2.5
259 7 0 2.0
28 28 0 1.25
219 46 0 1.5
193 21 0 1.25
308 14 0 1.25
131 14 0 3.0
232 50 0 1.75
139 21 0 3.25
349 20 0 3.75
214 10 0 2.75
300 12 0 3.5
180 15 0 1.0
100 2 0 2.75
318 10 0 1.25
173 2 0 4.0
313 1 0 1.5
132 9 0 3.25
329 5 0 2.5
343 6 0 1.25
248 12 0 2.25
202 48 0 1.5
290 10 0 3.75
79 49 0 1.5
109 18 0 3.0
148 21 0 1.5
312 16 0 3.5
135 17 0 2.0
76 18 0 2.25
66 14 0 2.25
156 24 0 1.25
133 9 0 2.25
349 17 0 4.0
315 25 0 2.25
204 9 0 1.0
111 2 0 3.25
145 13 0 2.75
186 53 0 2.5
240 19 0 3.75
182 29 0 1.25
223 14 0 2.0
98 0 0 1.25
337 27 0 3.75
59 4 0 1.25
214 5 0 3.0
35 4 0 2.75
345 16 0 3.75
74 21 0 3.5
178 26 0 3.75
319 7 0 3.0
341 15 0 2.75
288 27 0 1.5
114 16 0 1.25
305 21 0 2.25
167 4 0 1.0
288 19 0 4.0
211 24 0 3.0
60 13 0 3.25
166 25 0 3.5
58 16 0 3.75
307 1 0 3.75
28 27 0 2.0
350 17 0 3.0
330 24 0 3.5
188 22 0 1.5
317 29 0 1.75
232 78 0 2.0
14 22 0 3.25
146 24 0 2.0
336 29 0 2.75
83 3 0 1.5
254 47 0 2.25
39 17 0 1.5
30 53 0 1.5
239 4 0 4.0
163 57 0 1.5
9 6 0 1.5
91 27 0 3.0
175 37 0 2.25
147 9 0 3.0
23 10 0 2.25
11 21 0 2.5
255 18 0 1.5
60 29 0 1.5
74 34 0 4.0
172 50 0 2.5
64 24 0 3.25
228 15 0 2.0
252 11 0 3.75
261 26 0 1.75
64 18 0 2.25
230 2 0 1.0
346 22 0 2.75
245 14 0 2.25
127 2 0 1.5
226 18 0 3.5
85 9 0 3.25
293 3 0 1.0
57 29 0 2.5
140 30 0 1.75
302 16 0 1.25
307 15 0 3.0
335 55 0 2.75
353 19 0 1.0
65 75 0 2.75
302 20 0 2.25
196 23 0 3.75
208 10 0 3.25
175 18 0 1.0
83 28 0 3.5
32 24 0 2.75
125 4 0 2.25
23 15 0 3.5
23 23 0 3.25
239 18 0 1.25
283 19 0 1.25
268 28 0 2.5
252 26 0 1.5
187 11 0 1.25
169 9 0 2.5
185 48 0 1.75
266 2 0 2.25
356 11 0 1.25
67 12 0 3.75
209 10 0 3.5
255 8 0 3.5
11 25 0 1.75
176 39 0 1.0
262 0 0 2.0
263 20 0 4.0
101 14 0 2.25
334 23 0 2.25
281 0 0 4.0
179 4 0 1.0
59 5 0 3.75
228 11 0 3.5
41 13 0 1.5
272 11 0 1.75
213 1 0 2.0
77 17 0 1.75
135 25 0 3.5
79 26 0 3.0
68 19 0 2.5
112 14 0 2.0
28 6 0 1.25
276 8 0 4.0
132 15 0 2.0
24 3 0 3.0
176 59 0 3.75
322 7 0 3.75
203 0 0 3.5
330 6 0 1.25
308 73 0 4.0
250 22 0 2.75
108 1 0 2.5
286 23 0 3.25
301 20 0 1.25
261 25 0 1.25
138 20 0 2.5
101 23 0 1.0
55 17 0 1.0
351 48 0 1.75
180 17 0 3.75
106 24 0 1.5
206 11 0 2.5
310 64 0 2.25
59 24 0 3.75
160 18 0 3.5
222 28 0 1.75
86 38 0 2.0
190 2 0 1.75
57 68 0 3.5
336 10 0 3.0
56 66 0 1.75
229 11 0 3.0
306 21 0 3.0
122 3 0 2.75
98 27 0 2.5
215 2 0 1.5
52 2 0 2.25
170 29 0 3.25
234 38 0 2.25
9 2 0 3.0
82 11 0 3.5
115 9 0 3.5
185 6 0 4.0
84 1 0 3.75
359 30 0 3.25
180 11 0 1.5
108 18 0 3.75
295 4 0 2.25
229 26 0 3.75
326 35 0 3.75
340 29 0 1.0
84 28 0 1.25
56 5 0 1.75
177 7 0 3.5
168 28 0 1.5
180 4 0 3.25
331 1 0 1.25
20 12 0 3.0
151 12 0 4.0
342 18 0 2.5
47 9 0 2.5
190 77 0 1.25
76 18 0 2.5
103 6 0 2.75
265 29 0 2.25
129 15 0 2.75
355 2 0 3.25
356 44 0 1.75
25 3 0 2.75
65 5 0 2.25
254 29 0 2.5
214 75 0 4.0
300 21 0 1.25
111 19 0 1.5
124 1 0 3.5
322 8 0 2.75
175 13 0 3.25
39 19 0 2.25
172 28 0 1.25
110 12 0 2.25
332 9 0 1.5
259 6 0 1.0
223 9 0 1.75
331 24 0 2.25
169 14 0 1.0
246 22 0 4.0
344 11 0 3.0
149 16 0 2.5
75 28 0 3.25
250 6 0 4.0
339 28 0 4.0
169 50 0 2.5
279 17 0 4.0
295 1 0 2.5
350 2 0 1.5
99 11 0 3.75
20 13 0 3.0
181 30 0 2.25
147 16 0 3.75
146 21 0 1.5
311 17 0 2.5
187 30 0 1.75
303 28 0 3.75
326 14 0 3.75
52 9 0 2.5
243 21 0 2.5
202 21 0 4.0
86 21 0 2.75
146 24 0 3.5
257 51 0 1.0
327 4 0 2.75
59 28 0 2.5
129 1 0 1.75
185 1 0 1.25
202 17 0 2.75
211 3 0 1.25
118 26 0 4.0
111 12 0 3.0
181 3 0 2.5
268 75 0 4.0
116 22 0 2.25
254 14 0 3.75
157 27 0 1.5
6 1 0 2.5
27 27 0 1.25
119 19 0 1.0
157 12 0 2.5
206 18 0 1.5
193 5 0 2.25
110 4 0 3.5
307 3 0 4.0
318 14 0 4.0
301 24 0 2.25
161 4 0 1.25
9 26 0 4.0
287 22 0 1.5
217 29 0 3.75
245 33 0 1.0
79 17 0 1.25
74 26 0 1.75
187 12 0 1.75
313 23 0 3.25
221 19 0 1.25
187 52 0 4.0
267 55 0 3.5
107 12 0 1.75
303 25 0 4.0
344 14 0 1.0
346 6 0 1.75
266 3 0 1.75
126 12 0 1.75
92 71 0 2.75
268 3 0 1.75
34 18 0 2.75
48 0 0 2.25
355 14 0 3.5
168 6 0 2.5
282 16 0 2.75
6 13 0 1.0
317 15 0 3.5
125 7 0 1.0
174 2 0 2.5
244 16 0 1.25
134 9 0 2.75
7 16 0 2.75
324 14 0 4.0
104 18 0 1.0
113 13 0 3.75
320 4 0 1.75
282 2 0 4.0
22 5 0 1.75
123 9 0 2.0
114 2 0 1.5
354 19 0 4.0
102 9 0 1.5
4 14 0 1.75
1 7 0 2.5
154 2 0 3.25
276 16 0 1.0
264 3 0 2.0
270 9 0 1.75
286 5 0 1.0
95 3 0 3.0
192 17 0 3.0
180 6 0 3.75
144 13 0 2.5
329 20 0 1.75
256 3 0 4.0
87 4 0 3.5
284 11 0 1.0
154 24 0 1.25
56 21 0 2.25
267 28 0 2.0
132 22 0 4.0
270 16 0 3.0
33 17 0 2.25
114 20 0 2.25
334 13 0 1.0
40 15 0 3.25
213 27 0 3.25
258 2 0 2.0
334 15 0 2.5
21 6 0 2.25
27 3 0 3.75
184 10 0 1.75
99 15 0 1.75
295 39 0 3.0
333 52 0 4.0
195 14 0 1.0
86 18 0 1.75
180 4 0 2.0
15 20 0 1.25
73 24 0 2.5
96 15 0 2.25
241 4 0 1.75
192 21 0 2.5
233 16 0 2.5
296 22 0 3.0
350 21 0 2.0
186 41 0 2.0
294 71 0 3.5
55 32 0 1.25
119 14 0 3.0
111 22 0 3.25
263 27 0 1.75
100 12 0 3.5
214 21 0 3.75
3 19 0 3.75
301 28 0 1.25
196 17 0 4.0
223 0 0 3.5
297 4 0 1.5
213 37 0 3.0
143 15 0 2.5
92 15 0 3.25
329 68 0 2.5
90 10 0 1.25
228 9 0 3.5
145 56 0 1.25
349 3 0 1.25
231 7 0 2.25
36 5 0 2.25
56 4 0 4.0
240 24 0 2.25
57 19 0 2.0
286 21 0 3.5
188 9 0 1.0
170 27 0 4.0
352 4 0 1.0
90 7 0 4.0
42 23 0 3.5
338 3 0 1.25
132 5 0 3.25
158 34 0 3.25
261 15 0 2.75
57 5 0 4.0
30 20 0 2.0
142 22 0 3.5
0 11 0 3.75
340 28 0 2.25
317 78 0 2.0
217 16 0 1.0
178 23 0 3.25
179 16 0 2.25
103 20 0 2.75
146 70 0 3.25
32 1 0 1.25
116 23 0 4.0
337 15 0 1.0
131 21 0 2.0
130 16 0 3.25
314 22 0 1.5
352 18 0 3.75
167 20 0 2.0
179 21 0 3.75
172 16 0 2.25
97 9 0 1.75
275 4 0 1.75
107 28 0 3.25
306 10 0 1.25
167 13 0 1.25
357 5 0 1.75
103 17 0 4.0
253 28 0 3.5
161 14 0 2.0
57 12 0 2.25
227 26 0 1.0
11 28 0 1.25
344 1 0 2.0
319 3 0 3.75
271 0 0 1.5
239 25 0 2.75
178 14 0 4.0
161 8 0 1.25
137 0 0 2.0
43 1 0 1.25
128 25 0 4.0
228 2 0 2.25
286 21 0 2.5
184 20 0 4.0
228 0 0 3.5
202 48 0 3.25
279 15 0 1.5
243 4 0 4.0
312 1 0 4.0
138 18 0 2.75
335 22 0 3.25
230 3 0 3.0
258 27 0 1.0
135 30 0 3.5
24 0 0 3.25
55 8 0 2.75
337 0 0 3.5
212 9 0 1.75
109 3 0 3.75
282 18 0 3.5
311 47 0 2.0
160 28 0 1.25
182 26 0 1.5
218 5 0 2.5
234 11 0 3.5
315 29 0 2.0
268 25 0 1.75
154 18 0 3.5
97 32 0 1.75
248 21 0 3.25
319 16 0 2.5
243 19 0 2.5
125 12 0 2.5
69 12 0 3.25
277 8 0 2.5
289 3 0 1.0
15 39 0 3.25
263 26 0 1.5
126 20 0 2.0
26 29 0 1.0
136 15 0 1.5
289 22 0 3.5
287 15 0 1.5
336 4 0 2.25
40 11 0 3.5
117 24 0 3.75
48 27 0 3.25
205 30 0 1.5
341 16 0 3.0
145 21 0 1.75
83 25 0 3.75
354 20 0 1.5
15 9 0 3.0
32 3 0 2.25
42 0 0 2.0
69 4 0 2.5
97 5 0 2.0
226 52 0 3.5
175 10 0 2.5
25 15 0 2.25
252 15 0 1.0
57 30 0 1.75
3 27 0 3.75
218 23 0 2.75
202 29 0 1.5
73 21 0 1.5
262 12 0 3.0
319 16 0 3.25
295 1 0 3.0
204 29 0 2.25
247 38 0 1.25
167 17 0 1.0
5 5 0 2.25
343 19 0 2.0
146 26 0 3.0
270 17 0 1.5
310 9 0 2.0
109 23 0 3.5
270 3 0 4.0
6 7 0 3.75
311 30 0 1.0
264 17 0 1.25
75 11 0 2.5
327 14 0 4.0
260 24 0 3.25
219 55 0 1.0
39 9 0 4.0
100 30 0 1.75
293 17 0 2.75
10 10 0 3.0
191 14 0 1.0
181 21 0 2.5
320 29 0 2.0
329 22 0 3.5
345 8 0 3.0
90 2 0 2.75
179 21 0 1.25
328 22 0 2.25
223 6 0 4.0
153 17 0 2.75
45 28 0 2.75
205 11 0 3.0
313 27 0 3.0
183 9 0 4.0
239 2 0 3.0
302 17 0 4.0
359 10 0 3.75
328 68 0 3.75
195 24 0 2.25
330 5 0 1.25
51 23 0 4.0
76 22 0 1.25
190 2 0 2.0
29 59 0 1.0
16 13 0 2.75
91 30 0 2.25
235 25 0 2.5
191 29 0 2.75
258 25 0 3.0
233 7 0 3.25
153 18 0 2.25
178 8 0 3.5
341 12 0 4.0
232 5 0 3.75
238 12 0 3.25
221 23 0 2.5
330 26 0 3.75
236 29 0 3.5
151 53 0 2.75
178 7 0 2.25
207 24 0 1.0
301 27 0 4.0
189 9 0 1.0
309 10 0 1.5
33 28 0 4.0
133 19 0 1.25
207 1 0 2.75
154 0 0 2.75
