280 2 0 2.75
66 14 0 2.5
165 16 0 2.5
279 19 0 3.75
191 3 0 2.75
219 12 0 3.5
209 20 0 3.5
138 77 0 3.5
202 3 0 3.25
189 14 0 2.25
293 19 0 3.25
193 6 0 1.0
59 2 0 1.0
76 14 0 2.25
141 25 0 3.75
23 16 0 3.25
217 4 0 3.0
12 71 0 3.75
194 10 0 1.75
52 6 0 4.0
262 50 0 2.25
30 41 0 3.0
215 20 0 3.25
342 1 0 2.5
227 5 0 3.75
330 17 0 1.0
212 24 0 2.0
306 5 0 3.75
37 40 0 3.0
268 28 0 1.25
322 57 0 2.5
357 25 0 1.5
38 6 0 1.5
120 27 0 1.5
112 18 0 2.25
106 15 0 1.75
45 38 0 4.0
109 10 0 3.5
244 25 0 2.75
198 13 0 3.5
224 8 0 1.5
79 22 0 4.0
131 10 0 3.25
191 29 0 2.0
150 9 0 3.25
324 9 0 1.0
303 3 0 1.75
115 3 0 2.5
307 28 0 3.25
76 28 0 2.75
75 0 0 2.75
188 27 0 4.0
328 15 0 1.75
164 12 0 3.0
31 15 0 1.5
153 18 0 3.75
22 16 0 1.25
276 4 0 2.0
76 12 0 1.0
229 28 0 4.0
41 29 0 4.0
65 66 0 4.0
149 8 0 1.75
57 13 0 2.75
118 2 0 3.0
78 10 0 2.0
222 18 0 2.25
24 30 0 1.25
69 18 0 3.5
345 23 0 1.25
172 7 0 2.0
344 17 0 2.0
251 11 0 3.75
150 22 0 2.25
17 28 0 1.5
188 19 0 3.25
111 24 0 1.75
132 10 0 2.5
347 5 0 3.0
196 16 0 2.25
134 27 0 3.0
117 30 0 1.0
240 10 0 1.5
306 20 0 1.25
113 17 0 1.75
57 16 0 2.25
300 29 0 1.75
44 56 0 1.75
352 7 0 2.5
189 49 0 3.5
133 80 0 4.0
34 11 0 1.25
357 35 0 3.5
164 25 0 1.75
269 5 0 1.25
119 51 0 1.0
325 10 0 2.75
10 18 0 1.25
359 24 0 1.75
60 6 0 1.5
226 10 0 1.0
290 19 0 1.0
317 3 0 3.25
15 11 0 4.0
172 23 0 1.0
61 58 0 3.5
125 6 0 1.0
172 5 0 1.75
106 14 0 3.0
49 26 0 3.75
168 20 0 1.75
300 30 0 1.5
209 14 0 3.75
356 5 0 1.5
133 40 0 2.25
137 2 0 3.25
136 12 0 2.0
359 39 0 3.25
301 69 0 2.25
245 45 0 2.75
36 9 0 3.0
121 28 0 1.25
323 63 0 3.5
308 1 0 3.75
148 14 0 3.5
269 23 0 2.5
61 24 0 2.5
300 28 0 1.0
183 25 0 3.5
58 50 0 3.0
302 15 0 1.5
134 20 0 3.5
155 10 0 2.25
164 8 0 2.5
137 44 0 2.25
39 9 0 1.5
104 15 0 1.75
12 2 0 3.0
317 24 0 2.0
283 21 0 1.75
61 19 0 1.0
176 8 0 1.5
155 11 0 3.75
152 10 0 2.0
214 9 0 1.25
278 45 0 2.5
238 20 0 1.25
61 10 0 2.25
145 15 0 3.0
9 4 0 1.75
76 26 0 3.25
267 56 0 1.5
57 68 0 3.75
47 27 0 2.0
321 27 0 1.5
162 17 0 2.5
7 8 0 3.0
60 21 0 1.0
174 23 0 3.0
27 1 0 1.25
256 0 0 4.0
316 2 0 3.25
109 1 0 1.5
51 14 0 1.75
127 5 0 3.25
134 9 0 2.75
291 79 0 2.5
305 18 0 2.0
286 9 0 1.5
325 5 0 3.25
105 10 0 1.25
283 23 0 1.5
97 35 0 2.5
39 13 0 2.25
78 9 0 3.25
321 5 0 2.25
286 14 0 1.0
332 16 0 1.0
73 21 0 3.25
274 34 0 3.25
332 25 0 2.0
300 19 0 4.0
327 0 0 1.25
279 6 0 2.0
271 0 0 3.5
278 12 0 2.0
37 9 0 2.25
338 28 0 3.25
313 12 0 1.75
285 13 0 3.5
223 0 0 1.0
278 2 0 2.5
192 26 0 2.75
182 20 0 3.5
25 28 0 2.75
320 27 0 1.75
42 29 0 1.0
147 25 0 1.0
326 13 0 2.25
255 15 0 3.5
78 7 0 1.75
57 19 0 2.5
301 59 0 2.25
266 12 0 3.75
211 24 0 4.0
190 21 0 4.0
24 3 0 2.5
167 36 0 1.0
287 3 0 3.75
332 42 0 3.25
292 6 0 1.0
352 12 0 3.25
48 0 0 1.5
79 60 0 1.0
272 17 0 2.5
131 29 0 2.0
353 20 0 2.25
15 0 0 1.25
95 80 0 3.5
330 29 0 3.25
279 29 0 3.5
79 11 0 3.25
289 17 0 1.0
104 8 0 2.5
142 30 0 3.75
80 24 0 4.0
167 1 0 1.75
305 13 0 2.25
124 2 0 4.0
38 57 0 2.0
92 53 0 1.0
89 6 0 3.5
98 76 0 1.75
161 28 0 2.25
256 2 0 1.75
68 3 0 3.75
279 1 0 2.25
326 11 0 4.0
186 24 0 2.75
347 67 0 3.5
348 22 0 2.75
154 18 0 1.5
220 28 0 3.25
272 21 0 3.25
157 12 0 1.5
211 9 0 3.75
119 29 0 2.75
31 20 0 3.75
38 13 0 2.5
54 18 0 4.0
338 10 0 1.25
76 7 0 2.75
332 19 0 1.0
176 10 0 4.0
229 4 0 1.75
301 4 0 1.0
193 2 0 1.25
292 30 0 3.0
253 47 0 2.75
290 9 0 2.0
292 3 0 3.25
158 14 0 3.75
110 2 0 3.5
89 10 0 2.25
324 9 0 3.5
262 16 0 4.0
280 17 0 3.25
192 11 0 1.75
259 35 0 1.75
54 6 0 2.25
271 4 0 2.0
117 11 0 1.25
164 11 0 3.0
57 6 0 2.0
257 59 0 1.0
293 30 0 3.5
251 69 0 2.5
252 21 0 1.0
287 23 0 2.5
219 11 0 4.0
244 29 0 4.0
355 3 0 1.0
133 22 0 1.0
43 7 0 1.5
295 15 0 2.25
132 16 0 1.25
258 18 0 2.75
29 4 0 2.25
296 2 0 2.75
78 30 0 1.25
292 26 0 4.0
116 2 0 1.75
266 27 0 2.25
43 7 0 3.0
164 16 0 3.0
50 29 0 1.25
266 20 0 1.25
88 0 0 1.75
328 4 0 2.25
260 31 0 1.25
167 14 0 1.0
280 6 0 2.25
73 0 0 1.25
55 0 0 1.75
10 35 0 1.5
97 12 0 1.0
43 29 0 1.5
215 4 0 2.25
80 7 0 1.75
322 60 0 3.0
288 12 0 2.5
172 28 0 1.5
356 20 0 1.5
202 3 0 1.75
289 8 0 3.25
59 46 0 3.75
58 56 0 3.25
352 18 0 1.5
10 26 0 2.75
140 19 0 3.75
61 21 0 2.5
156 29 0 1.75
120 11 0 3.75
37 14 0 2.25
291 20 0 2.5
18 12 0 1.0
271 28 0 1.75
317 16 0 1.75
329 10 0 3.0
346 15 0 1.25
251 8 0 3.75
7 22 0 2.75
104 8 0 1.75
303 3 0 1.5
157 34 0 3.0
177 11 0 2.25
56 34 0 4.0
305 2 0 1.5
245 15 0 2.25
131 30 0 3.75
98 27 0 2.0
95 27 0 1.25
46 14 0 1.5
243 12 0 1.5
12 21 0 3.0
309 26 0 1.25
323 20 0 2.75
166 6 0 1.75
54 5 0 1.75
167 20 0 1.75
137 34 0 4.0
245 4 0 2.5
276 14 0 1.0
244 4 0 3.5
350 12 0 1.0
313 24 0 1.0
86 8 0 2.5
246 19 0 2.0
72 27 0 3.25
354 17 0 2.75
122 53 0 2.25
184 30 0 3.5
49 15 0 2.0
39 1 0 3.25
48 14 0 3.5
197 4 0 3.25
309 54 0 3.75
216 12 0 1.25
33 24 0 1.25
194 4 0 1.0
157 15 0 2.5
199 28 0 1.25
234 22 0 2.25
218 28 0 1.0
249 6 0 3.5
54 22 0 3.25
78 9 0 4.0
179 27 0 2.25
303 28 0 3.25
224 28 0 3.0
113 11 0 1.0
158 10 0 3.5
9 21 0 1.75
0 19 0 1.25
30 26 0 1.0
185 30 0 1.75
94 30 0 2.75
56 12 0 3.0
2 9 0 2.75
349 53 0 2.0
102 19 0 3.75
29 37 0 2.5
314 20 0 3.0
140 17 0 3.5
340 29 0 2.5
156 9 0 1.75
74 11 0 3.0
338 33 0 1.5
22 24 0 2.75
305 70 0 1.5
286 25 0 1.0
47 25 0 3.5
63 21 0 2.75
87 16 0 1.25
80 4 0 3.75
225 19 0 3.5
292 2 0 2.0
219 19 0 2.25
8 2 0 1.25
347 23 0 1.25
244 24 0 3.75
84 17 0 1.75
117 0 0 3.0
109 18 0 1.0
17 2 0 1.75
181 15 0 1.75
124 0 0 3.25
173 55 0 4.0
220 30 0 3.5
107 6 0 1.75
69 22 0 2.25
294 17 0 1.5
327 32 0 2.5
148 2 0 1.5
180 18 0 1.5
298 12 0 3.25
304 0 0 3.0
320 26 0 2.5
263 59 0 1.5
35 44 0 3.25
106 13 0 1.25
32 13 0 3.5
259 16 0 1.75
350 37 0 1.25
85 26 0 3.5
109 25 0 2.5
70 2 0 3.25
170 23 0 1.5
166 14 0 2.75
8 28 0 1.75
110 11 0 1.5
60 55 0 1.25
70 12 0 2.0
82 1 0 2.5
133 3 0 4.0
9 28 0 3.0
129 18 0 3.5
173 44 0 2.5
101 27 0 2.75
60 11 0 2.75
310 20 0 1.75
200 60 0 4.0
127 73 0 2.0
98 10 0 2.0
57 29 0 2.5
357 14 0 2.75
296 14 0 1.0
332 14 0 1.0
130 12 0 2.75
301 28 0 3.25
205 2 0 2.0
171 27 0 2.25
225 78 0 4.0
231 23 0 3.25
186 17 0 1.75
66 12 0 1.0
94 17 0 2.5
128 6 0 2.0
248 6 0 2.5
1 37 0 1.25
190 8 0 4.0
15 13 0 1.0
111 13 0 2.25
60 4 0 2.75
149 22 0 1.75
132 13 0 1.0
54 29 0 3.25
219 2 0 2.0
241 21 0 1.0
228 9 0 3.25
183 28 0 2.0
18 11 0 3.5
300 8 0 3.0
311 13 0 1.25
254 15 0 3.25
202 22 0 2.75
225 6 0 2.0
144 20 0 3.5
159 35 0 3.75
29 21 0 1.25
311 11 0 4.0
29 13 0 2.25
173 17 0 2.25
242 21 0 1.0
330 5 0 3.75
122 14 0 2.5
194 27 0 2.25
73 24 0 3.0
50 4 0 3.25
14 7 0 2.0
219 23 0 3.0
228 14 0 2.5
175 40 0 3.5
318 8 0 3.0
12 3 0 2.75
357 61 0 3.0
217 22 0 4.0
192 3 0 3.75
272 6 0 3.75
262 22 0 2.25
171 6 0 2.5
157 21 0 3.25
42 14 0 3.75
85 24 0 3.25
213 25 0 3.5
250 3 0 3.25
246 30 0 1.25
159 8 0 3.75
214 25 0 1.75
107 21 0 2.0
47 12 0 1.75
178 27 0 1.0
267 4 0 3.5
30 21 0 1.75
185 23 0 2.25
113 9 0 1.5
161 10 0 3.0
221 13 0 2.5
233 22 0 4.0
187 3 0 2.0
200 28 0 2.25
272 24 0 1.75
10 10 0 2.5
312 11 0 1.5
56 13 0 2.25
144 18 0 2.5
283 28 0 3.0
158 53 0 1.75
329 5 0 1.75
177 5 0 1.0
258 16 0 3.25
24 3 0 2.0
211 18 0 1.0
196 5 0 1.75
31 19 0 3.75
301 28 0 2.25
246 28 0 3.25
215 6 0 2.25
225 16 0 3.75
269 23 0 1.25
356 8 0 1.5
264 2 0 2.5
80 6 0 3.5
155 28 0 2.25
74 6 0 2.75
356 19 0 1.75
54 24 0 3.75
295 6 0 3.75
53 22 0 2.25
318 25 0 3.75
256 8 0 1.75
332 14 0 1.25
48 10 0 3.5
352 1 0 3.5
207 29 0 1.5
288 10 0 3.25
138 15 0 3.0
22 21 0 1.5
305 26 0 2.25
264 3 0 2.75
214 18 0 3.0
85 12 0 3.75
165 16 0 2.0
298 15 0 1.0
106 18 0 1.5
64 8 0 4.0
202 10 0 4.0
111 22 0 2.25
130 16 0 3.25
118 8 0 2.5
58 18 0 2.75
352 0 0 3.5
17 0 0 3.0
2 21 0 1.75
284 1 0 1.25
309 51 0 1.0
190 4 0 1.5
296 6 0 3.0
266 3 0 1.75
211 15 0 1.25
247 5 0 1.0
172 24 0 2.25
53 18 0 3.25
290 27 0 2.75
300 2 0 1.0
279 19 0 1.25
250 41 0 2.25
300 3 0 3.5
130 4 0 1.5
262 29 0 2.75
250 0 0 2.0
69 24 0 3.5
321 44 0 1.5
230 10 0 3.75
127 9 0 2.25
337 25 0 1.75
5 27 0 1.0
86 53 0 2.25
33 0 0 2.5
325 17 0 4.0
287 34 0 2.25
229 19 0 3.0
326 24 0 3.0
242 8 0 3.75
264 35 0 1.5
213 51 0 2.25
188 13 0 1.0
149 11 0 1.5
325 20 0 3.75
103 18 0 1.5
227 28 0 2.0
225 51 0 3.25
60 19 0 3.25
272 6 0 1.75
12 7 0 2.25
346 36 0 2.75
223 17 0 2.5
276 26 0 1.5
347 7 0 2.75
327 29 0 2.75
8 11 0 4.0
158 6 0 2.5
336 29 0 3.5
121 13 0 2.0
90 18 0 2.25
347 23 0 3.75
263 63 0 2.0
39 14 0 1.5
133 8 0 3.75
343 27 0 4.0
295 3 0 2.75
88 0 0 3.75
88 18 0 3.25
169 15 0 4.0
66 8 0 3.25
188 0 0 3.25
122 14 0 3.5
230 76 0 1.5
303 14 0 4.0
28 29 0 3.25
152 36 0 1.0
117 25 0 2.75
165 7 0 3.75
178 12 0 2.0
359 13 0 2.0
7 43 0 2.5
217 19 0 4.0
217 27 0 1.0
334 18 0 3.5
63 5 0 2.25
165 15 0 4.0
204 14 0 2.5
200 29 0 1.75
93 3 0 2.0
263 20 0 2.0
101 5 0 1.0
352 27 0 2.75
338 56 0 3.25
77 2 0 4.0
314 18 0 3.5
94 20 0 3.75
61 2 0 2.25
14 9 0 1.0
159 15 0 3.25
212 9 0 3.75
117 10 0 3.25
274 25 0 1.75
66 5 0 2.0
107 52 0 4.0
88 7 0 2.0
262 0 0 1.75
213 27 0 4.0
236 28 0 3.5
269 57 0 1.75
255 20 0 2.75
65 30 0 1.75
346 66 0 2.25
161 20 0 3.5
165 27 0 3.75
319 17 0 1.5
100 11 0 2.0
22 64 0 1.25
291 23 0 2.25
232 7 0 2.75
160 4 0 2.0
263 23 0 4.0
64 13 0 3.25
341 17 0 1.5
81 69 0 4.0
294 10 0 2.0
255 4 0 3.75
139 1 0 1.5
297 26 0 1.75
102 29 0 2.5
343 5 0 3.75
328 28 0 3.75
82 15 0 3.0
29 30 0 3.75
133 0 0 2.75
247 5 0 3.5
125 1 0 2.25
294 1 0 2.0
285 22 0 2.25
116 9 0 4.0
253 27 0 2.75
179 49 0 1.75
178 0 0 4.0
108 0 0 1.25
297 25 0 1.75
152 7 0 3.5
157 18 0 3.75
301 11 0 2.75
75 0 0 4.0
142 0 0 3.5
207 11 0 4.0
351 22 0 2.75
127 0 0 3.0
348 5 0 1.25
98 30 0 2.75
32 28 0 1.5
159 2 0 2.5
204 20 0 2.0
296 2 0 1.75
165 28 0 2.25
184 2 0 4.0
47 7 0 3.0
146 0 0 3.75
319 19 0 1.75
281 13 0 3.25
49 2 0 2.0
143 9 0 3.0
253 26 0 2.25
340 13 0 2.75
107 24 0 1.5
274 12 0 3.25
253 12 0 2.0
91 9 0 2.25
127 28 0 1.5
325 28 0 1.0
161 27 0 1.75
205 20 0 4.0
140 6 0 3.0
357 28 0 3.5
101 20 0 1.0
219 18 0 3.75
53 27 0 3.5
13 30 0 1.5
141 25 0 3.0
136 14 0 1.25
186 21 0 2.25
2 27 0 2.75
64 14 0 3.75
129 19 0 2.5
21 23 0 2.75
252 21 0 1.25
327 80 0 1.0
318 30 0 1.25
170 19 0 1.25
264 11 0 2.5
163 0 0 3.5
200 14 0 2.25
282 18 0 3.0
8 30 0 2.5
149 10 0 3.75
177 11 0 2.75
179 8 0 1.0
262 18 0 3.0
65 28 0 2.75
125 18 0 1.25
217 16 0 1.0
331 11 0 1.75
335 29 0 3.25
335 7 0 1.0
68 19 0 3.0
238 20 0 2.75
170 14 0 3.0
314 22 0 2.5
144 47 0 3.25
217 6 0 3.25
314 1 0 2.25
257 5 0 1.75
110 6 0 2.75
335 3 0 3.5
46 20 0 2.5
259 4 0 2.0
45 24 0 2.0
324 69 0 3.75
154 25 0 1.75
277 24 0 1.75
51 80 0 3.0
52 9 0 2.0
10 11 0 3.5
236 26 0 2.75
206 25 0 2.75
175 18 0 1.75
287 14 0 3.25
193 9 0 3.25
11 17 0 2.5
173 22 0 2.5
184 24 0 3.25
77 28 0 1.0
124 30 0 3.25
226 5 0 4.0
31 21 0 2.25
328 28 0 1.0
3 15 0 3.75
192 25 0 2.0
200 18 0 3.25
106 19 0 3.25
153 45 0 2.0
1 28 0 3.5
110 30 0 3.0
39 73 0 3.0
238 10 0 2.25
232 57 0 1.5
52 28 0 4.0
91 28 0 2.75
100 23 0 3.25
54 29 0 3.0
97 50 0 3.5
356 15 0 2.25
36 21 0 1.25
171 28 0 1.25
229 9 0 3.25
284 27 0 1.25
158 9 0 2.5
64 26 0 4.0
34 25 0 4.0
93 14 0 1.5
49 5 0 3.75
178 13 0 3.5
354 30 0 3.75
67 8 0 2.0
130 43 0 2.75
238 47 0 1.25
156 2 0 3.5
342 7 0 4.0
53 26 0 4.0
59 0 0 4.0
166 8 0 2.75
179 27 0 1.25
311 4 0 3.75
214 31 0 4.0
224 3 0 1.75
37 19 0 3.75
329 33 0 1.5
74 25 0 2.25
62 66 0 1.75
352 3 0 1.0
343 26 0 1.0
176 16 0 2.25
164 22 0 2.75
17 13 0 2.75
244 10 0 1.25
72 14 0 4.0
224 27 0 2.5
311 10 0 3.0
203 0 0 2.25
177 3 0 2.0
322 6 0 3.75
107 39 0 3.0
249 9 0 2.5
255 24 0 2.0
307 11 0 2.25
119 23 0 2.75
323 2 0 3.75
183 50 0 1.5
184 40 0 1.25
11 14 0 2.75
307 7 0 3.0
163 30 0 1.0
308 9 0 2.75
156 16 0 2.75
24 25 0 2.0
233 14 0 3.75
305 58 0 3.5
24 4 0 1.25
177 9 0 1.5
41 61 0 1.25
50 24 0 2.5
157 16 0 1.25
314 3 0 2.25
291 5 0 3.5
297 1 0 2.0
52 7 0 1.0
255 30 0 2.5
44 17 0 2.0
234 20 0 3.75
224 13 0 1.25
354 18 0 1.75
300 8 0 2.0
121 22 0 2.25
64 60 0 3.25
93 11 0 1.0
44 26 0 2.5
40 22 0 1.75
27 2 0 1.5
11 1 0 3.5
278 1 0 1.0
305 6 0 1.5
93 26 0 1.0
140 8 0 4.0
267 10 0 1.25
38 2 0 2.75
147 24 0 1.75
76 29 0 3.75
333 9 0 3.75
92 21 0 3.25
311 9 0 2.75
23 24 0 3.0
30 11 0 2.25
272 20 0 1.0
81 24 0 1.75
86 19 0 2.25
246 21 0 1.75
133 5 0 3.5
71 27 0 1.5
249 23 0 3.25
328 15 0 3.25
38 28 0 2.75
327 57 0 1.0
306 53 0 3.75
185 24 0 3.0
262 27 0 2.25
216 33 0 3.25
19 6 0 1.5
84 0 0 1.5
248 18 0 2.75
12 38 0 3.75
127 13 0 1.75
357 23 0 2.25
90 16 0 1.5
219 28 0 3.0
144 17 0 3.0
14 6 0 2.0
96 65 0 2.5
312 11 0 1.75
140 4 0 1.75
353 2 0 2.0
244 28 0 3.5
13 2 0 2.75
278 2 0 2.75
235 10 0 3.25
0 1 0 1.25
157 26 0 3.5
49 19 0 4.0
284 19 0 1.0
201 11 0 3.75
312 3 0 1.75
265 7 0 4.0
5 26 0 3.25
39 10 0 1.0
195 26 0 2.75
186 28 0 2.0
353 19 0 3.5
355 12 0 1.75
346 12 0 2.25
294 19 0 4.0
315 46 0 3.25
156 30 0 1.0
344 14 0 1.5
338 30 0 3.5
105 21 0 3.25
133 2 0 4.0
291 26 0 1.25
204 14 0 4.0
152 17 0 3.0
332 23 0 3.0
181 14 0 3.25
99 63 0 2.25
170 8 0 2.5
247 8 0 1.5
91 20 0 4.0
238 9 0 1.0
79 17 0 4.0
86 25 0 4.0
207 17 0 2.0
148 13 0 1.25
130 4 0 4.0
87 12 0 2.0
5 47 0 2.5
162 5 0 3.25
195 10 0 2.25
333 12 0 2.25
207 22 0 1.75
149 10 0 2.75
325 20 0 1.75
177 1 0 1.0
160 15 0 2.25
6 5 0 3.75
82 19 0 3.25
355 14 0 2.5
95 23 0 2.0
350 6 0 3.5
205 27 0 4.0
276 14 0 2.25
146 3 0 3.0
163 14 0 1.0
303 12 0 3.0
156 2 0 3.0
40 19 0 3.5
151 42 0 2.75
245 25 0 2.5
123 7 0 1.25
243 2 0 2.0
254 18 0 1.75
26 20 0 1.5
62 20 0 2.0
8 25 0 1.0
70 12 0 3.5
331 28 0 2.5
57 27 0 2.75
264 33 0 1.5
299 8 0 1.25
279 29 0 1.25
64 7 0 2.75
11 21 0 2.25
146 8 0 2.0
70 6 0 2.0
223 1 0 1.5
198 4 0 3.5
334 30 0 1.25
72 24 0 3.75
310 12 0 2.25
105 17 0 2.75
335 8 0 2.0
299 12 0 3.5
357 52 0 3.25
94 24 0 2.75
141 17 0 1.0
48 5 0 2.75
45 27 0 2.25
292 23 0 2.25
309 4 0 1.75
215 12 0 3.5
132 24 0 1.0
180 1 0 1.5
358 5 0 2.75
173 22 0 2.25
28 28 0 3.25
41 8 0 3.25
43 15 0 1.25
161 4 0 1.75
67 19 0 3.5
126 23 0 2.5
137 17 0 3.0
23 48 0 1.75
166 26 0 2.5
141 20 0 2.75
8 3 0 2.0
69 26 0 3.0
153 3 0 3.5
217 11 0 2.0
171 5 0 2.75
172 18 0 2.5
294 73 0 2.0
30 25 0 3.5
286 34 0 1.25
218 0 0 1.5
126 9 0 1.0
291 29 0 3.5
61 5 0 1.25
342 2 0 2.75
9 22 0 3.5
184 28 0 1.25
161 5 0 3.0
144 25 0 2.0
321 19 0 3.25
0 12 0 3.0
154 22 0 1.0
84 4 0 1.5
83 46 0 3.75
97 20 0 1.0
66 29 0 1.25
287 26 0 1.5
267 19 0 1.0
10 27 0 3.25
282 2 0 1.0
296 13 0 3.25
83 9 0 3.25
259 4 0 1.0
8 12 0 3.0
296 9 0 2.25
234 26 0 2.75
160 2 0 1.5
110 14 0 3.25
2 18 0 1.75
218 12 0 2.5
44 40 0 3.75
273 1 0 3.75
74 26 0 1.5
155 0 0 1.75
17 23 0 3.0
298 5 0 1.75
85 64 0 1.75
226 8 0 2.25
236 4 0 3.5
340 20 0 1.25
112 17 0 1.75
230 12 0 3.5
217 30 0 1.5
41 16 0 3.75
235 10 0 1.5
283 26 0 3.75
294 30 0 3.0
196 18 0 3.0
281 30 0 1.5
345 26 0 3.5
33 2 0 1.0
218 24 0 4.0
311 12 0 3.75
173 25 0 2.5
260 10 0 1.0
252 24 0 4.0
353 10 0 3.75
268 23 0 1.25
166 22 0 1.75
353 0 0 2.25
145 19 0 2.75
42 3 0 1.5
234 2 0 2.0
162 29 0 3.25
18 24 0 2.25
95 29 0 4.0
4 6 0 4.0
81 15 0 3.25
278 8 0 3.5
199 19 0 1.0
334 4 0 1.25
296 19 0 3.5
169 35 0 2.75
318 7 0 2.75
59 15 0 2.75
128 1 0 4.0
174 2 0 2.0
258 1 0 1.0
353 22 0 2.25
318 23 0 1.75
82 24 0 1.0
23 23 0 3.0
282 19 0 2.0
226 24 0 3.0
324 49 0 3.0
121 22 0 3.5
35 19 0 3.25
52 1 0 1.25
46 22 0 4.0
119 46 0 2.5
237 48 0 2.25
279 5 0 1.75
40 21 0 3.5
244 32 0 3.75
178 9 0 1.5
154 24 0 1.0
35 27 0 4.0
82 11 0 4.0
10 1 0 3.0
260 2 0 1.25
89 22 0 2.75
277 23 0 3.5
128 14 0 1.75
343 16 0 1.25
98 30 0 2.0
67 20 0 3.25
279 20 0 4.0
354 21 0 1.0
4 6 0 1.75
189 6 0 4.0
211 2 0 3.0
247 8 0 3.0
270 24 0 2.25
228 0 0 2.25
260 0 0 2.75
184 26 0 4.0
224 1 0 4.0
326 35 0 2.25
17 18 0 2.5
28 25 0 2.75
213 18 0 1.5
321 12 0 2.75
298 2 0 1.5
53 10 0 2.0
244 19 0 3.5
266 29 0 3.5
66 13 0 2.75
323 1 0 2.75
286 16 0 2.75
83 13 0 3.0
254 30 0 3.5
21 4 0 2.5
14 29 0 3.5
25 30 0 4.0
108 25 0 3.25
301 8 0 2.75
251 17 0 1.75
224 14 0 3.75
258 14 0 1.25
94 3 0 4.0
170 29 0 3.5
23 17 0 2.5
201 24 0 1.25
67 3 0 3.75
113 59 0 3.75
114 20 0 2.75
32 8 0 1.5
72 13 0 1.5
85 20 0 2.25
189 12 0 2.75
76 27 0 2.5
89 19 0 2.75
111 11 0 2.25
167 10 0 2.0
50 11 0 2.0
103 24 0 1.5
30 2 0 3.5
307 25 0 3.5
131 17 0 2.0
20 4 0 3.5
96 12 0 1.0
40 12 0 2.0
287 63 0 3.5
169 57 0 1.25
112 19 0 1.75
247 12 0 3.25
159 2 0 4.0
139 4 0 2.0
259 28 0 2.75
185 30 0 1.0
139 25 0 1.75
210 29 0 3.75
264 8 0 1.75
186 59 0 3.25
241 20 0 2.0
133 21 0 2.25
261 28 0 2.0
343 57 0 2.5
304 23 0 2.0
78 13 0 3.25
121 58 0 2.0
92 7 0 2.75
189 1 0 3.5
8 18 0 1.0
93 25 0 2.0
9 10 0 3.0
281 11 0 3.0
233 4 0 3.0
106 7 0 2.5
173 59 0 3.75
198 21 0 3.0
70 15 0 1.0
43 10 0 3.75
139 49 0 3.75
300 13 0 2.25
127 30 0 1.75
206 3 0 3.0
137 29 0 2.5
337 13 0 3.5
263 1 0 3.75
73 28 0 3.25
97 26 0 1.25
168 15 0 2.5
263 38 0 2.0
344 2 0 3.5
295 51 0 1.75
287 64 0 2.25
62 9 0 1.25
98 3 0 3.25
84 13 0 2.0
132 9 0 3.0
86 15 0 1.0
52 46 0 1.5
59 15 0 1.5
260 11 0 3.25
356 29 0 2.75
264 5 0 4.0
313 17 0 1.0
348 1 0 1.75
346 18 0 2.5
340 18 0 2.25
174 29 0 2.5
56 56 0 3.5
107 12 0 2.0
49 18 0 1.5
5 3 0 2.75
81 20 0 4.0
32 7 0 2.75
75 2 0 3.75
111 17 0 2.0
203 17 0 2.5
341 8 0 3.0
207 2 0 2.25
225 4 0 3.25
131 6 0 1.75
189 15 0 1.5
218 80 0 3.25
278 20 0 1.75
271 5 0 1.75
25 24 0 1.25
245 4 0 1.75
25 10 0 2.75
123 5 0 1.25
87 15 0 3.25
67 13 0 3.5
240 7 0 1.5
306 11 0 1.25
149 26 0 1.5
15 24 0 2.5
351 23 0 3.25
52 6 0 3.5
30 0 0 2.25
335 21 0 3.5
212 7 0 1.5
34 16 0 3.5
158 14 0 1.5
53 4 0 2.25
119 30 0 2.5
327 25 0 2.0
226 30 0 1.25
269 58 0 2.75
292 24 0 3.75
352 18 0 3.25
3 9 0 3.0
136 17 0 4.0
269 16 0 1.25
58 60 0 3.25
58 26 0 1.5
63 32 0 1.75
254 67 0 2.75
124 16 0 3.0
71 33 0 1.5
21 5 0 1.25
195 24 0 1.75
87 22 0 2.25
173 14 0 3.5
112 26 0 3.75
353 9 0 1.0
2 13 0 1.25
176 24 0 2.5
129 10 0 1.75
94 6 0 3.25
32 25 0 3.0
314 60 0 1.75
259 7 0 1.5
69 21 0 2.5
194 34 0 4.0
175 2 0 2.5
66 13 0 3.5
18 12 0 2.75
325 1 0 2.0
37 24 0 2.75
223 4 0 1.25
281 15 0 2.25
101 11 0 3.0
139 4 0 4.0
188 13 0 1.75
180 19 0 1.75
296 14 0 1.75
259 16 0 4.0
298 29 0 1.75
121 53 0 3.0
295 15 0 2.75
273 1 0 2.25
265 4 0 2.75
193 25 0 1.5
175 17 0 3.0
141 26 0 1.75
115 21 0 2.25
114 25 0 2.0
18 4 0 1.5
59 9 0 1.25
224 35 0 3.0
43 25 0 1.75
209 41 0 2.75
259 1 0 2.5
238 4 0 2.5
317 19 0 1.25
248 27 0 1.0
320 29 0 3.5
326 24 0 1.0
272 18 0 2.75
347 6 0 1.5
63 15 0 1.0
222 16 0 4.0
101 54 0 2.25
18 14 0 3.25
291 19 0 3.5
145 30 0 3.25
24 12 0 1.5
118 57 0 1.0
267 16 0 1.75
61 28 0 2.75
15 3 0 1.0
80 26 0 2.25
186 16 0 2.0
97 0 0 4.0
309 13 0 4.0
203 1 0 1.5
322 17 0 2.25
220 11 0 3.25
54 21 0 4.0
54 4 0 2.0
162 15 0 2.0
243 17 0 3.75
35 9 0 1.0
68 14 0 1.0
201 7 0 2.75
292 18 0 1.25
92 24 0 3.0
208 0 0 1.75
148 23 0 2.25
153 27 0 1.0
53 8 0 3.0
98 14 0 3.0
115 16 0 1.5
16 4 0 1.25
277 48 0 3.0
273 9 0 4.0
153 8 0 2.5
56 29 0 2.0
188 17 0 1.5
285 27 0 1.25
29 23 0 4.0
15 28 0 2.5
71 9 0 1.0
78 35 0 3.25
80 14 0 3.75
128 29 0 2.0
87 27 0 3.25
43 25 0 2.75
272 20 0 2.75
156 1 0 3.5
342 23 0 3.0
48 19 0 2.75
355 3 0 1.5
327 5 0 4.0
10 2 0 4.0
97 23 0 1.5
324 1 0 1.75
114 18 0 2.25
317 9 0 1.25
257 12 0 1.75
194 18 0 2.0
250 39 0 4.0
103 28 0 2.5
185 27 0 3.25
298 9 0 3.5
109 5 0 2.75
201 40 0 3.5
315 46 0 2.25
239 23 0 3.0
127 14 0 4.0
227 16 0 1.75
86 16 0 2.75
19 15 0 2.75
300 20 0 1.5
195 29 0 2.5
338 47 0 1.5
243 7 0 1.5
79 7 0 2.75
272 4 0 2.75
332 17 0 1.25
358 16 0 1.5
299 15 0 2.5
201 5 0 1.25
326 8 0 2.25
43 11 0 2.75
158 20 0 2.75
358 21 0 2.5
297 19 0 3.75
114 3 0 3.25
158 11 0 2.75
321 1 0 2.5
172 16 0 3.75
214 19 0 3.0
20 12 0 2.25
146 13 0 3.75
78 8 0 3.0
102 30 0 3.5
295 14 0 3.75
135 33 0 2.0
168 15 0 4.0
85 0 0 1.5
131 11 0 2.5
62 34 0 2.75
332 24 0 3.75
128 19 0 2.0
232 20 0 3.0
103 46 0 2.5
307 15 0 2.0
158 5 0 3.0
127 27 0 2.25
227 25 0 1.5
3 24 0 3.75
269 3 0 1.5
189 2 0 2.75
22 69 0 1.5
267 20 0 3.5
318 2 0 3.25
19 25 0 1.5
91 35 0 2.25
241 20 0 2.5
278 27 0 1.5
306 10 0 2.0
191 27 0 2.25
324 47 0 1.75
290 24 0 3.25
3 25 0 3.5
250 14 0 1.75
88 22 0 1.0
336 6 0 1.25
11 30 0 3.75
178 24 0 1.75
330 15 0 2.25
172 13 0 1.0
291 29 0 2.0
28 1 0 3.5
305 14 0 3.25
177 18 0 2.25
124 0 0 4.0
151 30 0 2.25
2 30 0 2.5
93 37 0 2.75
300 9 0 2.75
302 9 0 1.25
251 49 0 2.25
183 26 0 1.25
161 66 0 3.25
38 28 0 4.0
253 23 0 2.75
85 23 0 1.75
244 1 0 1.75
47 13 0 1.0
334 11 0 3.5
82 26 0 2.25
187 25 0 2.25
250 30 0 2.0
260 19 0 3.75
141 15 0 1.25
258 3 0 1.0
277 18 0 3.5
26 28 0 2.25
98 14 0 1.0
343 9 0 1.75
200 23 0 2.5
324 23 0 1.25
115 2 0 2.75
327 62 0 2.25
52 35 0 1.0
246 16 0 3.75
115 7 0 2.0
279 8 0 2.75
306 16 0 1.25
298 28 0 1.75
12 11 0 1.5
30 30 0 2.25
35 3 0 4.0
55 22 0 1.5
26 7 0 1.25
325 25 0 2.25
35 15 0 1.25
279 20 0 1.25
299 28 0 3.25
163 28 0 2.0
159 13 0 3.75
158 12 0 1.5
320 21 0 3.0
158 15 0 2.25
215 17 0 3.75
224 20 0 3.5
192 15 0 2.0
347 16 0 1.5
82 30 0 2.5
30 27 0 3.0
70 4 0 1.75
213 0 0 3.0
78 7 0 2.75
2 27 0 3.5
58 19 0 2.5
57 14 0 1.0
306 16 0 2.25
352 20 0 1.25
168 10 0 1.75
299 20 0 1.5
163 22 0 2.75
344 21 0 4.0
137 33 0 1.75
185 57 0 4.0
235 12 0 2.5
345 28 0 2.75
223 27 0 2.25
213 3 0 2.25
19 45 0 1.75
183 24 0 3.0
226 20 0 1.5
324 49 0 2.5
86 26 0 2.0
331 20 0 3.5
336 0 0 4.0
155 50 0 1.5
296 7 0 2.25
290 6 0 3.75
343 26 0 3.5
329 30 0 1.75
228 7 0 3.75
195 21 0 1.75
115 2 0 2.25
42 28 0 2.25
326 25 0 3.5
33 23 0 3.75
338 56 0 1.5
242 29 0 1.25
274 48 0 1.0
48 27 0 3.5
193 11 0 2.5
335 19 0 1.0
212 20 0 2.0
170 2 0 3.75
0 24 0 4.0
353 22 0 2.5
352 12 0 3.5
193 23 0 2.0
179 22 0 1.75
147 17 0 3.25
301 24 0 1.5
96 7 0 1.0
71 5 0 1.75
260 10 0 2.5
177 23 0 2.75
213 15 0 2.0
285 28 0 2.0
9 29 0 3.75
21 28 0 3.25
234 28 0 1.0
59 15 0 3.75
286 29 0 1.75
311 17 0 1.5
135 4 0 2.75
31 8 0 1.5
344 21 0 3.25
26 6 0 1.25
226 58 0 1.25
35 6 0 2.5
75 23 0 3.5
168 30 0 2.5
25 9 0 2.75
97 27 0 1.25
45 26 0 3.5
148 2 0 1.75
245 0 0 3.75
264 12 0 3.75
2 21 0 1.0
347 1 0 1.0
72 29 0 1.25
81 13 0 3.5
245 18 0 3.0
270 10 0 2.25
278 1 0 4.0
32 6 0 3.0
159 27 0 2.75
65 24 0 3.5
247 17 0 1.5
114 26 0 2.25
243 12 0 1.25
64 31 0 3.0
173 30 0 1.25
95 55 0 3.75
257 1 0 1.75
294 11 0 3.25
57 20 0 2.5
202 26 0 2.0
157 17 0 3.0
86 3 0 3.0
58 11 0 2.75
41 5 0 1.0
150 13 0 1.0
174 29 0 1.75
58 23 0 2.75
165 21 0 2.5
155 16 0 2.5
115 2 0 4.0
244 30 0 2.25
35 4 0 1.0
144 4 0 1.75
51 4 0 3.0
77 23 0 3.5
316 13 0 2.0
80 15 0 1.75
177 14 0 2.75
167 0 0 3.0
224 45 0 1.5
42 15 0 2.0
339 9 0 2.75
17 9 0 2.0
323 29 0 1.75
7 8 0 4.0
357 11 0 1.0
249 16 0 2.0
143 18 0 4.0
281 6 0 2.25
177 28 0 3.75
289 21 0 1.0
303 24 0 2.0
2 22 0 3.25
327 33 0 3.75
320 18 0 1.5
189 10 0 3.75
62 14 0 1.5
190 19 0 3.5
316 10 0 3.25
89 17 0 3.5
106 24 0 2.75
338 23 0 2.25
25 17 0 1.25
129 5 0 3.5
325 27 0 2.25
292 0 0 1.5
189 15 0 4.0
171 6 0 4.0
86 17 0 1.5
274 19 0 2.0
171 9 0 2.0
341 61 0 2.25
107 0 0 1.25
76 29 0 2.25
80 13 0 2.0
5 15 0 2.75
26 7 0 3.5
266 22 0 1.5
114 76 0 3.5
272 20 0 2.5
202 27 0 1.25
194 30 0 2.0
269 3 0 1.75
358 14 0 1.25
294 0 0 1.75
52 45 0 2.0
277 14 0 1.5
141 11 0 3.75
27 21 0 1.5
140 11 0 3.25
176 1 0 3.5
358 19 0 2.75
249 21 0 1.5
213 21 0 2.75
18 27 0 2.0
329 6 0 2.5
253 30 0 1.0
155 22 0 1.5
12 7 0 4.0
121 5 0 1.0
213 16 0 2.25
309 15 0 2.25
1 23 0 3.25
291 52 0 2.25
124 27 0 1.5
17 29 0 4.0
81 19 0 1.25
351 5 0 2.5
11 10 0 2.5
172 0 0 4.0
237 6 0 2.25
67 16 0 2.25
22 5 0 2.25
224 15 0 4.0
171 9 0 1.25
238 2 0 2.5
43 2 0 3.75
126 13 0 3.0
327 28 0 2.0
345 53 0 3.0
143 18 0 2.5
204 10 0 2.75
23 21 0 2.5
245 27 0 2.25
37 37 0 3.0
52 13 0 1.5
110 29 0 2.5
199 17 0 1.5
160 19 0 3.5
77 10 0 4.0
129 20 0 2.25
218 10 0 3.5
97 19 0 1.75
110 7 0 2.75
201 5 0 3.75
143 10 0 1.5
61 23 0 1.0
348 0 0 1.75
174 14 0 3.5
137 28 0 2.25
63 25 0 3.0
256 22 0 2.75
28 10 0 2.0
246 17 0 3.0
68 13 0 1.0
174 24 0 3.0
306 30 0 2.75
27 9 0 3.25
319 57 0 1.75
94 26 0 1.25
261 12 0 1.75
308 11 0 3.75
244 22 0 2.25
259 29 0 3.25
62 4 0 4.0
99 28 0 2.75
333 9 0 3.5
251 8 0 2.75
2 26 0 2.25
242 29 0 2.0
125 14 0 2.25
171 18 0 1.0
172 27 0 2.5
226 21 0 3.0
62 6 0 1.5
39 27 0 1.25
276 24 0 1.0
124 20 0 3.25
264 4 0 1.25
126 11 0 1.25
154 1 0 2.0
332 20 0 2.25
336 16 0 3.5
343 4 0 3.75
283 13 0 2.25
260 3 0 2.75
238 25 0 4.0
14 21 0 3.5
153 39 0 1.25
38 15 0 1.5
84 2 0 3.5
203 13 0 1.0
302 5 0 1.0
202 30 0 3.5
236 9 0 3.75
3 15 0 1.75
29 28 0 1.75
226 2 0 2.75
131 27 0 3.5
147 20 0 1.25
311 9 0 3.25
76 25 0 3.25
193 14 0 2.0
117 35 0 1.75
304 21 0 1.5
160 28 0 2.0
91 0 0 3.25
34 57 0 3.5
93 2 0 2.25
158 17 0 3.75
55 9 0 1.25
354 17 0 2.25
327 21 0 3.25
205 1 0 3.25
23 24 0 3.5
215 21 0 1.25
316 17 0 4.0
66 9 0 3.25
225 18 0 3.25
346 20 0 3.0
286 15 0 1.5
347 9 0 1.25
108 16 0 4.0
66 20 0 3.25
253 16 0 3.75
98 11 0 2.25
248 19 0 2.25
51 40 0 3.75
166 3 0 2.5
93 29 0 1.75
200 4 0 3.5
176 24 0 1.0
72 1 0 3.75
170 31 0 2.25
6 24 0 2.25
8 63 0 1.0
165 26 0 3.25
6 62 0 1.25
250 22 0 1.0
147 23 0 2.5
248 15 0 3.5
276 13 0 2.5
245 28 0 3.5
156 1 0 2.75
105 20 0 2.75
215 23 0 3.75
119 5 0 4.0
330 45 0 2.5
30 3 0 1.0
197 55 0 2.0
229 4 0 2.75
97 30 0 2.75
209 23 0 2.75
223 17 0 2.75
275 2 0 1.0
324 5 0 2.25
120 26 0 1.75
242 20 0 2.0
53 29 0 1.0
62 14 0 2.75
284 13 0 3.5
268 18 0 2.5
257 17 0 3.5
48 18 0 2.0
29 8 0 2.75
318 16 0 2.75
213 17 0 1.75
105 10 0 1.75
260 16 0 1.0
343 34 0 3.25
130 12 0 2.25
235 34 0 3.5
209 5 0 1.0
88 20 0 3.25
316 50 0 2.25
240 22 0 2.75
218 50 0 4.0
306 1 0 1.0
287 0 0 3.0
45 23 0 2.5
54 55 0 2.25
267 13 0 3.5
298 64 0 3.75
305 8 0 2.75
14 2 0 2.75
129 45 0 2.25
128 4 0 1.25
270 28 0 1.5
85 17 0 3.5
194 11 0 3.25
353 0 0 1.0
52 30 0 3.0
328 17 0 1.0
316 9 0 1.25
16 20 0 3.5
296 18 0 1.5
328 4 0 1.25
81 13 0 1.25
236 27 0 3.0
328 19 0 1.75
63 20 0 1.25
328 79 0 2.5
104 11 0 2.0
319 10 0 2.5
151 20 0 2.75
263 24 0 3.25
206 37 0 3.0
54 28 0 4.0
284 18 0 1.25
359 3 0 3.25
324 8 0 4.0
158 7 0 1.25
64 21 0 3.75
90 8 0 3.25
130 10 0 1.25
353 48 0 4.0
300 17 0 2.5
128 27 0 4.0
228 71 0 3.5
98 30 0 1.5
279 4 0 3.0
288 6 0 3.75
64 1 0 2.0
72 59 0 2.5
118 26 0 2.5
25 26 0 2.0
316 28 0 1.0
247 7 0 2.5
63 29 0 1.5
113 17 0 1.5
303 53 0 3.75
100 10 0 2.0
154 34 0 3.25
77 28 0 1.75
209 53 0 1.0
146 11 0 1.5
324 29 0 4.0
73 18 0 3.75
352 19 0 2.25
243 24 0 2.5
182 14 0 1.5
105 24 0 1.25
41 35 0 2.75
189 20 0 2.75
104 23 0 1.0
174 1 0 3.0
7 1 0 2.0
341 21 0 2.0
352 23 0 3.0
288 37 0 1.75
15 33 0 1.25
45 5 0 1.5
241 9 0 2.5
338 45 0 1.25
235 4 0 1.75
251 1 0 3.75
25 16 0 2.0
13 30 0 1.0
309 6 0 3.5
212 5 0 4.0
209 2 0 3.5
277 2 0 1.5
144 3 0 2.5
124 38 0 1.25
40 22 0 3.0
212 14 0 2.0
111 17 0 3.75
355 28 0 2.25
357 2 0 3.0
217 18 0 2.25
180 10 0 1.75
235 72 0 3.0
91 25 0 1.75
275 12 0 3.25
126 28 0 4.0
14 20 0 2.0
121 15 0 2.25
33 16 0 2.25
225 15 0 2.25
159 20 0 3.0
311 3 0 2.75
150 44 0 3.0
248 20 0 3.0
235 9 0 1.75
142 17 0 3.75
299 5 0 3.0
169 57 0 1.75
287 13 0 2.75
59 24 0 1.5
144 30 0 3.5
194 15 0 3.5
184 21 0 1.25
276 10 0 2.5
149 24 0 1.75
25 59 0 2.75
88 11 0 2.25
273 20 0 3.75
277 27 0 1.25
161 25 0 2.25
265 11 0 2.25
97 30 0 4.0
39 28 0 2.25
293 26 0 4.0
184 2 0 3.0
222 30 0 3.75
253 10 0 2.75
193 57 0 3.5
189 17 0 1.25
46 27 0 1.25
120 11 0 3.25
79 39 0 4.0
265 28 0 3.25
342 52 0 2.0
194 0 0 1.5
22 47 0 1.5
229 17 0 3.0
266 8 0 2.75
234 20 0 2.0
10 72 0 3.0
48 28 0 1.5
51 21 0 3.5
234 10 0 2.25
6 15 0 2.0
194 5 0 2.0
50 9 0 2.25
200 15 0 1.5
159 19 0 3.75
133 17 0 1.25
175 7 0 2.5
233 1 0 1.75
271 57 0 2.75
193 24 0 1.25
250 30 0 1.5
200 20 0 3.25
128 30 0 4.0
111 24 0 3.5
48 10 0 1.5
116 43 0 3.75
38 18 0 3.25
290 15 0 3.25
55 15 0 4.0
208 8 0 1.0
32 56 0 2.25
212 19 0 1.25
276 2 0 3.0
107 26 0 2.5
59 26 0 1.25
327 22 0 3.75
94 6 0 2.25
185 17 0 1.5
273 38 0 1.5
279 42 0 3.25
137 8 0 3.75
322 14 0 2.0
57 12 0 1.25
216 3 0 3.75
138 30 0 1.0
89 17 0 3.75
341 17 0 2.0
357 47 0 2.0
229 28 0 2.25
173 26 0 3.0
181 44 0 3.0
346 16 0 2.75
112 24 0 1.75
321 11 0 2.25
188 70 0 1.5
291 3 0 3.0
213 27 0 3.25
50 6 0 2.0
23 30 0 3.25
266 8 0 3.75
316 6 0 2.25
49 27 0 3.75
91 16 0 3.75
120 39 0 2.0
66 27 0 4.0
352 30 0 2.25
211 34 0 2.0
81 19 0 4.0
33 26 0 1.75
99 7 0 3.75
259 13 0 2.25
336 19 0 2.5
163 27 0 1.5
199 26 0 3.75
312 17 0 3.5
309 23 0 1.5
137 68 0 1.0
71 12 0 1.25
274 5 0 1.75
353 28 0 2.25
37 19 0 1.0
87 10 0 2.5
282 18 0 1.75
251 6 0 2.75
110 20 0 1.75
51 24 0 4.0
338 0 0 3.0
149 4 0 2.5
336 22 0 3.0
263 7 0 2.75
199 23 0 4.0
335 6 0 1.5
15 1 0 1.0
193 0 0 4.0
130 10 0 2.25
236 12 0 2.5
50 0 0 2.75
114 67 0 2.25
343 11 0 3.0
135 13 0 1.0
285 38 0 1.0
290 26 0 1.5
238 1 0 3.25
86 21 0 3.5
181 21 0 2.5
154 30 0 3.25
295 79 0 3.0
43 21 0 3.75
294 3 0 1.25
82 23 0 1.75
91 16 0 1.25
43 28 0 1.5
72 12 0 3.25
242 8 0 2.25
166 17 0 1.0
173 28 0 1.5
41 9 0 3.0
308 9 0 1.0
82 15 0 4.0
293 12 0 3.75
290 28 0 4.0
358 9 0 2.75
225 19 0 1.75
44 5 0 3.75
330 26 0 1.0
200 3 0 1.25
279 19 0 2.5
319 26 0 4.0
100 15 0 3.75
253 1 0 1.25
107 27 0 3.75
39 4 0 3.5
22 20 0 3.25
119 18 0 3.25
209 41 0 1.5
281 29 0 2.25
237 59 0 3.5
63 3 0 1.25
168 25 0 3.0
206 5 0 2.5
262 75 0 1.75
293 22 0 3.25
329 12 0 2.25
311 17 0 2.5
79 3 0 2.25
32 3 0 3.25
318 24 0 2.5
6 11 0 2.25
313 30 0 1.25
174 10 0 2.75
48 0 0 2.0
63 27 0 2.5
52 16 0 1.5
85 3 0 1.0
151 0 0 2.5
304 2 0 2.25
232 8 0 3.5
184 16 0 1.25
11 17 0 2.75
257 5 0 4.0
126 20 0 1.75
65 20 0 1.25
94 22 0 3.75
48 2 0 2.5
175 23 0 1.25
160 27 0 2.0
291 19 0 1.0
42 0 0 1.25
82 20 0 1.25
9 15 0 1.75
115 3 0 3.5
183 14 0 2.25
155 19 0 1.0
128 16 0 1.5
258 3 0 2.0
167 25 0 3.0
91 33 0 3.5
193 8 0 2.25
191 10 0 3.0
264 25 0 3.75
286 69 0 1.75
327 23 0 3.25
139 6 0 1.25
213 9 0 1.75
212 16 0 1.75
301 58 0 4.0
342 29 0 3.0
246 13 0 1.0
304 20 0 3.5
262 1 0 3.5
171 25 0 3.0
252 8 0 3.75
290 18 0 4.0
37 36 0 2.0
135 14 0 3.75
76 17 0 2.25
351 20 0 2.5
188 26 0 3.25
295 11 0 3.75
192 25 0 2.75
209 5 0 2.5
188 14 0 2.5
336 2 0 1.0
312 13 0 3.25
271 8 0 3.25
113 23 0 3.5
293 44 0 1.25
302 22 0 1.75
180 25 0 1.75
52 21 0 1.75
333 17 0 1.0
279 25 0 3.0
266 1 0 1.0
357 14 0 3.75
134 10 0 3.75
292 2 0 1.5
263 57 0 2.75
298 3 0 4.0
153 18 0 1.0
59 22 0 3.5
15 5 0 3.0
194 17 0 1.25
145 8 0 3.0
124 45 0 3.0
156 29 0 2.0
160 9 0 3.0
37 78 0 1.25
44 0 0 2.75
345 12 0 3.0
247 10 0 4.0
185 21 0 2.25
47 26 0 1.5
319 7 0 2.75
322 4 0 3.5
121 20 0 3.25
353 19 0 2.0
149 46 0 3.25
219 65 0 4.0
78 18 0 3.0
228 16 0 1.25
318 64 0 3.5
78 16 0 1.5
311 6 0 3.0
299 15 0 1.0
236 13 0 4.0
242 34 0 3.25
109 11 0 2.5
64 30 0 2.25
268 54 0 2.5
31 27 0 3.0
76 5 0 1.25
116 17 0 2.0
13 8 0 3.0
165 5 0 2.75
205 10 0 3.5
346 14 0 3.5
350 25 0 2.75
240 80 0 2.25
300 7 0 2.25
23 1 0 3.5
231 5 0 1.25
94 24 0 3.75
150 37 0 2.75
355 24 0 3.5
156 25 0 3.75
109 10 0 2.25
247 41 0 3.75
78 16 0 1.75
304 14 0 4.0
168 14 0 1.0
289 25 0 1.25
73 21 0 3.75
323 16 0 3.75
143 59 0 2.75
115 20 0 2.25
348 58 0 2.5
116 22 0 3.0
105 9 0 2.5
340 25 0 1.25
203 0 0 4.0
177 15 0 3.0
46 6 0 3.5
319 24 0 1.0
12 11 0 1.0
274 23 0 3.0
45 22 0 2.75
334 28 0 2.75
186 8 0 3.75
268 24 0 2.5
94 17 0 2.25
28 42 0 3.5
275 17 0 4.0
13 5 0 2.75
122 0 0 2.25
169 37 0 3.25
97 21 0 1.25
261 18 0 3.75
208 11 0 3.5
271 3 0 1.75
202 29 0 2.75
104 2 0 3.25
334 25 0 3.25
14 8 0 1.75
136 21 0 3.0
198 46 0 1.5
171 57 0 2.75
298 10 0 2.0
235 5 0 3.5
94 7 0 1.0
340 1 0 1.5
211 26 0 1.75
10 25 0 4.0
56 5 0 1.75
95 0 0 2.25
55 30 0 3.25
80 8 0 1.75
171 35 0 2.5
182 75 0 3.75
25 29 0 2.0
163 18 0 2.0
35 11 0 3.25
176 5 0 3.75
112 16 0 4.0
107 17 0 3.25
111 2 0 2.0
356 18 0 2.0
195 62 0 1.75
233 8 0 3.5
330 14 0 1.0
32 3 0 2.0
102 1 0 1.0
157 7 0 2.0
196 46 0 1.25
99 8 0 2.25
243 14 0 3.75
186 29 0 3.75
23 41 0 1.75
180 8 0 1.0
324 6 0 1.0
294 18 0 1.75
218 18 0 2.25
148 30 0 2.75
58 15 0 2.0
125 20 0 3.0
28 79 0 2.25
138 12 0 2.5
240 25 0 1.5
184 4 0 4.0
314 37 0 1.75
241 28 0 3.25
42 21 0 1.25
185 1 0 2.5
318 2 0 1.25
43 5 0 3.25
149 0 0 1.0
341 16 0 1.75
123 7 0 2.0
196 29 0 2.75
266 26 0 2.25
181 9 0 3.0
213 11 0 3.25
239 2 0 2.75
145 0 0 3.5
249 9 0 3.0
1 8 0 3.0
60 15 0 1.5
279 17 0 3.75
204 1 0 3.0
230 23 0 1.25
37 48 0 3.0
308 10 0 1.5
348 33 0 3.25
199 9 0 1.5
275 23 0 3.75
295 12 0 1.25
336 28 0 2.0
47 26 0 4.0
181 33 0 1.0
32 3 0 3.75
317 67 0 3.0
101 9 0 1.5
262 7 0 2.75
115 18 0 1.0
193 9 0 1.5
216 6 0 1.75
127 26 0 1.5
164 29 0 1.75
295 17 0 3.75
87 27 0 2.25
18 10 0 3.0
257 6 0 2.25
329 6 0 1.75
21 0 0 2.25
355 8 0 1.5
164 5 0 1.5
226 15 0 2.75
196 4 0 4.0
181 9 0 1.5
151 10 0 2.5
256 28 0 1.5
0 0 0 1.25
85 30 0 2.0
61 7 0 1.25
139 15 0 2.0
15 26 0 1.0
91 29 0 3.0
207 29 0 4.0
310 19 0 3.0
208 3 0 1.0
309 27 0 4.0
48 26 0 4.0
3 7 0 3.5
55 79 0 4.0
279 9 0 3.0
88 16 0 2.25
255 19 0 2.0
43 3 0 2.0
357 22 0 2.25
172 15 0 1.5
16 0 0 3.75
314 12 0 2.75
66 18 0 3.0
84 55 0 4.0
299 20 0 3.5
208 4 0 3.0
158 7 0 3.5
216 19 0 3.0
143 19 0 1.25
325 17 0 1.5
340 6 0 3.25
83 29 0 2.75
300 11 0 1.0
318 1 0 2.0
192 8 0 1.5
209 6 0 2.5
77 3 0 2.25
146 17 0 2.5
322 29 0 2.5
201 24 0 3.5
246 16 0 3.0
27 17 0 2.5
75 16 0 2.0
349 21 0 2.0
192 29 0 2.5
188 29 0 3.25
263 4 0 2.75
275 10 0 2.5
7 5 0 2.25
257 21 0 2.0
171 45 0 1.5
75 6 0 1.25
101 22 0 3.25
142 29 0 1.75
100 7 0 1.5
287 6 0 3.0
341 5 0 1.25
45 49 0 3.0
227 29 0 2.0
254 26 0 2.25
312 13 0 3.5
16 1 0 3.0
17 25 0 1.0
2 21 0 2.25
153 23 0 3.5
58 7 0 3.25
243 6 0 3.5
18 15 0 2.25
249 1 0 1.5
300 15 0 3.25
339 35 0 1.75
300 15 0 1.5
170 2 0 2.5
100 36 0 1.25
92 2 0 2.0
262 20 0 2.0
25 2 0 3.25
127 18 0 3.75
356 7 0 3.75
126 4 0 1.25
208 21 0 2.5
119 15 0 1.25
21 11 0 2.75
281 23 0 2.0
316 0 0 2.75
240 41 0 1.75
87 2 0 1.5
191 26 0 1.75
13 19 0 1.0
288 9 0 3.75
25 20 0 3.25
248 14 0 1.0
309 1 0 3.0
196 43 0 3.5
280 19 0 2.0
114 29 0 4.0
204 30 0 2.25
127 21 0 1.75
25 18 0 3.75
325 13 0 2.5
144 16 0 3.5
134 8 0 2.5
168 20 0 1.5
1 20 0 2.5
283 0 0 1.0
81 18 0 3.25
107 53 0 3.5
221 7 0 1.75
141 2 0 3.25
321 14 0 1.5
11 24 0 2.0
140 21 0 2.0
166 31 0 1.0
343 27 0 2.0
165 25 0 1.5
247 3 0 2.25
129 18 0 1.5
207 1 0 2.0
60 1 0 3.25
77 56 0 1.75
96 25 0 1.75
59 12 0 3.5
227 22 0 3.75
120 29 0 3.0
258 16 0 2.0
43 10 0 2.25
100 0 0 1.0
296 7 0 1.25
76 8 0 3.25
168 11 0 2.75
42 9 0 1.5
354 15 0 1.75
158 2 0 2.75
293 21 0 1.0
306 5 0 1.25
144 19 0 3.25
153 51 0 3.0
290 14 0 2.25
294 21 0 2.75
352 25 0 2.75
147 50 0 3.5
100 16 0 4.0
175 26 0 3.5
42 6 0 2.5
247 6 0 3.5
96 6 0 2.25
103 23 0 3.0
359 4 0 3.0
354 65 0 2.0
48 11 0 2.5
145 14 0 3.25
91 16 0 1.0
71 2 0 1.5
9 2 0 3.5
270 0 0 2.75
242 27 0 3.75
242 29 0 2.75
230 15 0 3.75
112 28 0 1.25
133 4 0 2.25
76 18 0 2.25
225 12 0 3.75
32 1 0 3.5
179 0 0 3.25
40 2 0 2.5
188 29 0 2.75
311 16 0 3.0
114 12 0 1.0
134 24 0 2.25
255 3 0 1.75
348 29 0 2.25
177 19 0 1.0
191 21 0 1.25
334 5 0 2.5
217 29 0 3.75
155 18 0 1.75
74 24 0 2.25
145 12 0 3.25
48 6 0 1.5
186 26 0 4.0
294 30 0 1.0
352 17 0 2.5
113 10 0 3.0
123 24 0 1.5
324 30 0 2.75
269 16 0 3.5
337 5 0 3.25
357 19 0 3.0
330 74 0 2.25
350 12 0 2.5
208 14 0 3.0
236 2 0 2.5
342 12 0 4.0
237 26 0 2.25
291 14 0 1.0
44 23 0 1.75
316 26 0 3.5
312 6 0 2.5
138 1 0 2.25
23 21 0 1.0
242 30 0 3.25
52 26 0 2.25
2 28 0 3.75
325 59 0 2.5
319 6 0 1.5
81 12 0 4.0
74 4 0 1.0
225 4 0 3.0
258 47 0 2.0
146 26 0 2.25
167 14 0 3.5
27 23 0 4.0
84 15 0 1.5
244 3 0 3.0
142 26 0 3.75
126 26 0 4.0
91 20 0 1.25
167 29 0 4.0
140 31 0 1.25
160 16 0 3.75
216 8 0 2.75
133 6 0 1.75
55 4 0 3.25
305 17 0 2.75
356 28 0 4.0
40 0 0 3.5
234 2 0 1.5
272 54 0 1.0
340 10 0 2.25
111 15 0 2.0
200 76 0 2.5
354 0 0 2.75
326 8 0 2.0
57 25 0 3.5
300 8 0 2.5
353 9 0 2.5
196 59 0 2.25
183 26 0 2.75
60 3 0 2.0
248 16 0 2.25
26 19 0 1.0
320 67 0 3.5
240 11 0 1.25
332 12 0 1.25
221 25 0 3.0
42 22 0 2.5
4 9 0 1.75
262 53 0 1.5
60 19 0 4.0
41 1 0 3.25
114 25 0 3.75
247 18 0 4.0
359 24 0 3.75
341 51 0 4.0
26 31 0 1.75
76 24 0 1.25
46 30 0 3.25
251 8 0 1.25
97 18 0 3.75
40 19 0 2.25
45 14 0 1.75
7 27 0 3.0
349 25 0 2.25
101 9 0 2.25
51 25 0 2.0
354 26 0 2.0
329 29 0 2.75
18 13 0 1.5
132 28 0 1.25
217 30 0 3.5
17 27 0 3.75
88 12 0 1.25
143 14 0 2.25
213 6 0 2.25
279 9 0 1.0
288 26 0 2.0
21 4 0 2.25
59 27 0 3.5
129 1 0 3.5
110 40 0 4.0
84 1 0 1.5
318 6 0 3.75
102 10 0 3.75
22 27 0 3.0
282 16 0 3.5
212 60 0 3.75
358 18 0 1.0
176 16 0 1.75
334 10 0 4.0
145 14 0 3.75
207 28 0 1.25
254 14 0 1.25
136 13 0 2.75
253 18 0 2.75
323 30 0 2.5
59 27 0 3.0
75 11 0 3.0
219 17 0 1.5
357 29 0 2.5
291 27 0 3.5
304 11 0 3.75
48 9 0 3.0
251 5 0 1.75
199 17 0 3.5
122 15 0 3.25
124 6 0 1.0
58 19 0 3.25
300 56 0 1.75
293 26 0 3.75
128 29 0 1.75
188 4 0 2.25
299 21 0 2.0
17 46 0 1.0
213 0 0 1.0
338 5 0 3.5
297 14 0 3.5
131 17 0 4.0
147 10 0 1.0
118 30 0 2.25
17 3 0 2.75
280 22 0 2.5
242 12 0 2.0
106 11 0 1.25
354 56 0 1.5
299 28 0 2.0
318 13 0 2.0
294 8 0 3.5
49 4 0 4.0
318 22 0 2.0
144 50 0 3.75
293 12 0 4.0
144 12 0 3.0
141 1 0 3.75
145 10 0 2.25
349 4 0 1.0
8 41 0 1.5
103 51 0 1.5
113 10 0 2.5
313 23 0 2.75
109 8 0 1.25
197 26 0 1.75
156 6 0 3.0
340 17 0 2.5
327 24 0 4.0
144 19 0 1.0
117 24 0 2.5
63 6 0 2.25
52 25 0 3.25
265 0 0 2.5
203 25 0 3.75
64 22 0 3.5
120 9 0 3.5
206 61 0 3.25
161 13 0 1.0
226 52 0 2.5
326 6 0 2.0
187 26 0 4.0
357 12 0 3.25
270 14 0 2.25
186 17 0 1.5
197 22 0 1.75
339 11 0 2.25
332 6 0 2.75
86 2 0 1.25
55 7 0 1.5
31 14 0 2.75
9 0 0 1.5
70 16 0 2.25
132 15 0 3.5
104 7 0 1.75
319 30 0 2.25
307 17 0 3.25
29 30 0 1.75
62 6 0 3.75
24 13 0 3.25
342 43 0 1.0
251 15 0 2.5
47 12 0 3.25
152 20 0 1.75
274 5 0 1.0
236 3 0 2.75
317 28 0 3.5
322 18 0 1.5
298 24 0 2.0
319 70 0 1.0
222 24 0 2.0
266 2 0 2.75
290 21 0 4.0
359 18 0 1.25
257 25 0 4.0
24 12 0 1.25
115 25 0 3.0
216 14 0 2.75
241 3 0 3.25
217 24 0 2.25
58 3 0 2.0
29 12 0 3.25
218 23 0 1.5
251 2 0 1.75
167 9 0 3.0
12 12 0 2.25
164 6 0 2.5
97 77 0 2.0
3 10 0 1.25
309 3 0 2.25
175 12 0 2.25
243 21 0 3.75
6 30 0 1.75
329 28 0 3.25
67 15 0 2.0
88 18 0 2.0
317 53 0 1.5
336 8 0 1.75
338 3 0 3.25
141 7 0 3.25
214 11 0 3.75
188 7 0 3.5
170 15 0 2.0
84 23 0 4.0
144 15 0 4.0
190 23 0 3.0
27 18 0 2.25
180 45 0 2.0
148 7 0 2.75
47 30 0 3.25
355 30 0 2.0
122 26 0 2.0
338 35 0 1.25
187 35 0 4.0
151 27 0 2.75
172 5 0 3.5
25 19 0 2.0
68 26 0 1.5
119 71 0 1.25
313 61 0 3.75
36 1 0 1.0
42 42 0 4.0
240 43 0 2.0
268 27 0 2.75
190 1 0 2.5
325 16 0 2.0
274 2 0 3.25
344 20 0 1.5
212 3 0 2.0
155 5 0 2.5
249 7 0 1.75
108 9 0 2.5
329 20 0 1.75
75 30 0 2.0
336 13 0 4.0
57 28 0 1.0
275 26 0 2.75
46 2 0 2.5
277 9 0 4.0
62 21 0 2.75
119 30 0 2.25
29 7 0 3.0
11 5 0 3.25
122 22 0 3.0
339 17 0 4.0
42 16 0 2.75
217 8 0 2.5
123 8 0 1.75
58 30 0 2.25
247 0 0 1.0
291 7 0 2.75
356 4 0 2.5
8 0 0 3.5
209 11 0 3.5
217 23 0 1.25
22 2 0 2.5
59 10 0 3.75
345 24 0 3.5
38 30 0 1.75
114 1 0 2.25
328 27 0 2.25
130 39 0 3.0
205 11 0 1.25
59 9 0 1.75
199 4 0 3.25
305 20 0 3.0
264 67 0 1.25
93 2 0 2.75
266 19 0 4.0
92 47 0 3.5
264 22 0 3.25
159 41 0 2.75
12 0 0 2.0
173 0 0 1.0
304 15 0 2.5
28 5 0 4.0
171 6 0 2.75
161 3 0 2.75
13 12 0 1.25
92 29 0 1.0
216 27 0 2.5
338 17 0 1.75
282 21 0 3.0
37 6 0 1.25
162 4 0 2.75
268 19 0 1.75
158 17 0 1.0
170 30 0 1.5
311 11 0 1.25
231 11 0 1.0
315 20 0 1.5
191 7 0 1.0
77 6 0 3.75
250 30 0 3.75
330 24 0 1.0
122 2 0 2.25
178 7 0 1.5
73 29 0 1.75
121 16 0 4.0
18 10 0 2.75
116 29 0 3.75
167 7 0 2.25
60 24 0 2.75
155 51 0 3.5
88 30 0 1.5
47 19 0 3.5
242 12 0 3.0
219 30 0 3.75
283 45 0 3.5
131 9 0 1.25
281 13 0 1.25
9 17 0 1.5
130 9 0 2.0
85 8 0 1.25
261 15 0 3.25
6 56 0 4.0
9 26 0 2.0
22 17 0 2.75
278 29 0 2.0
142 7 0 2.0
140 16 0 1.0
263 17 0 3.75
68 17 0 3.5
101 18 0 1.75
34 29 0 1.5
276 12 0 3.25
11 9 0 3.25
320 7 0 2.25
101 30 0 1.0
228 3 0 1.5
302 22 0 3.25
171 0 0 3.5
28 29 0 4.0
341 8 0 2.0
243 24 0 4.0
188 11 0 3.25
0 13 0 2.25
185 58 0 2.25
298 14 0 1.0
282 19 0 1.25
259 17 0 2.5
265 17 0 1.25
35 54 0 3.0
164 13 0 3.0
271 11 0 2.0
81 23 0 4.0
60 26 0 1.75
151 3 0 3.25
317 7 0 3.5
327 18 0 3.25
174 29 0 1.25
52 13 0 1.0
114 15 0 1.0
59 27 0 3.75
190 25 0 2.25
0 27 0 1.0
213 49 0 4.0
301 23 0 1.5
216 6 0 3.75
62 8 0 3.5
309 45 0 2.0
236 59 0 1.5
98 18 0 1.25
33 12 0 3.5
33 15 0 2.75
164 6 0 1.75
357 0 0 4.0
93 8 0 3.5
160 17 0 1.25
109 2 0 1.5
322 16 0 1.5
334 5 0 3.25
224 5 0 3.0
230 37 0 4.0
112 8 0 1.75
217 60 0 1.25
36 21 0 3.0
147 18 0 3.0
70 18 0 3.0
265 10 0 3.0
32 6 0 4.0
312 18 0 3.0
321 10 0 3.75
83 19 0 1.0
136 17 0 1.5
278 7 0 3.75
65 16 0 3.0
197 4 0 1.0
11 2 0 2.75
327 18 0 2.5
139 21 0 1.75
205 12 0 2.0
328 27 0 2.75
117 26 0 1.5
355 20 0 1.25
301 7 0 3.0
329 2 0 1.0
10 12 0 4.0
194 28 0 2.25
21 10 0 3.5
195 36 0 2.75
334 14 0 1.0
251 27 0 4.0
183 21 0 3.75
85 29 0 2.0
305 11 0 3.75
309 18 0 2.0
18 19 0 2.75
340 28 0 3.75
256 26 0 3.0
274 0 0 2.75
201 8 0 2.0
282 9 0 1.5
246 39 0 2.5
43 25 0 2.25
10 45 0 4.0
350 27 0 4.0
162 18 0 1.25
65 21 0 1.25
262 56 0 4.0
354 21 0 2.75
91 18 0 3.25
13 25 0 2.75
309 0 0 2.5
24 20 0 3.75
137 21 0 1.5
189 70 0 1.25
320 0 0 1.75
234 23 0 2.5
74 35 0 2.25
53 38 0 3.25
80 80 0 3.0
226 23 0 1.0
326 33 0 3.0
164 17 0 2.5
102 12 0 1.25
337 0 0 2.0
75 4 0 4.0
291 5 0 3.0
223 57 0 1.25
235 16 0 2.25
259 2 0 2.0
68 3 0 3.25
297 12 0 2.75
33 11 0 1.75
310 9 0 2.75
348 15 0 2.75
209 27 0 1.5
56 6 0 3.75
75 30 0 3.75
340 24 0 3.75
144 70 0 3.5
301 75 0 3.25
222 0 0 1.0
280 27 0 1.75
7 0 0 3.0
152 70 0 2.0
172 63 0 3.25
136 11 0 2.0
305 33 0 1.0
10 21 0 3.75
307 23 0 3.0
104 76 0 3.75
295 16 0 3.75
273 20 0 3.0
354 25 0 1.0
256 4 0 3.75
271 4 0 1.0
222 15 0 2.25
265 6 0 2.5
69 24 0 3.25
59 21 0 3.75
81 19 0 2.5
48 5 0 3.25
200 28 0 1.5
359 32 0 2.25
22 9 0 3.0
35 3 0 3.0
202 8 0 2.5
229 25 0 1.75
245 14 0 3.25
10 14 0 2.75
333 3 0 4.0
73 16 0 1.0
34 45 0 2.5
310 10 0 1.75
312 30 0 1.5
307 26 0 3.5
314 13 0 3.0
123 11 0 3.0
91 27 0 1.25
144 7 0 3.75
75 28 0 1.0
357 18 0 3.5
352 0 0 3.75
170 69 0 3.5
305 15 0 2.75
281 52 0 3.75
48 8 0 3.75
79 23 0 3.75
75 7 0 3.5
21 19 0 3.5
335 23 0 2.0
122 13 0 3.0
71 2 0 3.5
40 40 0 2.5
16 1 0 2.5
215 26 0 3.0
327 27 0 3.0
278 9 0 1.0
197 6 0 2.25
293 13 0 3.75
25 19 0 2.75
2 6 0 3.75
186 12 0 1.5
236 13 0 2.25
154 24 0 4.0
219 10 0 4.0
300 29 0 1.0
312 12 0 4.0
309 18 0 2.75
335 12 0 1.75
101 14 0 3.0
296 2 0 2.25
285 11 0 1.75
226 18 0 1.75
295 13 0 1.25
14 49 0 2.75
190 24 0 2.75
332 23 0 2.25
267 15 0 3.5
25 33 0 1.25
254 2 0 2.75
198 24 0 3.25
218 22 0 2.75
256 27 0 3.5
335 38 0 1.0
353 17 0 2.0
124 21 0 4.0
289 22 0 2.25
121 41 0 3.75
144 27 0 1.0
20 22 0 1.0
50 2 0 3.5
252 2 0 4.0
300 20 0 3.0
292 26 0 2.75
328 15 0 2.75
272 20 0 4.0
300 20 0 1.75
207 11 0 2.0
37 27 0 1.75
77 26 0 2.5
190 20 0 1.5
87 7 0 3.75
276 1 0 2.25
255 22 0 4.0
106 3 0 3.5
348 15 0 2.0
59 0 0 1.0
202 42 0 1.5
209 9 0 1.25
53 23 0 1.0
310 13 0 2.0
193 21 0 1.5
219 27 0 3.5
106 28 0 3.75
59 30 0 1.75
307 51 0 3.25
141 6 0 2.5
105 2 0 3.25
57 16 0 1.25
100 4 0 3.5
184 25 0 3.75
164 29 0 2.75
113 6 0 2.5
100 9 0 1.0
7 29 0 2.0
253 0 0 1.25
310 19 0 2.0
112 5 0 3.25
9 14 0 2.5
96 27 0 3.0
99 49 0 3.5
335 5 0 3.0
310 2 0 3.5
155 22 0 3.5
155 20 0 1.75
245 25 0 4.0
71 26 0 3.5
175 1 0 1.75
120 25 0 1.75
130 16 0 1.0
172 13 0 3.0
16 29 0 2.25
191 2 0 3.5
305 12 0 1.25
30 13 0 3.5
337 24 0 3.75
39 0 0 2.5
163 80 0 2.75
22 22 0 2.0
55 10 0 1.75
330 4 0 3.0
187 9 0 3.5
154 14 0 3.75
8 37 0 4.0
19 9 0 4.0
337 48 0 1.0
30 22 0 4.0
12 5 0 1.0
353 7 0 1.25
129 20 0 3.5
58 21 0 2.0
22 20 0 2.5
5 15 0 1.25
144 62 0 2.25
187 10 0 3.75
325 25 0 2.75
74 13 0 1.0
86 5 0 2.0
291 8 0 2.5
144 13 0 2.25
128 21 0 2.0
319 30 0 1.0
64 17 0 1.75
99 22 0 3.75
4 37 0 2.0
332 10 0 2.75
100 18 0 3.25
77 7 0 1.75
115 13 0 2.75
216 6 0 2.25
303 30 0 1.25
205 18 0 3.25
87 7 0 3.0
133 19 0 1.5
120 9 0 2.0
262 10 0 2.0
123 9 0 1.25
330 18 0 1.5
128 26 0 2.75
88 3 0 3.75
313 1 0 2.25
331 19 0 3.5
291 12 0 2.25
24 22 0 2.5
41 14 0 1.75
144 10 0 1.75
349 14 0 1.5
211 12 0 2.5
208 6 0 2.75
260 28 0 2.0
236 57 0 2.25
176 11 0 4.0
225 2 0 2.75
45 1 0 3.5
192 65 0 4.0
318 29 0 2.25
48 49 0 3.25
287 57 0 3.0
104 5 0 4.0
56 57 0 1.0
106 25 0 2.5
86 8 0 4.0
2 19 0 1.25
197 29 0 2.0
129 0 0 3.75
109 0 0 1.5
21 6 0 2.75
182 28 0 1.25
78 12 0 1.5
222 22 0 2.25
229 45 0 2.0
293 16 0 1.75
168 38 0 2.25
275 9 0 3.25
211 42 0 1.5
62 24 0 3.0
319 51 0 4.0
355 26 0 3.75
276 4 0 3.5
35 21 0 2.5
311 26 0 3.5
1 9 0 1.75
39 55 0 2.5
301 6 0 1.5
336 22 0 2.75
205 1 0 1.75
281 10 0 1.0
152 20 0 1.25
205 24 0 1.5
160 13 0 1.5
126 20 0 4.0
332 2 0 2.0
179 62 0 2.0
333 33 0 2.75
91 56 0 4.0
166 24 0 3.75
146 25 0 2.75
283 25 0 2.75
219 23 0 2.25
169 24 0 2.0
2 17 0 3.5
340 2 0 3.0
357 2 0 4.0
177 30 0 2.5
68 16 0 1.75
146 22 0 1.0
260 19 0 1.25
259 0 0 3.25
210 29 0 1.5
181 3 0 2.25
93 11 0 2.5
254 12 0 1.5
174 3 0 2.0
43 4 0 2.0
34 14 0 1.25
221 8 0 2.25
196 5 0 2.25
262 4 0 2.75
310 26 0 1.25
315 29 0 2.75
71 3 0 2.75
355 20 0 3.75
55 17 0 4.0
200 13 0 2.5
22 3 0 3.25
199 12 0 2.5
239 8 0 3.0
88 22 0 3.75
1 20 0 3.75
286 6 0 1.75
225 4 0 4.0
207 14 0 2.25
197 23 0 1.5
100 25 0 2.0
352 20 0 2.0
26 14 0 3.75
33 15 0 3.0
141 27 0 3.5
327 15 0 1.0
187 22 0 3.0
80 0 0 3.0
329 28 0 3.75
350 20 0 3.5
292 9 0 3.75
309 26 0 3.0
134 14 0 3.25
68 30 0 3.75
36 24 0 2.25
322 27 0 1.25
201 8 0 1.25
313 24 0 2.75
166 46 0 1.0
308 26 0 3.5
81 24 0 4.0
294 19 0 1.75
294 25 0 2.5
92 25 0 3.0
341 26 0 1.75
163 19 0 3.0
6 3 0 3.5
283 1 0 2.5
141 23 0 1.5
304 10 0 1.5
96 8 0 2.25
153 29 0 2.5
164 58 0 1.5
107 3 0 3.5
122 25 0 3.5
188 14 0 1.25
134 6 0 1.75
20 0 0 2.5
138 21 0 2.5
55 27 0 1.75
331 9 0 2.5
203 9 0 1.25
308 24 0 2.0
123 29 0 3.25
214 29 0 3.5
105 40 0 1.5
294 5 0 3.75
276 26 0 2.25
22 15 0 3.0
286 14 0 3.0
353 14 0 3.25
347 21 0 1.0
90 24 0 3.75
60 66 0 3.75
36 9 0 3.5
222 15 0 1.0
17 7 0 1.75
346 20 0 2.0
283 7 0 1.25
260 17 0 3.5
216 23 0 2.75
287 3 0 1.5
166 15 0 2.75
63 27 0 1.25
288 20 0 2.5
193 4 0 2.5
357 18 0 2.0
23 27 0 3.0
247 0 0 2.25
256 65 0 2.5
203 18 0 4.0
264 6 0 3.5
29 17 0 2.5
283 0 0 3.0
209 22 0 3.0
202 4 0 1.25
286 29 0 1.0
351 9 0 2.75
306 41 0 2.5
202 1 0 3.25
55 9 0 3.75
136 11 0 1.25
212 19 0 3.25
19 5 0 1.25
219 29 0 2.75
218 42 0 1.5
263 6 0 2.5
10 20 0 4.0
332 27 0 3.5
250 29 0 3.25
201 21 0 1.75
163 27 0 3.75
6 14 0 3.5
214 10 0 3.0
57 10 0 1.75
194 12 0 2.5
32 20 0 1.75
142 1 0 1.5
219 17 0 1.0
103 24 0 3.75
322 7 0 1.0
31 46 0 1.75
277 1 0 1.25
216 0 0 3.5
34 15 0 2.75
11 9 0 1.0
106 7 0 3.25
178 4 0 1.5
342 22 0 2.0
68 23 0 3.0
218 36 0 1.0
244 0 0 4.0
339 19 0 2.25
340 13 0 2.5
314 10 0 1.75
159 7 0 3.0
161 23 0 3.75
20 6 0 1.0
50 20 0 2.75
336 8 0 3.25
277 18 0 1.5
0 16 0 2.75
137 20 0 1.75
226 30 0 3.0
57 2 0 1.0
211 22 0 1.25
30 10 0 2.25
214 47 0 2.25
305 23 0 3.25
95 27 0 3.0
99 25 0 1.5
155 12 0 1.5
130 28 0 2.5
200 28 0 2.5
267 6 0 4.0
253 2 0 3.75
114 16 0 1.25
322 1 0 4.0
234 0 0 2.0
281 26 0 1.25
273 23 0 3.25
231 40 0 4.0
206 28 0 2.5
257 43 0 2.0
285 1 0 3.5
106 24 0 3.5
55 4 0 1.0
332 1 0 2.5
173 29 0 2.75
308 15 0 3.0
69 4 0 1.0
170 23 0 2.0
118 19 0 1.5
10 21 0 3.5
259 19 0 2.0
306 11 0 2.0
5 13 0 1.5
141 33 0 3.25
2 6 0 3.25
2 70 0 2.25
36 27 0 1.0
39 24 0 3.25
325 6 0 1.25
195 25 0 1.75
268 30 0 2.0
146 44 0 3.25
108 7 0 3.5
192 4 0 2.75
79 2 0 2.75
167 30 0 3.25
154 12 0 2.5
34 3 0 2.0
46 16 0 1.75
339 29 0 3.75
334 28 0 3.75
108 14 0 2.0
242 15 0 1.0
120 60 0 2.0
238 12 0 1.5
31 13 0 2.0
85 6 0 1.0
41 26 0 1.25
251 0 0 3.25
310 5 0 3.25
22 66 0 3.75
55 7 0 1.25
71 28 0 3.5
169 17 0 1.25
77 51 0 2.25
78 4 0 3.75
205 29 0 3.5
208 16 0 2.25
87 21 0 1.0
100 24 0 2.25
173 20 0 2.0
298 13 0 2.25
56 30 0 3.25
89 48 0 1.0
47 15 0 4.0
340 14 0 1.75
283 30 0 3.25
224 22 0 4.0
216 19 0 1.25
272 3 0 2.0
325 29 0 3.25
71 9 0 3.25
287 55 0 4.0
41 28 0 2.0
335 24 0 1.25
62 9 0 3.75
132 27 0 2.25
358 1 0 1.0
254 0 0 2.5
179 27 0 1.75
351 16 0 2.75
35 18 0 3.5
306 27 0 3.75
78 0 0 3.0
207 11 0 2.75
8 33 0 3.5
300 4 0 1.5
232 30 0 4.0
277 5 0 3.0
134 28 0 2.5
191 18 0 1.0
327 8 0 2.25
82 6 0 1.75
355 44 0 3.5
236 16 0 4.0
185 28 0 3.25
135 42 0 2.0
219 46 0 3.25
118 29 0 4.0
211 32 0 1.75
97 12 0 3.0
230 10 0 3.25
228 17 0 3.5
336 6 0 3.75
287 30 0 3.25
84 54 0 2.0
211 30 0 3.0
76 6 0 1.0
334 30 0 1.0
99 13 0 3.75
276 4 0 1.0
101 50 0 3.75
57 3 0 1.0
194 9 0 2.75
355 8 0 3.75
214 29 0 3.75
325 23 0 3.75
305 33 0 3.0
311 2 0 1.25
81 4 0 3.25
287 24 0 1.75
320 15 0 1.25
349 25 0 4.0
259 23 0 3.25
344 4 0 4.0
47 6 0 2.5
280 16 0 2.0
193 72 0 3.75
20 3 0 2.0
214 68 0 2.0
290 27 0 2.5
163 17 0 4.0
327 11 0 3.5
221 19 0 2.5
134 5 0 2.75
125 14 0 2.5
233 3 0 3.0
292 0 0 3.25
231 56 0 3.25
253 3 0 1.5
84 25 0 2.0
326 49 0 3.75
215 1 0 2.75
38 24 0 3.5
294 23 0 2.25
79 5 0 2.75
286 20 0 2.25
289 1 0 1.25
89 11 0 1.75
10 26 0 2.0
61 10 0 2.5
52 3 0 3.75
68 18 0 1.0
265 10 0 1.75
39 27 0 1.0
338 25 0 2.25
70 15 0 1.25
324 30 0 2.25
28 20 0 3.25
55 27 0 4.0
83 16 0 3.75
108 11 0 3.5
195 0 0 2.0
68 5 0 3.5
24 72 0 1.25
229 12 0 1.25
171 15 0 3.25
94 25 0 1.5
125 2 0 2.25
328 4 0 1.5
47 19 0 1.25
33 16 0 3.75
263 27 0 2.25
58 29 0 2.0
167 47 0 3.0
60 24 0 3.0
260 25 0 2.0
134 28 0 1.5
222 27 0 1.25
358 12 0 3.5
184 6 0 3.75
187 15 0 1.0
24 11 0 2.5
128 19 0 1.75
279 2 0 3.25
204 13 0 3.5
183 30 0 1.0
120 44 0 1.25
337 80 0 4.0
202 26 0 1.25
251 26 0 1.25
48 19 0 3.5
353 24 0 2.5
212 24 0 2.5
126 0 0 2.75
197 3 0 2.0
106 21 0 3.5
234 9 0 2.25
19 56 0 2.5
76 20 0 3.75
137 14 0 1.75
127 21 0 2.5
220 8 0 3.5
304 8 0 2.25
41 22 0 3.75
254 13 0 4.0
8 22 0 2.25
122 9 0 2.5
98 18 0 3.25
49 11 0 2.0
284 16 0 1.75
57 6 0 3.25
228 10 0 1.0
50 11 0 3.5
59 30 0 2.5
120 8 0 2.0
235 3 0 2.5
192 0 0 3.25
286 5 0 1.75
94 8 0 3.0
282 8 0 1.5
233 8 0 3.25
249 26 0 2.25
310 7 0 2.25
21 0 0 4.0
292 21 0 3.0
129 10 0 1.25
273 62 0 1.75
69 23 0 3.5
315 6 0 1.5
324 15 0 4.0
73 58 0 1.25
223 13 0 3.25
52 14 0 2.25
278 15 0 3.25
276 30 0 2.0
154 20 0 4.0
289 24 0 2.5
94 26 0 2.0
190 66 0 1.5
32 14 0 1.25
321 43 0 1.5
242 30 0 3.75
296 0 0 4.0
275 30 0 4.0
51 30 0 3.25
117 17 0 2.0
254 10 0 1.25
321 25 0 3.75
157 1 0 4.0
289 20 0 3.75
290 16 0 4.0
74 63 0 3.0
78 25 0 1.25
131 5 0 2.25
298 2 0 1.25
295 30 0 1.25
133 12 0 2.25
134 21 0 4.0
303 21 0 2.25
196 11 0 3.0
119 80 0 1.75
168 25 0 3.25
203 26 0 1.5
315 16 0 1.25
74 2 0 1.25
91 0 0 4.0
218 19 0 2.25
92 22 0 3.5
166 18 0 1.25
220 28 0 1.25
349 36 0 1.75
190 16 0 2.0
187 11 0 2.5
323 28 0 1.75
154 35 0 2.75
318 1 0 3.5
171 3 0 3.5
213 16 0 2.5
11 31 0 2.5
97 28 0 3.5
65 17 0 1.5
303 10 0 2.5
3 16 0 3.75
243 22 0 2.75
306 1 0 1.5
282 27 0 1.25
333 19 0 1.75
223 29 0 1.0
119 1 0 2.0
15 45 0 3.5
132 18 0 2.5
216 29 0 1.0
251 47 0 3.75
124 9 0 2.25
185 14 0 4.0
280 60 0 2.0
122 25 0 3.75
284 12 0 2.0
130 11 0 2.75
219 4 0 4.0
99 19 0 1.0
207 5 0 2.0
331 3 0 2.5
354 66 0 3.75
268 38 0 3.5
69 17 0 1.5
55 29 0 3.75
256 19 0 1.75
293 19 0 3.0
88 22 0 1.25
215 0 0 3.0
118 17 0 1.0
81 40 0 2.0
298 28 0 1.5
36 14 0 1.25
49 6 0 2.25
18 25 0 4.0
149 18 0 1.75
151 4 0 2.5
250 29 0 1.0
264 13 0 1.5
160 24 0 1.0
162 1 0 2.75
124 15 0 2.75
214 26 0 3.75
208 24 0 3.75
78 10 0 2.75
264 17 0 3.5
117 48 0 4.0
206 30 0 3.0
287 21 0 4.0
214 25 0 3.25
23 10 0 4.0
136 80 0 1.5
293 9 0 2.75
45 25 0 3.25
299 49 0 4.0
71 10 0 1.5
355 12 0 1.5
299 1 0 2.25
17 3 0 3.0
143 0 0 2.25
271 60 0 4.0
195 1 0 3.75
45 0 0 1.25
249 10 0 1.25
31 21 0 3.75
246 19 0 4.0
284 26 0 3.5
25 27 0 2.5
156 16 0 3.5
33 10 0 2.75
97 9 0 1.25
7 26 0 3.5
237 64 0 1.25
127 54 0 1.25
242 25 0 1.0
199 19 0 1.5
127 8 0 3.5
173 26 0 3.5
227 12 0 1.25
90 13 0 3.25
113 30 0 1.5
96 16 0 3.75
329 0 0 2.25
323 8 0 1.0
121 0 0 1.75
326 13 0 1.0
219 12 0 2.75
214 27 0 4.0
112 5 0 1.25
254 21 0 4.0
330 14 0 2.25
354 28 0 2.5
43 18 0 4.0
186 30 0 1.25
307 2 0 2.75
319 18 0 1.75
146 28 0 2.25
276 8 0 1.5
119 9 0 3.25
232 6 0 1.5
112 44 0 2.5
304 47 0 1.25
302 39 0 4.0
350 30 0 2.75
280 26 0 1.0
2 27 0 1.0
145 18 0 2.75
90 0 0 2.0
150 28 0 2.25
19 2 0 1.0
185 68 0 3.25
227 52 0 1.75
139 67 0 1.5
135 7 0 4.0
151 29 0 1.5
15 14 0 3.25
29 26 0 1.0
249 9 0 3.25
144 27 0 3.5
164 11 0 4.0
214 17 0 2.0
44 17 0 3.25
61 16 0 2.75
94 13 0 1.75
319 17 0 1.0
270 11 0 2.25
316 18 0 1.25
