193 19 0 3.0
225 6 0 4.0
117 10 0 3.0
334 14 0 2.25
267 8 0 3.0
104 5 0 2.25
211 4 0 2.5
243 67 0 3.5
242 4 0 2.25
315 5 0 4.0
92 3 0 1.75
182 49 0 3.0
4 4 0 2.25
237 9 0 1.75
281 2 0 2.0
155 5 0 3.0
102 18 0 3.25
356 14 0 4.0
115 7 0 3.75
135 1 0 3.5
89 41 0 3.25
190 8 0 3.25
337 5 0 1.75
237 11 0 3.5
296 1 0 3.25
229 17 0 3.25
48 17 0 1.5
313 18 0 3.25
139 12 0 1.5
294 14 0 2.5
318 19 0 2.75
26 16 0 3.0
198 0 0 3.75
83 14 0 3.0
258 3 0 3.25
6 3 0 3.25
65 12 0 3.0
40 8 0 2.75
209 16 0 1.5
224 13 0 3.25
251 2 0 3.0
31 16 0 2.0
241 36 0 3.0
232 14 0 1.75
300 6 0 3.5
323 15 0 4.0
295 16 0 1.75
86 18 0 3.0
146 10 0 2.0
260 20 0 3.25
108 12 0 3.5
177 3 0 2.0
38 13 0 3.75
118 9 0 2.25
155 10 0 3.25
255 10 0 2.0
83 0 0 3.75
102 3 0 3.0
193 8 0 3.25
6 19 0 1.5
183 16 0 1.5
150 10 0 3.5
277 17 0 4.0
248 2 0 3.0
314 7 0 3.0
93 7 0 3.75
347 0 0 3.0
167 2 0 1.5
235 3 0 3.25
157 8 0 1.5
327 15 0 2.75
287 12 0 2.75
245 7 0 4.0
256 14 0 3.5
175 11 0 1.5
341 6 0 3.25
318 7 0 3.75
36 18 0 3.5
70 2 0 3.0
162 15 0 2.75
73 0 0 2.5
340 55 0 2.25
114 0 0 3.5
311 14 0 4.0
120 12 0 2.5
211 11 0 2.25
255 18 0 3.0
266 20 0 3.75
163 19 0 2.75
335 16 0 2.0
187 15 0 2.0
227 2 0 3.5
40 20 0 2.75
60 14 0 3.25
329 1 0 3.25
197 16 0 2.5
91 31 0 3.25
270 54 0 2.5
20 14 0 3.25
340 18 0 1.5
303 18 0 2.0
250 6 0 3.0
252 19 0 3.0
180 14 0 3.25
178 5 0 3.75
315 4 0 2.5
165 2 0 3.5
340 19 0 3.5
119 11 0 3.5
74 10 0 2.5
180 11 0 2.25
160 0 0 2.25
187 5 0 3.25
49 12 0 3.5
120 20 0 1.5
294 15 0 3.25
259 19 0 4.0
235 6 0 3.25
57 10 0 3.0
350 7 0 3.0
33 18 0 2.0
135 0 0 3.5
88 37 0 2.5
328 20 0 2.75
55 15 0 2.25
40 10 0 3.75
26 5 0 3.0
339 28 0 1.75
36 21 0 3.5
234 7 0 2.25
171 44 0 2.5
325 11 0 2.25
40 10 0 3.0
59 11 0 4.0
240 6 0 1.5
294 10 0 2.5
161 11 0 2.0
161 5 0 4.0
199 14 0 1.75
291 15 0 3.25
41 19 0 2.75
344 7 0 2.25
237 6 0 3.5
245 4 0 3.25
253 10 0 1.75
244 10 0 3.25
300 11 0 1.5
314 7 0 2.0
287 17 0 1.75
297 5 0 1.75
219 6 0 3.0
227 0 0 3.25
128 4 0 2.5
263 20 0 2.75
65 8 0 1.5
231 16 0 2.75
154 7 0 2.75
64 0 0 2.25
33 16 0 1.5
185 10 0 2.75
255 19 0 4.0
63 33 0 3.0
243 4 0 4.0
243 51 0 1.5
129 13 0 4.0
11 18 0 3.0
38 46 0 2.5
69 2 0 2.25
147 2 0 2.25
231 19 0 4.0
322 4 0 1.75
124 11 0 3.75
193 40 0 2.25
37 7 0 3.25
288 46 0 2.0
19 13 0 1.75
284 12 0 2.25
252 13 0 3.5
67 2 0 2.0
260 9 0 2.25
337 6 0 2.25
31 11 0 3.0
213 19 0 2.0
64 2 0 3.25
199 20 0 2.5
66 10 0 3.75
339 13 0 2.25
35 1 0 3.75
132 5 0 1.75
257 0 0 1.75
261 16 0 2.5
247 17 0 2.25
1 9 0 2.25
223 18 0 2.5
243 19 0 3.25
271 12 0 3.75
50 15 0 3.5
115 5 0 4.0
279 13 0 1.75
278 14 0 2.75
0 11 0 3.0
90 7 0 1.5
173 9 0 2.0
191 18 0 1.75
273 4 0 1.75
218 6 0 1.75
10 4 0 2.25
338 5 0 1.5
284 18 0 1.75
303 8 0 4.0
51 39 0 3.75
304 1 0 1.5
26 1 0 1.5
8 4 0 4.0
196 14 0 3.75
234 13 0 2.75
174 4 0 3.75
87 9 0 1.5
276 2 0 3.5
50 3 0 4.0
338 11 0 3.25
283 11 0 2.25
231 5 0 3.25
29 11 0 3.75
171 7 0 3.0
195 6 0 1.75
110 15 0 2.5
168 2 0 2.25
21 4 0 1.75
178 7 0 2.0
326 17 0 3.0
299 20 0 3.75
85 0 0 1.75
33 4 0 1.75
249 20 0 3.75
199 50 0 2.75
201 15 0 3.25
17 15 0 3.0
15 3 0 1.5
122 3 0 3.75
353 6 0 3.0
37 4 0 3.25
158 45 0 3.5
34 10 0 4.0
62 19 0 4.0
51 5 0 2.25
211 12 0 2.25
138 8 0 1.5
346 8 0 1.5
213 8 0 3.0
91 7 0 2.75
190 13 0 3.0
337 4 0 2.75
20 3 0 2.25
265 48 0 4.0
354 19 0 4.0
210 1 0 4.0
86 6 0 4.0
89 1 0 2.5
330 13 0 1.5
188 1 0 3.5
339 5 0 3.5
133 5 0 3.75
289 55 0 2.5
46 2 0 2.5
310 9 0 1.5
305 13 0 3.0
227 4 0 2.75
328 17 0 3.75
134 13 0 1.75
308 14 0 1.75
342 25 0 1.5
230 45 0 4.0
169 10 0 2.25
348 12 0 2.0
18 4 0 3.5
257 6 0 4.0
268 30 0 2.75
271 4 0 3.25
90 30 0 2.5
215 5 0 2.25
231 4 0 2.75
218 20 0 1.5
140 14 0 3.0
17 4 0 1.75
194 4 0 3.25
143 14 0 1.75
199 0 0 3.5
273 15 0 3.0
104 19 0 4.0
109 14 0 2.75
103 20 0 2.25
194 16 0 3.0
288 30 0 4.0
224 11 0 3.75
9 0 0 2.0
129 20 0 1.5
209 4 0 3.75
220 14 0 3.5
111 5 0 2.75
148 4 0 2.75
155 14 0 2.25
213 6 0 1.5
165 2 0 3.25
255 37 0 1.75
95 7 0 3.0
2 2 0 2.75
253 11 0 4.0
49 6 0 4.0
72 5 0 2.5
235 17 0 3.5
200 4 0 3.5
193 6 0 3.75
241 8 0 4.0
272 56 0 2.0
29 14 0 2.25
340 4 0 2.75
299 10 0 4.0
146 56 0 4.0
255 6 0 3.0
6 0 0 1.5
183 5 0 2.0
296 19 0 4.0
350 8 0 3.5
108 20 0 3.75
122 10 0 4.0
4 17 0 3.25
82 5 0 1.75
207 54 0 2.25
70 3 0 3.25
282 5 0 3.75
220 12 0 2.0
254 8 0 1.5
67 35 0 2.0
88 7 0 3.75
240 49 0 4.0
149 19 0 4.0
43 5 0 2.25
64 55 0 2.0
52 5 0 3.25
74 14 0 1.75
273 20 0 3.5
263 5 0 2.25
169 3 0 3.5
148 4 0 3.0
107 20 0 1.5
85 8 0 3.25
51 27 0 3.25
150 6 0 2.75
242 1 0 3.25
0 9 0 3.75
186 14 0 2.75
234 12 0 3.0
14 11 0 3.0
19 8 0 2.75
131 7 0 1.75
15 7 0 1.75
319 72 0 2.75
86 77 0 4.0
358 11 0 3.5
229 7 0 1.5
141 9 0 3.75
304 3 0 2.5
313 8 0 1.75
235 15 0 3.75
288 5 0 2.75
318 19 0 2.5
84 1 0 3.75
199 18 0 4.0
317 9 0 1.5
202 4 0 1.75
242 1 0 3.5
319 2 0 2.75
284 13 0 1.75
247 35 0 3.25
14 4 0 3.75
103 38 0 1.5
33 32 0 1.75
264 6 0 2.75
101 9 0 1.75
144 7 0 2.0
128 14 0 1.75
154 4 0 2.75
231 4 0 1.5
280 17 0 3.0
33 4 0 2.25
311 12 0 3.0
211 3 0 4.0
354 12 0 4.0
192 29 0 3.25
38 12 0 1.75
338 3 0 1.75
243 2 0 3.25
31 18 0 2.25
225 3 0 2.25
126 11 0 3.75
256 3 0 3.25
64 8 0 3.0
75 0 0 1.5
43 13 0 1.75
157 15 0 2.0
114 8 0 2.25
25 11 0 2.5
221 21 0 2.25
139 14 0 3.0
316 7 0 1.75
222 10 0 1.75
220 13 0 1.75
23 18 0 1.5
119 42 0 1.5
197 3 0 1.5
237 6 0 3.75
16 12 0 3.75
248 20 0 1.5
349 13 0 2.75
137 19 0 2.75
116 10 0 3.0
241 20 0 2.5
324 5 0 2.75
1 1 0 3.0
329 13 0 1.5
131 6 0 2.75
77 16 0 3.5
51 19 0 2.0
105 13 0 2.75
155 6 0 3.25
2 20 0 2.0
90 3 0 1.75
359 5 0 4.0
114 5 0 2.5
199 10 0 3.25
228 14 0 2.75
317 72 0 3.5
44 2 0 3.5
163 1 0 2.5
126 15 0 2.5
318 1 0 1.5
314 4 0 4.0
144 6 0 1.75
114 6 0 4.0
263 19 0 3.5
168 13 0 3.75
318 19 0 4.0
140 14 0 2.0
30 19 0 3.5
308 1 0 1.75
116 5 0 2.0
341 17 0 2.25
58 12 0 3.25
111 11 0 4.0
142 15 0 2.25
212 13 0 2.0
335 13 0 3.75
180 7 0 3.5
173 6 0 3.5
126 12 0 1.5
184 9 0 1.75
113 0 0 2.0
291 9 0 3.75
27 15 0 2.75
284 18 0 2.5
250 0 0 1.5
228 19 0 2.75
213 18 0 3.5
278 13 0 2.75
312 0 0 2.0
151 32 0 1.75
284 6 0 2.75
318 60 0 1.75
329 20 0 3.25
229 19 0 2.25
319 7 0 2.75
266 15 0 2.75
71 19 0 1.75
167 17 0 2.5
168 5 0 1.75
191 6 0 2.5
170 9 0 3.25
101 6 0 3.5
197 9 0 1.5
185 8 0 3.5
87 18 0 2.0
358 1 0 3.75
326 17 0 1.75
224 15 0 1.5
44 80 0 1.75
1 7 0 1.5
299 0 0 3.25
60 10 0 1.75
189 5 0 3.0
239 1 0 2.75
217 5 0 3.25
283 11 0 4.0
48 16 0 1.5
16 18 0 1.5
212 13 0 3.25
5 14 0 2.25
173 37 0 2.5
82 6 0 2.0
302 57 0 3.25
275 5 0 3.25
176 19 0 1.75
29 4 0 3.5
180 12 0 4.0
140 26 0 1.75
56 19 0 1.75
177 15 0 1.5
142 4 0 2.5
122 4 0 2.75
336 5 0 3.25
7 53 0 1.75
267 25 0 2.0
256 2 0 1.5
269 3 0 1.5
184 12 0 3.75
98 7 0 3.0
306 3 0 2.5
209 28 0 1.75
19 2 0 2.75
217 19 0 1.5
140 4 0 3.0
302 19 0 3.25
240 5 0 2.75
358 1 0 3.0
180 19 0 3.5
249 13 0 2.5
136 10 0 1.5
245 4 0 1.5
20 57 0 2.25
285 15 0 2.5
74 4 0 2.25
154 2 0 2.25
288 4 0 3.75
169 10 0 3.75
197 1 0 3.5
290 11 0 3.0
161 16 0 2.75
37 20 0 1.5
24 18 0 2.5
175 7 0 1.5
303 8 0 2.25
165 10 0 3.25
333 19 0 3.75
108 17 0 2.5
112 2 0 2.0
280 21 0 3.5
271 39 0 3.0
234 19 0 2.0
62 4 0 1.75
115 8 0 2.25
86 18 0 3.25
210 14 0 3.0
297 17 0 2.5
87 15 0 2.25
287 4 0 3.5
316 16 0 1.5
305 15 0 3.75
110 17 0 1.5
210 5 0 1.5
168 3 0 1.75
98 7 0 1.5
114 12 0 4.0
96 6 0 3.25
159 11 0 2.75
174 17 0 2.0
102 5 0 1.75
312 0 0 3.25
338 6 0 2.75
2 14 0 3.75
196 80 0 3.25
331 4 0 3.75
141 6 0 2.0
108 20 0 2.25
176 1 0 3.25
268 13 0 2.5
294 4 0 3.0
347 20 0 1.75
295 18 0 4.0
205 12 0 3.5
302 0 0 3.0
211 7 0 2.25
350 11 0 2.75
66 8 0 3.0
112 44 0 3.0
194 0 0 2.0
153 9 0 3.25
212 19 0 3.0
2 46 0 3.0
68 5 0 2.0
60 11 0 2.25
236 11 0 2.5
234 0 0 3.25
315 9 0 3.75
163 13 0 2.0
128 8 0 2.25
58 12 0 2.0
175 13 0 4.0
168 2 0 2.5
88 2 0 2.25
329 16 0 1.75
347 10 0 1.5
193 9 0 1.75
222 14 0 2.75
152 7 0 2.0
229 16 0 3.0
236 20 0 3.5
35 7 0 3.5
192 1 0 2.5
234 5 0 3.25
139 19 0 1.5
239 15 0 3.75
351 8 0 2.25
350 57 0 1.75
111 3 0 3.5
25 17 0 1.5
64 5 0 2.0
170 17 0 3.75
35 2 0 3.75
295 27 0 3.25
9 16 0 3.5
307 51 0 2.5
245 2 0 1.75
120 1 0 3.25
91 8 0 2.5
2 14 0 1.5
119 16 0 1.5
140 18 0 2.5
338 10 0 1.75
82 15 0 1.75
288 5 0 3.0
1 12 0 2.25
314 3 0 1.5
32 12 0 4.0
0 13 0 2.75
245 10 0 4.0
121 46 0 1.5
276 10 0 2.25
168 2 0 2.75
281 8 0 2.75
61 2 0 2.75
239 3 0 2.0
321 7 0 2.5
89 11 0 2.25
109 1 0 1.5
123 37 0 3.0
189 1 0 3.0
305 10 0 3.0
14 20 0 1.5
62 1 0 2.5
307 15 0 3.0
221 19 0 2.25
294 8 0 2.25
76 12 0 1.5
234 4 0 2.25
77 5 0 2.25
93 10 0 2.75
98 1 0 1.5
208 8 0 4.0
119 15 0 3.5
69 54 0 3.75
34 63 0 3.25
166 5 0 4.0
42 1 0 2.75
0 18 0 2.0
312 4 0 1.5
76 37 0 2.25
5 15 0 4.0
308 16 0 3.5
298 1 0 3.25
130 12 0 2.25
298 6 0 2.5
113 12 0 3.25
73 15 0 2.5
23 3 0 3.25
49 1 0 3.75
117 2 0 3.25
268 7 0 2.5
308 6 0 3.25
45 5 0 3.5
346 8 0 2.75
16 15 0 4.0
136 4 0 3.0
55 3 0 2.5
277 8 0 2.0
10 3 0 3.5
126 17 0 3.25
254 6 0 2.75
74 20 0 2.5
265 14 0 3.0
264 7 0 1.5
161 13 0 2.0
307 0 0 1.5
95 3 0 4.0
39 15 0 4.0
339 7 0 2.0
234 2 0 2.0
350 9 0 2.5
277 9 0 1.75
326 2 0 3.25
331 9 0 4.0
14 2 0 2.0
48 0 0 2.25
267 7 0 3.75
306 4 0 3.75
351 10 0 2.75
16 12 0 3.25
258 15 0 4.0
28 6 0 4.0
142 11 0 3.5
112 5 0 2.0
238 0 0 2.75
126 8 0 2.0
24 16 0 3.0
70 1 0 1.75
63 14 0 1.75
198 17 0 3.0
45 16 0 2.0
117 9 0 2.25
93 14 0 3.0
342 20 0 1.75
186 6 0 2.75
65 14 0 3.75
339 8 0 2.5
77 3 0 1.5
343 12 0 2.75
272 19 0 4.0
262 0 0 3.25
316 20 0 3.75
182 15 0 1.75
141 7 0 2.0
65 9 0 2.0
54 2 0 4.0
131 17 0 3.5
179 57 0 2.75
205 53 0 2.25
199 12 0 2.0
11 7 0 2.75
302 3 0 1.75
63 1 0 2.0
276 5 0 1.75
44 8 0 1.5
265 7 0 3.25
21 20 0 3.25
250 13 0 3.75
15 5 0 3.0
298 16 0 1.75
353 7 0 4.0
230 13 0 3.5
272 8 0 1.75
162 17 0 2.75
149 9 0 2.0
74 3 0 2.0
63 14 0 2.25
232 13 0 3.75
254 5 0 2.75
23 17 0 1.5
210 3 0 2.5
356 18 0 3.75
299 7 0 3.0
306 6 0 1.5
110 12 0 3.0
349 2 0 1.75
249 0 0 4.0
128 11 0 2.0
19 13 0 3.75
102 17 0 1.5
356 5 0 4.0
315 1 0 3.75
210 16 0 2.25
146 8 0 3.75
127 13 0 2.75
142 10 0 2.75
243 18 0 3.75
295 19 0 2.25
185 13 0 1.75
84 21 0 1.5
207 19 0 3.5
296 10 0 2.5
342 16 0 2.0
197 8 0 3.0
245 38 0 3.5
279 19 0 1.5
86 12 0 2.0
138 56 0 3.25
185 10 0 2.5
39 0 0 3.75
140 5 0 1.75
332 10 0 2.0
315 16 0 2.75
310 2 0 2.25
103 19 0 2.0
30 1 0 2.25
13 17 0 3.75
99 3 0 2.75
330 6 0 3.75
165 2 0 3.75
222 18 0 2.0
359 16 0 3.25
216 20 0 1.5
192 8 0 4.0
298 15 0 4.0
328 6 0 2.5
101 1 0 3.5
166 3 0 2.75
357 2 0 2.25
202 8 0 3.5
7 6 0 2.5
210 4 0 1.75
134 13 0 3.0
69 7 0 3.5
287 12 0 2.5
276 15 0 2.75
255 1 0 3.25
173 1 0 3.75
272 7 0 4.0
249 1 0 1.75
319 9 0 2.5
305 12 0 3.25
317 9 0 3.25
350 3 0 3.25
279 4 0 3.0
37 10 0 3.25
207 2 0 3.5
279 16 0 2.0
66 8 0 1.75
134 6 0 3.5
71 10 0 3.5
209 14 0 1.5
64 20 0 3.25
178 7 0 3.75
294 10 0 2.0
28 17 0 3.0
157 4 0 3.0
305 12 0 3.5
60 8 0 2.75
305 2 0 3.0
13 16 0 2.25
20 15 0 3.25
316 9 0 4.0
217 19 0 3.0
129 3 0 3.75
251 15 0 3.75
136 7 0 4.0
210 14 0 2.5
42 4 0 3.0
46 9 0 1.75
271 6 0 1.5
171 20 0 4.0
207 18 0 2.5
235 7 0 1.5
1 14 0 3.5
58 3 0 2.75
56 11 0 3.75
157 26 0 3.75
86 6 0 2.5
256 4 0 4.0
79 4 0 1.5
174 0 0 2.5
245 14 0 3.0
1 32 0 1.75
207 12 0 2.5
212 6 0 2.5
151 14 0 2.75
16 15 0 2.5
338 20 0 3.25
319 20 0 2.75
126 10 0 2.5
45 6 0 3.5
260 16 0 3.0
86 15 0 2.25
102 9 0 3.75
30 5 0 3.5
182 18 0 2.5
66 16 0 3.75
176 20 0 3.5
13 3 0 2.0
286 17 0 2.25
67 11 0 2.5
31 12 0 1.5
175 28 0 2.75
17 13 0 4.0
155 0 0 1.5
133 4 0 3.5
5 19 0 1.5
164 1 0 3.75
58 5 0 3.75
246 18 0 1.5
115 8 0 2.0
180 3 0 2.75
78 20 0 4.0
277 5 0 2.25
149 11 0 2.5
304 0 0 1.75
234 20 0 2.5
46 6 0 2.5
130 18 0 2.75
192 12 0 2.0
18 15 0 2.0
17 4 0 3.75
344 8 0 2.25
164 5 0 2.25
123 13 0 4.0
339 0 0 3.25
179 5 0 3.0
312 17 0 1.75
290 15 0 4.0
335 3 0 3.75
120 13 0 1.5
1 59 0 3.75
135 4 0 3.0
55 15 0 3.5
325 7 0 3.0
237 14 0 2.75
258 31 0 3.25
285 20 0 2.0
195 0 0 3.5
203 13 0 2.0
87 1 0 2.75
138 16 0 3.75
273 56 0 3.5
126 9 0 2.25
107 6 0 1.5
78 32 0 4.0
251 23 0 1.75
118 14 0 2.75
17 4 0 2.25
39 6 0 4.0
226 5 0 1.5
293 13 0 2.0
250 16 0 3.5
182 12 0 3.75
147 12 0 2.5
122 14 0 3.25
114 3 0 3.0
37 17 0 2.0
323 0 0 2.5
140 53 0 1.5
79 9 0 2.25
352 18 0 2.75
105 19 0 1.75
334 8 0 4.0
147 9 0 2.5
21 11 0 2.25
131 2 0 3.25
109 7 0 3.75
163 17 0 2.5
173 11 0 1.75
290 52 0 1.75
128 4 0 2.75
160 7 0 1.5
137 10 0 2.25
170 14 0 3.25
20 3 0 2.5
213 14 0 3.75
198 19 0 2.0
108 8 0 3.25
48 11 0 3.25
4 2 0 2.5
277 5 0 3.0
262 11 0 3.75
280 11 0 3.0
44 15 0 1.75
210 20 0 3.5
73 53 0 4.0
85 4 0 3.25
55 8 0 3.5
340 9 0 2.25
337 1 0 2.0
325 55 0 3.75
105 7 0 2.75
301 52 0 4.0
172 2 0 1.75
98 8 0 2.25
241 17 0 3.5
216 6 0 4.0
294 3 0 2.5
169 19 0 2.25
240 14 0 3.5
172 0 0 3.5
130 11 0 3.5
58 54 0 3.0
101 26 0 2.5
188 1 0 1.75
14 10 0 2.5
222 17 0 2.0
163 19 0 1.5
308 7 0 2.0
327 4 0 3.5
254 17 0 3.0
183 17 0 2.0
172 0 0 2.25
222 19 0 2.25
31 13 0 3.75
261 52 0 3.5
133 45 0 3.0
346 38 0 2.0
338 0 0 3.75
29 11 0 3.5
304 8 0 1.5
201 6 0 4.0
130 11 0 3.0
248 12 0 1.75
108 17 0 2.25
139 9 0 2.75
72 4 0 2.25
317 11 0 3.0
32 0 0 3.5
284 12 0 3.75
333 15 0 2.5
210 1 0 3.0
35 6 0 2.25
125 2 0 3.5
103 7 0 3.75
239 18 0 3.0
214 13 0 3.0
77 10 0 2.75
131 18 0 3.75
308 3 0 2.25
307 10 0 2.75
278 6 0 3.5
153 2 0 3.25
294 17 0 3.0
1 10 0 2.0
12 2 0 3.25
92 17 0 4.0
167 60 0 3.0
328 13 0 3.5
90 12 0 4.0
152 14 0 2.0
248 6 0 2.5
168 19 0 4.0
203 16 0 3.5
126 19 0 2.0
333 6 0 4.0
211 18 0 2.25
281 5 0 1.75
334 8 0 3.0
226 18 0 3.75
76 9 0 2.25
92 5 0 3.25
102 20 0 3.0
215 5 0 1.5
45 9 0 1.75
175 7 0 3.25
39 18 0 3.25
276 4 0 3.75
60 2 0 1.75
285 13 0 1.5
102 5 0 2.25
293 8 0 2.75
343 8 0 2.25
74 6 0 2.0
188 9 0 1.5
314 5 0 1.5
292 17 0 2.5
316 4 0 2.75
294 37 0 2.25
150 3 0 2.75
313 8 0 2.0
281 1 0 1.75
222 2 0 2.0
300 13 0 4.0
336 11 0 3.0
14 49 0 2.25
44 14 0 3.0
203 10 0 3.75
351 2 0 3.5
313 0 0 2.25
12 12 0 3.25
40 6 0 3.25
172 12 0 3.75
181 16 0 3.0
268 16 0 1.75
287 20 0 2.25
232 31 0 3.25
34 16 0 2.25
156 9 0 3.5
14 5 0 1.75
12 0 0 3.25
9 14 0 3.25
78 2 0 2.75
144 17 0 2.5
240 0 0 3.5
223 11 0 3.25
201 5 0 3.0
139 15 0 1.5
100 5 0 3.0
42 19 0 2.25
96 7 0 3.0
93 52 0 3.25
188 3 0 2.5
352 10 0 3.0
174 14 0 1.75
128 10 0 3.75
62 1 0 2.0
166 2 0 2.75
131 10 0 3.75
16 5 0 3.75
250 22 0 2.25
119 6 0 3.25
197 7 0 1.5
253 0 0 2.0
353 10 0 3.5
355 17 0 3.75
250 4 0 3.0
110 8 0 3.0
14 38 0 2.5
48 18 0 3.25
141 14 0 2.25
316 30 0 3.75
306 10 0 2.75
131 10 0 1.75
275 4 0 2.75
183 2 0 2.5
75 19 0 3.25
242 17 0 2.75
217 16 0 3.0
45 15 0 3.25
151 20 0 2.5
161 18 0 3.25
233 37 0 2.75
30 14 0 4.0
157 11 0 3.5
143 1 0 4.0
213 15 0 2.0
113 8 0 2.25
4 1 0 3.5
250 2 0 3.25
71 14 0 2.75
25 3 0 1.75
279 2 0 4.0
158 13 0 3.75
186 19 0 1.5
17 10 0 3.75
159 17 0 2.0
62 5 0 4.0
73 5 0 2.5
51 15 0 4.0
252 9 0 3.0
276 9 0 2.75
355 16 0 2.0
59 10 0 2.0
213 9 0 3.5
329 19 0 2.25
106 17 0 3.0
152 2 0 2.75
194 14 0 3.5
230 8 0 1.75
137 13 0 1.75
71 7 0 3.75
138 43 0 1.75
359 8 0 2.25
231 17 0 3.5
45 7 0 2.5
183 17 0 3.5
190 19 0 3.5
117 1 0 1.75
232 13 0 3.0
160 4 0 1.75
312 12 0 4.0
324 18 0 1.5
320 9 0 3.5
251 13 0 3.25
87 10 0 2.25
291 55 0 1.75
173 11 0 3.75
297 9 0 3.25
234 18 0 2.0
71 8 0 3.0
38 17 0 3.5
70 0 0 3.0
16 1 0 1.5
170 13 0 4.0
340 3 0 2.0
0 5 0 2.5
156 3 0 2.5
27 14 0 2.0
249 0 0 3.0
186 27 0 3.75
224 2 0 1.5
82 8 0 1.75
282 17 0 2.5
306 1 0 2.25
156 2 0 1.5
199 18 0 3.5
98 16 0 2.0
268 51 0 4.0
77 1 0 2.0
41 4 0 3.5
310 9 0 3.5
292 19 0 3.75
282 13 0 3.5
312 3 0 3.0
200 39 0 1.5
184 7 0 1.75
222 0 0 2.25
112 13 0 3.75
13 25 0 1.75
235 19 0 1.5
341 15 0 1.5
16 7 0 2.75
102 8 0 3.25
107 17 0 2.75
265 13 0 3.25
250 19 0 1.5
208 20 0 3.75
105 4 0 1.5
229 1 0 3.25
69 11 0 2.0
202 0 0 3.75
149 13 0 2.25
172 6 0 1.75
230 15 0 3.5
210 24 0 2.75
95 10 0 3.5
353 7 0 3.0
152 19 0 3.5
48 0 0 3.25
285 14 0 3.5
72 20 0 2.0
165 18 0 3.5
24 1 0 3.25
335 0 0 1.75
296 22 0 4.0
209 7 0 2.25
249 54 0 2.5
80 2 0 3.25
200 13 0 3.75
11 3 0 3.0
330 20 0 1.5
19 0 0 2.5
135 16 0 1.5
171 16 0 2.75
345 11 0 3.25
75 8 0 4.0
257 19 0 2.25
95 2 0 4.0
56 17 0 2.5
157 6 0 3.0
237 10 0 2.0
54 5 0 1.5
99 13 0 3.0
183 20 0 1.75
72 8 0 3.0
8 14 0 2.5
294 16 0 2.5
149 11 0 2.75
254 11 0 3.75
300 2 0 2.0
39 18 0 2.0
10 1 0 1.5
22 7 0 2.25
37 19 0 1.75
247 10 0 3.5
49 2 0 3.75
222 19 0 3.5
154 15 0 2.5
50 2 0 2.5
270 10 0 4.0
216 15 0 1.5
236 13 0 3.0
287 12 0 3.0
303 15 0 1.75
5 0 0 3.0
255 2 0 2.5
176 20 0 2.75
100 12 0 2.75
356 12 0 3.25
349 13 0 1.5
24 16 0 1.75
93 10 0 2.25
30 19 0 2.75
319 4 0 2.25
250 19 0 2.0
156 8 0 1.75
157 5 0 2.75
304 15 0 2.25
342 14 0 2.0
229 20 0 4.0
205 2 0 3.25
240 8 0 3.5
161 1 0 2.25
109 0 0 2.5
287 11 0 1.5
74 15 0 2.5
84 5 0 4.0
337 12 0 2.5
125 14 0 2.5
323 13 0 1.75
124 12 0 3.0
182 19 0 1.75
98 5 0 2.5
194 13 0 2.75
132 1 0 3.25
39 20 0 2.5
49 3 0 3.0
339 5 0 3.0
81 13 0 2.5
25 15 0 2.0
80 20 0 2.0
143 6 0 3.0
297 8 0 3.25
50 15 0 3.75
55 6 0 1.5
84 55 0 3.25
307 7 0 3.25
234 13 0 3.75
211 12 0 1.5
316 6 0 1.5
218 17 0 3.75
1 20 0 3.25
310 6 0 3.0
20 13 0 2.75
228 16 0 3.5
137 12 0 2.75
143 14 0 2.5
92 7 0 3.25
253 12 0 1.5
130 6 0 4.0
67 60 0 3.25
150 5 0 1.75
248 3 0 1.5
126 7 0 1.5
193 14 0 3.25
111 7 0 3.0
135 4 0 2.75
93 5 0 3.5
92 12 0 4.0
8 17 0 2.5
15 1 0 3.5
334 35 0 3.0
56 2 0 3.25
2 5 0 2.0
219 4 0 3.75
347 7 0 2.0
302 9 0 1.5
236 18 0 3.75
127 3 0 2.25
156 12 0 2.0
203 16 0 3.75
139 20 0 3.0
291 12 0 3.5
271 19 0 2.25
55 2 0 4.0
222 14 0 1.75
233 7 0 2.0
81 12 0 3.5
325 16 0 1.75
208 1 0 4.0
293 3 0 3.5
162 15 0 1.75
330 19 0 2.0
164 20 0 1.5
112 39 0 1.5
100 4 0 3.25
193 10 0 3.75
169 20 0 2.75
167 49 0 2.0
341 60 0 2.75
349 9 0 2.75
357 2 0 1.75
38 7 0 3.0
211 0 0 2.25
55 2 0 2.25
86 12 0 3.5
189 7 0 3.25
213 35 0 4.0
34 10 0 1.5
113 1 0 1.75
250 1 0 3.25
41 19 0 3.25
146 4 0 2.25
347 4 0 1.5
246 8 0 1.75
253 15 0 2.0
353 2 0 3.5
107 9 0 2.0
113 8 0 1.75
113 10 0 4.0
322 14 0 3.0
316 9 0 1.5
40 13 0 1.5
245 20 0 3.75
2 14 0 2.25
215 20 0 3.75
116 1 0 2.0
167 20 0 2.5
13 16 0 1.75
33 12 0 4.0
342 2 0 3.75
266 3 0 3.25
85 1 0 4.0
158 12 0 4.0
211 17 0 2.25
70 20 0 3.5
201 17 0 2.0
249 13 0 4.0
145 1 0 2.25
69 2 0 3.5
124 4 0 1.75
168 2 0 1.5
7 37 0 2.5
217 10 0 2.5
296 45 0 1.5
111 9 0 2.0
229 2 0 2.75
259 18 0 3.75
50 13 0 2.5
285 13 0 4.0
318 15 0 2.5
330 14 0 3.75
150 8 0 1.5
197 9 0 2.5
287 7 0 2.75
154 1 0 3.75
321 4 0 3.75
6 1 0 3.75
152 12 0 3.5
353 19 0 2.75
163 11 0 3.0
294 5 0 3.5
98 13 0 2.0
330 20 0 3.0
110 18 0 2.75
47 9 0 1.75
200 4 0 2.0
122 4 0 3.25
149 7 0 2.25
17 26 0 2.5
261 13 0 2.5
51 38 0 3.0
124 8 0 3.0
92 18 0 3.75
288 1 0 2.5
32 15 0 3.25
68 8 0 2.5
123 28 0 3.0
55 3 0 1.75
321 0 0 1.5
105 15 0 3.75
235 4 0 3.5
5 12 0 3.75
80 0 0 3.75
270 9 0 2.25
205 0 0 3.75
150 71 0 2.25
250 3 0 2.75
57 14 0 1.5
91 7 0 1.5
11 8 0 1.75
28 16 0 2.75
333 3 0 2.25
48 5 0 3.5
173 2 0 2.25
269 8 0 3.0
337 6 0 1.5
211 54 0 1.75
165 2 0 4.0
312 18 0 2.5
346 7 0 2.0
198 16 0 3.75
268 11 0 3.0
30 12 0 2.0
77 6 0 2.75
223 18 0 2.0
123 13 0 2.75
254 7 0 1.5
1 11 0 3.75
164 19 0 2.25
33 8 0 2.5
71 6 0 2.25
346 16 0 4.0
356 16 0 3.75
119 66 0 3.75
123 14 0 2.25
27 0 0 1.75
34 12 0 1.5
205 18 0 3.25
53 4 0 2.0
250 7 0 3.5
334 8 0 2.25
9 7 0 3.5
100 32 0 1.5
266 13 0 3.0
273 19 0 1.5
298 4 0 3.25
153 0 0 2.5
22 17 0 3.5
50 10 0 2.0
314 16 0 3.25
223 13 0 3.5
86 3 0 3.0
10 9 0 3.25
342 5 0 2.75
253 0 0 3.75
245 1 0 1.75
23 13 0 1.5
306 15 0 2.25
83 16 0 3.0
133 20 0 2.25
346 2 0 3.75
277 3 0 3.5
85 5 0 2.0
215 3 0 2.75
133 20 0 3.75
288 16 0 3.75
98 12 0 2.5
268 8 0 2.0
115 19 0 3.75
68 20 0 3.5
132 18 0 2.75
314 8 0 2.25
172 4 0 3.25
123 11 0 1.5
45 18 0 3.75
11 9 0 1.5
210 9 0 1.5
271 16 0 3.25
318 8 0 2.25
352 14 0 4.0
148 8 0 2.0
259 49 0 2.0
292 11 0 1.5
127 19 0 3.5
36 8 0 3.25
80 12 0 2.75
105 14 0 4.0
244 17 0 3.0
264 8 0 4.0
100 20 0 3.0
317 17 0 3.25
47 15 0 3.0
229 66 0 2.25
274 14 0 3.5
160 1 0 2.25
93 8 0 1.75
139 6 0 2.5
216 1 0 2.5
243 10 0 1.75
147 8 0 2.25
126 18 0 3.5
49 2 0 3.25
60 13 0 3.75
284 2 0 2.5
316 1 0 3.0
13 4 0 3.75
148 19 0 3.75
201 13 0 2.75
242 45 0 3.25
117 41 0 3.75
281 17 0 3.75
85 13 0 1.5
269 19 0 2.5
169 7 0 1.5
352 13 0 3.75
223 18 0 4.0
125 0 0 3.5
285 2 0 1.5
323 5 0 3.25
127 7 0 3.0
279 60 0 3.25
241 10 0 3.5
20 60 0 3.0
301 10 0 3.75
271 12 0 2.75
286 8 0 3.5
27 4 0 3.25
259 18 0 2.0
116 13 0 2.25
288 8 0 3.25
68 10 0 1.5
241 11 0 2.75
46 14 0 3.5
247 5 0 2.5
68 48 0 3.0
92 14 0 2.75
62 4 0 3.0
323 21 0 1.75
40 8 0 3.75
289 16 0 1.5
351 4 0 3.25
108 20 0 3.25
70 15 0 3.75
243 2 0 2.5
221 14 0 2.75
181 10 0 3.5
242 17 0 1.5
98 6 0 2.75
236 1 0 3.75
204 19 0 1.75
60 5 0 2.25
216 14 0 1.75
206 5 0 2.25
22 6 0 3.25
232 57 0 2.5
168 12 0 2.75
278 17 0 3.75
209 7 0 1.75
85 15 0 4.0
140 12 0 2.75
280 9 0 2.25
49 5 0 4.0
339 2 0 3.25
61 0 0 2.0
30 15 0 2.0
154 0 0 2.5
32 9 0 1.75
331 18 0 2.5
36 6 0 1.75
173 5 0 2.25
182 14 0 3.75
132 6 0 3.25
214 9 0 3.0
242 9 0 3.75
179 8 0 3.25
37 8 0 2.5
359 16 0 2.0
238 5 0 3.25
210 8 0 3.0
73 8 0 3.5
20 17 0 1.75
40 17 0 2.0
62 13 0 4.0
220 9 0 2.5
148 41 0 3.5
138 3 0 1.75
56 12 0 2.5
22 17 0 2.0
328 19 0 3.5
260 32 0 2.75
72 45 0 1.75
60 63 0 3.0
248 20 0 3.75
183 8 0 3.5
207 12 0 3.75
317 19 0 3.75
292 12 0 3.25
327 60 0 2.0
13 19 0 2.5
149 18 0 2.25
48 10 0 3.25
4 4 0 1.75
208 10 0 2.0
136 3 0 3.0
112 7 0 1.5
341 16 0 2.0
5 3 0 3.5
251 8 0 3.25
89 2 0 3.0
245 7 0 1.75
239 11 0 1.75
161 1 0 1.75
247 18 0 1.5
215 1 0 2.5
129 1 0 2.25
305 15 0 2.5
323 7 0 1.5
237 15 0 2.75
147 18 0 2.25
261 2 0 2.0
224 14 0 4.0
89 3 0 3.75
174 45 0 1.75
70 15 0 3.0
107 1 0 4.0
90 7 0 3.75
274 15 0 2.75
329 13 0 2.0
299 2 0 3.25
149 19 0 2.5
338 12 0 3.75
118 9 0 3.25
321 13 0 3.25
165 6 0 2.0
230 39 0 2.0
35 6 0 3.75
7 16 0 3.75
55 13 0 1.5
333 7 0 2.75
149 16 0 4.0
42 12 0 3.75
329 12 0 2.75
140 3 0 2.0
354 1 0 3.0
226 6 0 2.0
265 0 0 1.75
18 10 0 4.0
37 18 0 4.0
93 10 0 2.0
32 6 0 4.0
168 18 0 1.75
124 13 0 2.25
69 1 0 1.5
108 10 0 3.5
57 14 0 3.25
92 56 0 2.5
309 19 0 4.0
208 14 0 4.0
109 5 0 2.75
95 5 0 3.0
319 16 0 3.25
189 9 0 3.0
221 12 0 3.25
105 8 0 3.75
276 12 0 2.75
89 10 0 3.5
32 6 0 2.25
130 6 0 2.5
313 17 0 3.75
173 10 0 2.75
255 4 0 2.0
315 2 0 2.0
37 12 0 2.75
326 40 0 4.0
187 4 0 3.5
242 15 0 2.0
112 3 0 2.0
316 16 0 3.25
285 9 0 4.0
7 1 0 1.5
287 15 0 3.25
277 18 0 4.0
131 10 0 3.5
327 13 0 2.5
191 11 0 1.5
239 37 0 3.25
82 5 0 2.0
98 10 0 2.25
139 7 0 2.0
358 11 0 2.25
263 16 0 2.5
35 3 0 2.25
42 12 0 2.0
29 1 0 3.5
203 2 0 2.0
231 4 0 2.0
12 8 0 3.25
331 18 0 3.5
323 18 0 1.75
55 20 0 1.75
263 12 0 1.75
226 0 0 2.75
52 5 0 2.0
209 19 0 3.75
326 74 0 2.25
147 20 0 3.0
339 13 0 4.0
225 16 0 2.25
278 4 0 2.0
121 16 0 2.0
207 0 0 4.0
199 10 0 4.0
266 50 0 2.25
342 2 0 3.5
23 8 0 1.5
336 1 0 2.0
173 8 0 3.25
206 28 0 3.0
14 18 0 2.5
270 49 0 1.5
303 7 0 1.5
309 42 0 2.25
232 2 0 4.0
114 20 0 2.75
21 6 0 3.0
327 19 0 2.75
90 11 0 3.25
143 13 0 1.75
54 11 0 2.0
60 5 0 3.75
112 13 0 2.75
231 15 0 2.0
202 4 0 4.0
94 5 0 2.75
155 6 0 1.75
255 6 0 4.0
135 16 0 3.75
144 17 0 3.0
240 12 0 3.5
121 14 0 3.25
177 12 0 2.0
252 6 0 2.25
10 11 0 3.75
206 5 0 3.5
299 4 0 3.75
44 14 0 2.0
310 15 0 2.25
138 14 0 4.0
205 16 0 2.5
343 3 0 1.5
351 15 0 3.25
26 20 0 4.0
77 2 0 3.0
178 7 0 3.5
4 6 0 3.0
347 10 0 4.0
282 0 0 1.75
203 9 0 2.5
126 5 0 3.0
145 9 0 3.0
205 8 0 4.0
280 3 0 2.5
262 20 0 3.0
50 1 0 2.0
77 18 0 1.75
359 2 0 3.0
326 17 0 2.5
23 18 0 2.25
0 79 0 3.75
269 0 0 3.75
337 4 0 2.5
216 0 0 2.5
79 12 0 3.25
315 0 0 1.75
308 8 0 2.75
144 2 0 3.0
47 19 0 1.5
275 2 0 3.75
307 11 0 2.25
262 16 0 2.25
60 5 0 1.5
327 14 0 3.25
17 4 0 2.5
45 17 0 3.75
187 2 0 2.75
68 20 0 3.25
317 8 0 4.0
56 0 0 1.5
208 16 0 3.75
206 10 0 1.5
180 12 0 1.75
163 4 0 1.75
167 17 0 2.75
82 0 0 3.25
250 2 0 1.75
219 4 0 1.5
10 0 0 3.0
54 5 0 2.75
245 19 0 3.75
50 50 0 3.25
290 44 0 1.75
322 20 0 2.0
164 17 0 3.5
324 5 0 2.25
342 10 0 3.25
202 19 0 1.5
351 19 0 3.5
336 0 0 3.0
177 13 0 3.5
144 19 0 2.75
339 20 0 1.5
259 19 0 3.25
178 9 0 3.75
27 27 0 3.5
203 8 0 1.75
43 9 0 2.0
21 7 0 3.25
125 19 0 2.0
154 13 0 2.0
214 20 0 2.75
325 1 0 1.75
77 11 0 1.5
203 7 0 1.75
19 17 0 2.25
125 1 0 3.5
191 6 0 4.0
12 12 0 2.0
232 11 0 2.0
237 14 0 1.75
312 17 0 2.0
209 7 0 3.25
302 13 0 2.25
220 16 0 3.5
74 10 0 3.5
308 10 0 2.0
50 8 0 2.25
248 1 0 1.5
205 7 0 3.25
333 7 0 1.5
223 40 0 2.0
2 4 0 2.75
124 18 0 2.25
5 5 0 2.25
3 9 0 2.25
178 39 0 3.75
212 6 0 1.5
280 7 0 1.75
6 1 0 1.75
224 20 0 2.25
252 8 0 1.5
185 60 0 4.0
107 6 0 2.25
158 17 0 3.0
95 8 0 2.0
66 41 0 2.5
139 16 0 2.25
122 3 0 2.5
231 7 0 4.0
240 42 0 2.75
58 4 0 3.5
161 6 0 1.75
344 4 0 4.0
108 8 0 2.5
296 11 0 1.75
336 4 0 4.0
99 15 0 3.5
295 0 0 3.5
279 0 0 1.5
212 9 0 4.0
60 14 0 2.5
316 53 0 1.5
287 7 0 1.75
288 5 0 3.75
109 2 0 3.0
218 11 0 2.75
265 5 0 1.75
231 0 0 1.75
260 16 0 3.25
279 41 0 3.75
53 15 0 1.75
160 19 0 4.0
272 18 0 3.0
79 1 0 2.25
85 15 0 3.5
245 10 0 3.0
47 14 0 3.25
342 19 0 3.5
23 37 0 2.5
2 18 0 2.75
68 18 0 3.25
334 2 0 2.0
196 16 0 2.75
121 0 0 3.0
103 9 0 1.75
31 5 0 1.75
74 2 0 2.25
106 4 0 1.75
32 10 0 2.5
188 13 0 2.0
183 6 0 3.75
239 6 0 1.5
139 35 0 3.25
282 20 0 2.5
22 10 0 3.75
25 14 0 3.0
208 6 0 3.5
103 5 0 2.75
321 3 0 2.0
347 15 0 1.5
158 8 0 2.75
78 9 0 1.5
65 13 0 3.75
341 2 0 3.25
116 3 0 3.75
210 7 0 3.0
22 13 0 3.25
313 4 0 4.0
52 20 0 3.25
203 2 0 3.25
357 9 0 2.5
260 2 0 2.25
340 34 0 3.25
7 20 0 2.25
181 5 0 2.0
199 16 0 2.5
262 8 0 3.0
331 12 0 1.75
227 4 0 4.0
282 11 0 3.0
174 14 0 3.5
64 17 0 2.5
104 18 0 3.0
22 7 0 3.25
13 46 0 2.0
59 2 0 3.0
152 12 0 1.5
185 10 0 2.25
329 9 0 3.0
328 27 0 4.0
26 17 0 3.75
28 8 0 3.25
271 18 0 2.75
135 47 0 1.5
356 49 0 2.25
318 8 0 3.75
207 14 0 3.0
39 10 0 3.5
48 20 0 1.5
97 5 0 2.0
39 13 0 3.0
19 20 0 3.75
273 7 0 2.5
114 3 0 3.5
281 3 0 1.5
326 13 0 2.0
229 19 0 2.0
355 20 0 3.0
195 5 0 3.5
3 14 0 3.25
275 5 0 2.75
69 29 0 3.5
104 67 0 2.75
91 4 0 2.5
100 6 0 3.0
127 18 0 3.5
272 7 0 2.0
208 19 0 3.75
207 12 0 4.0
59 17 0 2.0
214 20 0 3.0
348 6 0 3.0
191 9 0 2.25
203 34 0 3.0
249 17 0 2.75
249 6 0 3.25
294 7 0 3.25
17 4 0 1.5
126 9 0 1.75
336 10 0 3.75
66 17 0 1.5
87 14 0 3.0
353 20 0 3.5
43 12 0 2.75
326 20 0 3.25
8 7 0 2.5
13 4 0 2.75
223 15 0 2.75
290 46 0 3.5
199 0 0 3.0
201 20 0 3.75
359 63 0 1.5
184 57 0 1.5
235 4 0 3.75
243 52 0 1.75
200 19 0 2.5
263 0 0 3.5
67 4 0 3.5
64 6 0 1.5
10 4 0 2.0
186 13 0 3.0
39 8 0 2.5
248 10 0 2.0
62 2 0 3.0
137 6 0 2.25
337 28 0 1.5
300 6 0 1.75
232 0 0 3.0
191 2 0 3.5
244 9 0 1.5
3 0 0 2.5
92 1 0 2.25
85 4 0 1.5
128 0 0 2.5
34 7 0 2.5
221 12 0 3.0
62 16 0 1.75
330 6 0 3.5
1 13 0 3.0
79 3 0 3.5
173 3 0 4.0
215 15 0 2.0
7 16 0 3.0
150 13 0 3.5
183 12 0 2.75
177 14 0 2.75
51 8 0 3.75
270 20 0 4.0
53 16 0 2.75
254 14 0 2.5
86 19 0 4.0
223 12 0 3.5
5 2 0 2.25
62 17 0 2.0
96 12 0 3.75
241 20 0 2.25
277 18 0 1.5
143 2 0 2.0
335 6 0 1.5
228 5 0 4.0
228 3 0 2.25
18 5 0 2.25
268 2 0 1.5
72 14 0 3.0
189 10 0 1.75
58 16 0 3.25
260 7 0 3.0
24 13 0 2.75
213 47 0 3.5
340 12 0 2.75
42 12 0 2.5
29 19 0 3.25
286 17 0 3.25
101 7 0 3.75
94 8 0 1.5
265 4 0 2.25
59 14 0 2.5
152 5 0 1.5
170 9 0 2.0
303 19 0 3.75
149 67 0 1.75
357 4 0 4.0
41 32 0 3.75
280 1 0 3.5
321 9 0 3.5
9 7 0 2.75
118 12 0 4.0
300 3 0 3.0
197 13 0 1.5
223 1 0 3.25
353 12 0 3.25
307 2 0 4.0
184 7 0 2.25
13 20 0 3.25
147 2 0 3.0
75 5 0 2.75
304 5 0 1.5
32 17 0 2.5
12 11 0 3.0
337 3 0 3.5
53 12 0 3.0
96 3 0 3.0
226 7 0 2.5
70 11 0 2.5
11 7 0 1.5
218 6 0 4.0
62 14 0 2.0
31 5 0 2.75
344 20 0 4.0
281 2 0 3.5
59 0 0 3.75
147 47 0 2.75
282 3 0 3.75
317 20 0 1.5
195 7 0 2.0
274 7 0 2.5
217 11 0 3.75
102 12 0 3.75
26 11 0 3.25
35 2 0 3.5
269 7 0 3.75
142 16 0 3.75
253 9 0 4.0
295 12 0 4.0
339 9 0 3.25
142 19 0 4.0
279 10 0 2.75
51 8 0 1.5
322 2 0 3.5
353 15 0 2.5
136 3 0 3.5
7 7 0 2.25
149 10 0 3.25
71 7 0 3.25
326 4 0 4.0
248 1 0 1.75
266 12 0 1.5
337 0 0 2.5
112 3 0 4.0
26 10 0 3.0
241 7 0 1.75
100 14 0 4.0
148 3 0 3.5
133 13 0 3.5
350 2 0 4.0
101 4 0 1.75
325 16 0 3.0
98 12 0 2.25
119 18 0 1.5
211 44 0 4.0
195 14 0 3.0
0 4 0 3.75
129 36 0 1.75
144 4 0 4.0
318 1 0 4.0
267 9 0 3.75
279 10 0 4.0
11 10 0 3.5
74 3 0 3.75
147 19 0 1.5
221 9 0 2.25
49 0 0 3.5
220 9 0 1.5
200 17 0 3.25
183 2 0 3.25
81 44 0 2.0
212 53 0 2.5
205 4 0 2.75
30 13 0 4.0
20 4 0 2.5
155 3 0 3.0
1 8 0 2.75
70 9 0 3.25
340 20 0 2.75
226 15 0 1.75
309 0 0 3.0
98 10 0 2.0
8 9 0 2.5
270 19 0 3.75
40 3 0 2.75
79 50 0 2.5
277 20 0 3.75
19 10 0 1.75
91 1 0 2.75
171 17 0 3.75
326 12 0 3.75
26 16 0 1.75
329 0 0 1.5
234 11 0 3.5
59 11 0 3.25
357 2 0 3.75
37 7 0 1.75
1 20 0 1.5
185 4 0 2.75
254 19 0 2.5
335 11 0 2.25
319 9 0 4.0
279 6 0 2.25
211 18 0 2.75
45 11 0 4.0
50 11 0 1.75
220 4 0 4.0
175 11 0 4.0
156 17 0 3.5
291 9 0 3.0
308 21 0 2.5
319 0 0 3.25
157 9 0 3.5
280 38 0 3.5
338 15 0 3.0
292 18 0 2.25
52 7 0 2.75
42 8 0 2.75
88 9 0 4.0
89 6 0 1.75
277 19 0 3.25
201 5 0 1.75
348 5 0 3.0
156 7 0 2.75
332 7 0 1.5
263 16 0 2.75
148 15 0 2.0
25 1 0 3.0
166 13 0 3.25
8 4 0 2.5
52 14 0 3.0
220 11 0 1.75
283 6 0 1.75
352 16 0 3.5
25 20 0 3.75
317 6 0 3.25
69 20 0 2.75
178 10 0 1.75
76 0 0 2.0
5 14 0 2.5
23 2 0 3.25
302 20 0 1.75
11 20 0 3.75
202 5 0 2.75
107 15 0 3.5
136 19 0 2.75
330 4 0 3.75
212 14 0 2.0
95 20 0 1.75
266 4 0 2.5
305 11 0 4.0
158 14 0 1.5
104 3 0 4.0
202 1 0 1.75
325 18 0 3.0
270 11 0 2.5
282 7 0 3.5
283 3 0 2.25
124 17 0 1.75
328 1 0 3.0
13 10 0 2.0
230 1 0 2.75
326 3 0 2.5
280 19 0 2.5
84 8 0 3.75
244 14 0 3.25
325 20 0 2.75
345 25 0 2.5
153 15 0 2.0
230 6 0 2.5
75 5 0 2.25
267 8 0 2.0
238 8 0 2.25
79 2 0 2.25
307 20 0 2.0
285 13 0 2.5
264 13 0 1.5
43 4 0 1.75
8 15 0 3.25
115 0 0 2.5
25 14 0 2.25
67 18 0 2.25
342 5 0 3.25
67 3 0 1.75
108 7 0 2.5
174 3 0 2.0
75 4 0 2.75
182 15 0 4.0
100 8 0 3.25
235 60 0 2.25
162 9 0 3.0
38 7 0 4.0
288 12 0 3.25
308 15 0 3.25
337 8 0 4.0
61 18 0 3.25
223 9 0 2.25
98 17 0 1.5
289 3 0 3.0
54 14 0 3.75
359 33 0 3.0
83 29 0 2.25
277 13 0 1.75
92 8 0 3.0
121 8 0 2.25
323 14 0 1.75
120 20 0 1.75
133 11 0 3.0
289 17 0 2.5
161 9 0 3.5
179 18 0 2.0
57 18 0 3.5
135 4 0 2.5
124 6 0 4.0
239 7 0 3.25
204 15 0 2.25
323 19 0 2.0
35 17 0 2.25
124 15 0 1.75
242 11 0 1.75
223 10 0 4.0
138 20 0 3.25
253 20 0 2.5
286 7 0 2.75
283 7 0 2.25
355 10 0 3.0
28 16 0 4.0
158 37 0 2.0
14 8 0 2.25
8 14 0 1.5
351 20 0 1.5
99 18 0 1.5
292 8 0 3.25
182 13 0 3.0
111 5 0 3.0
346 10 0 2.75
350 5 0 2.0
311 10 0 2.75
196 4 0 1.75
218 4 0 1.5
83 0 0 2.75
191 22 0 1.75
286 3 0 4.0
76 20 0 3.75
128 7 0 4.0
248 23 0 3.75
199 7 0 4.0
133 20 0 1.75
100 19 0 3.75
250 7 0 2.0
228 4 0 3.5
319 3 0 1.5
234 1 0 3.25
60 0 0 2.0
46 20 0 1.5
270 10 0 3.5
147 0 0 2.0
117 10 0 2.5
7 6 0 3.75
268 15 0 1.75
154 8 0 2.0
119 0 0 4.0
12 18 0 3.5
171 7 0 2.75
25 4 0 1.5
5 17 0 2.5
9 7 0 3.25
278 13 0 1.5
177 0 0 2.25
186 12 0 2.75
98 8 0 2.0
245 11 0 3.0
16 0 0 2.25
209 4 0 3.0
293 20 0 3.5
291 20 0 3.5
196 17 0 3.25
352 20 0 1.5
327 12 0 1.75
9 16 0 4.0
219 51 0 3.25
52 4 0 2.5
235 9 0 1.75
124 15 0 2.0
76 11 0 3.5
103 3 0 4.0
99 4 0 1.5
188 5 0 2.75
25 20 0 3.5
3 12 0 2.0
310 3 0 3.0
261 15 0 3.5
162 8 0 2.5
134 36 0 1.75
75 9 0 2.75
283 19 0 1.75
13 12 0 3.25
356 9 0 2.25
225 6 0 2.5
61 12 0 3.0
33 10 0 3.75
19 10 0 4.0
306 6 0 3.5
62 13 0 2.25
215 12 0 2.0
161 71 0 2.25
158 6 0 3.25
273 18 0 3.0
198 20 0 3.75
82 2 0 3.75
212 9 0 3.75
309 12 0 3.0
326 8 0 1.5
329 12 0 2.0
294 17 0 3.75
190 17 0 3.5
170 26 0 2.75
139 2 0 2.25
220 8 0 2.25
341 9 0 4.0
78 16 0 3.25
23 18 0 2.5
180 0 0 4.0
285 5 0 2.25
294 12 0 1.75
146 0 0 2.75
31 2 0 3.0
325 5 0 3.0
104 5 0 1.5
310 12 0 3.75
18 19 0 3.75
241 1 0 4.0
307 19 0 4.0
21 18 0 2.75
178 10 0 2.25
94 20 0 1.5
279 3 0 3.5
65 5 0 2.5
313 9 0 1.75
103 18 0 2.25
162 11 0 1.75
137 12 0 2.5
117 13 0 1.5
167 0 0 4.0
353 4 0 4.0
190 17 0 3.0
119 1 0 3.25
233 5 0 2.25
86 15 0 2.5
214 7 0 3.75
75 11 0 2.75
109 73 0 3.0
118 4 0 2.25
177 5 0 2.0
221 7 0 2.25
16 9 0 4.0
301 10 0 3.0
1 4 0 3.0
14 13 0 2.75
55 2 0 3.25
287 20 0 3.0
71 0 0 2.75
135 9 0 3.5
162 16 0 2.25
182 8 0 3.75
196 11 0 1.5
335 13 0 3.5
225 16 0 1.75
60 2 0 2.0
201 20 0 1.75
298 15 0 2.75
296 6 0 3.0
250 8 0 2.75
301 13 0 3.0
304 7 0 3.25
256 12 0 2.25
312 4 0 3.25
128 9 0 3.75
129 14 0 3.0
102 15 0 2.0
288 12 0 3.75
239 13 0 2.5
81 0 0 3.5
49 1 0 3.0
248 4 0 2.5
80 19 0 3.75
31 20 0 4.0
36 49 0 2.5
10 4 0 3.0
208 10 0 1.75
173 13 0 2.0
19 2 0 4.0
235 0 0 2.0
129 7 0 3.75
348 20 0 3.75
137 18 0 3.25
256 11 0 2.25
164 2 0 4.0
42 20 0 2.0
143 14 0 3.75
167 10 0 3.0
256 11 0 1.5
332 3 0 3.25
341 12 0 3.0
188 4 0 3.75
179 5 0 4.0
179 14 0 1.75
227 10 0 3.25
15 20 0 3.0
18 19 0 4.0
48 8 0 1.5
184 14 0 1.75
266 9 0 2.75
346 10 0 2.25
51 33 0 3.5
236 41 0 2.75
154 16 0 3.75
56 13 0 3.75
89 15 0 2.0
116 0 0 2.75
258 39 0 3.75
259 15 0 3.75
140 10 0 2.75
193 18 0 2.5
327 17 0 1.5
349 15 0 2.75
354 10 0 1.5
158 19 0 2.25
294 13 0 2.0
345 20 0 3.0
235 13 0 1.5
123 14 0 3.0
204 9 0 2.25
247 5 0 3.25
331 19 0 3.0
3 59 0 3.75
76 12 0 3.75
48 19 0 1.75
187 15 0 1.75
259 4 0 3.0
315 14 0 2.0
206 4 0 2.25
223 20 0 1.5
189 15 0 3.75
9 19 0 2.5
234 4 0 3.0
119 1 0 3.75
192 17 0 2.75
274 57 0 2.0
222 20 0 3.25
229 4 0 3.25
273 1 0 3.0
24 20 0 3.5
71 17 0 3.0
350 10 0 2.0
334 10 0 3.75
93 37 0 3.0
110 8 0 2.5
166 29 0 1.75
89 7 0 3.25
259 5 0 2.5
347 58 0 2.75
15 11 0 2.75
230 2 0 2.75
236 41 0 4.0
240 18 0 3.25
197 17 0 3.0
148 13 0 1.75
219 14 0 3.0
39 20 0 3.5
123 19 0 3.25
148 2 0 4.0
252 20 0 1.75
73 17 0 1.5
233 20 0 3.25
31 19 0 2.25
262 5 0 4.0
145 8 0 2.5
34 6 0 1.5
303 12 0 2.0
330 36 0 3.0
359 23 0 2.0
277 19 0 3.0
45 20 0 3.5
339 18 0 2.75
232 19 0 2.5
1 13 0 2.25
338 7 0 4.0
69 18 0 2.25
106 12 0 1.5
245 5 0 3.75
109 19 0 1.5
109 9 0 3.0
152 18 0 3.25
175 14 0 2.25
91 4 0 3.0
177 4 0 4.0
287 16 0 2.25
174 4 0 2.25
98 14 0 2.5
316 2 0 2.0
275 18 0 2.5
336 12 0 2.0
154 3 0 2.5
124 50 0 3.5
76 3 0 3.5
325 0 0 4.0
359 3 0 3.75
107 17 0 3.5
82 20 0 3.75
9 11 0 2.0
26 19 0 1.75
77 12 0 2.5
126 7 0 1.75
287 32 0 3.25
54 15 0 3.75
224 3 0 3.75
274 7 0 4.0
82 11 0 2.75
355 15 0 1.5
3 18 0 3.0
54 2 0 2.0
36 10 0 4.0
179 14 0 2.75
60 25 0 1.75
327 9 0 2.25
131 2 0 2.5
116 10 0 3.25
174 2 0 3.25
195 8 0 1.5
325 0 0 2.5
131 2 0 3.0
274 20 0 3.25
199 6 0 1.75
191 18 0 3.0
75 0 0 1.75
50 0 0 3.75
180 16 0 2.5
17 0 0 1.5
292 10 0 3.25
26 29 0 2.5
180 20 0 3.25
179 13 0 1.75
127 13 0 1.75
259 5 0 3.75
223 54 0 1.5
13 3 0 3.0
90 38 0 3.25
45 0 0 1.5
323 20 0 4.0
27 2 0 1.5
187 13 0 3.25
1 14 0 3.0
355 14 0 2.0
336 11 0 3.75
132 17 0 2.25
168 4 0 1.75
3 18 0 3.5
21 1 0 3.0
146 47 0 3.5
151 6 0 3.75
57 9 0 2.25
28 0 0 3.0
163 19 0 2.5
222 10 0 2.75
316 5 0 1.75
319 6 0 2.75
267 18 0 3.5
277 8 0 3.0
174 8 0 1.5
306 12 0 3.75
295 7 0 1.5
0 0 0 2.75
83 17 0 1.75
108 1 0 2.75
59 19 0 2.5
20 4 0 2.25
273 1 0 1.75
301 20 0 3.75
190 11 0 3.5
272 13 0 3.5
341 18 0 2.0
55 19 0 1.75
32 4 0 3.25
60 5 0 3.0
331 14 0 3.0
181 4 0 3.5
225 1 0 3.25
173 8 0 1.5
75 8 0 3.25
263 14 0 2.5
81 15 0 4.0
55 18 0 2.75
85 5 0 2.25
97 7 0 3.25
193 15 0 1.5
305 20 0 2.75
21 53 0 1.75
180 3 0 3.75
148 7 0 3.5
28 20 0 2.0
319 17 0 3.0
26 50 0 2.0
97 49 0 2.0
353 18 0 2.0
174 16 0 2.75
20 6 0 2.0
107 16 0 2.75
300 34 0 1.5
117 16 0 4.0
340 7 0 2.25
98 11 0 1.75
98 16 0 3.25
144 16 0 2.5
194 11 0 2.5
339 12 0 2.25
1 7 0 3.0
321 17 0 3.75
6 14 0 3.0
259 13 0 1.5
270 5 0 3.75
128 18 0 2.25
220 19 0 3.25
148 17 0 2.5
233 2 0 3.75
131 7 0 3.0
154 12 0 3.25
8 20 0 2.0
51 18 0 3.75
241 3 0 1.75
72 12 0 3.75
1 6 0 2.75
252 0 0 2.25
136 4 0 2.0
189 18 0 2.5
218 12 0 2.25
12 1 0 3.0
306 6 0 3.75
210 2 0 1.75
308 1 0 1.5
234 3 0 2.5
191 18 0 2.25
130 17 0 1.75
325 16 0 2.25
123 17 0 3.75
285 10 0 2.75
74 17 0 1.5
97 6 0 1.75
297 16 0 2.75
125 20 0 3.0
23 15 0 2.0
338 3 0 2.25
176 6 0 3.75
347 9 0 3.75
7 6 0 1.5
199 11 0 3.75
19 18 0 3.25
295 9 0 3.75
98 33 0 3.25
73 7 0 3.75
12 4 0 2.5
309 11 0 2.25
60 20 0 3.5
67 1 0 2.75
355 29 0 1.75
217 13 0 1.75
159 4 0 1.5
252 18 0 2.0
70 3 0 1.5
241 9 0 2.5
14 20 0 4.0
55 15 0 2.75
11 14 0 3.75
228 17 0 1.5
342 2 0 3.0
357 5 0 3.25
332 5 0 1.5
236 18 0 3.0
46 16 0 3.25
300 2 0 3.5
38 17 0 2.75
69 10 0 2.25
129 4 0 2.5
26 19 0 3.0
25 2 0 3.75
109 10 0 3.5
242 13 0 2.0
247 19 0 3.25
76 6 0 3.75
343 9 0 2.75
139 6 0 2.75
69 11 0 1.75
300 8 0 4.0
78 3 0 2.25
66 3 0 2.5
351 13 0 2.75
52 8 0 2.5
102 5 0 1.5
156 12 0 2.25
142 14 0 4.0
142 8 0 2.5
339 59 0 1.5
242 5 0 1.5
39 2 0 1.75
53 0 0 2.25
103 3 0 1.75
325 6 0 1.5
251 19 0 3.5
291 5 0 2.75
289 18 0 3.0
85 23 0 3.0
174 5 0 1.5
323 14 0 3.75
95 0 0 2.0
209 6 0 1.75
217 17 0 3.75
79 47 0 3.25
206 20 0 2.5
249 5 0 2.25
107 10 0 1.75
359 1 0 3.0
234 17 0 1.5
271 15 0 2.0
206 18 0 2.0
88 5 0 2.5
72 19 0 1.75
69 4 0 2.0
109 4 0 4.0
176 18 0 2.25
283 6 0 2.5
169 6 0 3.25
10 20 0 2.5
149 20 0 2.5
181 0 0 3.0
343 8 0 3.0
197 5 0 3.75
325 15 0 3.0
53 20 0 3.5
234 10 0 2.0
319 6 0 2.5
354 7 0 2.75
56 16 0 1.5
143 0 0 2.0
237 0 0 2.25
259 3 0 1.5
334 7 0 4.0
222 7 0 1.5
279 16 0 3.75
64 12 0 3.25
44 13 0 4.0
59 4 0 2.0
251 19 0 3.25
251 13 0 2.5
163 17 0 2.0
61 10 0 4.0
31 7 0 1.75
112 33 0 2.0
327 11 0 3.25
180 7 0 2.5
284 5 0 4.0
186 5 0 1.75
336 12 0 2.5
354 1 0 3.75
284 15 0 2.5
96 2 0 3.0
326 14 0 1.75
164 0 0 2.0
175 7 0 2.0
194 5 0 1.5
317 19 0 1.75
103 2 0 3.5
39 3 0 2.5
281 2 0 3.25
138 1 0 2.75
13 16 0 2.75
241 16 0 3.75
181 6 0 2.5
106 6 0 2.75
309 16 0 3.5
262 19 0 4.0
134 14 0 3.75
144 7 0 2.25
113 14 0 3.5
92 11 0 3.25
76 6 0 3.0
66 43 0 4.0
276 18 0 3.0
12 11 0 2.0
278 18 0 4.0
246 11 0 2.0
57 13 0 2.25
130 10 0 3.75
358 5 0 1.75
190 7 0 2.75
116 2 0 3.5
233 19 0 3.25
62 47 0 3.5
10 9 0 1.5
195 6 0 3.0
184 17 0 3.25
234 2 0 1.5
152 20 0 4.0
132 3 0 3.25
21 13 0 4.0
45 13 0 1.75
255 13 0 2.25
211 3 0 3.75
274 11 0 2.75
104 2 0 1.75
30 17 0 3.5
114 9 0 4.0
32 9 0 3.75
63 18 0 4.0
40 20 0 2.5
275 5 0 3.75
291 13 0 3.25
3 8 0 2.0
227 17 0 2.75
145 19 0 2.0
345 54 0 2.5
131 2 0 4.0
101 19 0 3.75
330 6 0 2.0
350 1 0 2.25
26 9 0 1.5
349 43 0 3.25
86 17 0 2.25
90 1 0 1.5
209 2 0 2.25
155 3 0 3.75
189 20 0 2.25
15 4 0 1.5
197 1 0 3.0
330 18 0 3.75
209 1 0 2.75
186 9 0 4.0
237 14 0 4.0
10 79 0 2.0
29 7 0 2.25
314 1 0 1.5
63 8 0 2.5
342 0 0 3.75
42 14 0 2.25
74 11 0 2.0
258 13 0 2.25
140 10 0 2.5
1 53 0 3.5
103 10 0 4.0
62 8 0 3.25
226 6 0 2.75
336 9 0 3.0
259 18 0 1.75
332 1 0 4.0
275 18 0 3.75
17 3 0 2.75
80 20 0 3.5
193 10 0 4.0
69 11 0 3.75
344 20 0 2.25
315 19 0 3.5
99 12 0 2.75
207 9 0 2.5
233 20 0 4.0
103 9 0 3.0
37 17 0 3.0
273 12 0 1.5
152 12 0 2.5
173 17 0 1.5
220 4 0 3.0
283 0 0 2.25
19 12 0 3.25
342 10 0 2.0
293 2 0 3.5
357 17 0 2.25
36 12 0 2.5
3 11 0 2.0
55 14 0 2.75
153 11 0 2.5
24 42 0 1.75
76 12 0 3.25
105 18 0 2.5
224 19 0 3.25
334 36 0 1.5
13 18 0 2.0
131 13 0 1.75
279 22 0 3.75
41 13 0 2.25
233 28 0 1.5
66 18 0 1.5
39 24 0 2.75
154 52 0 4.0
25 3 0 3.25
132 17 0 3.75
26 20 0 3.25
342 4 0 2.75
265 20 0 3.5
80 60 0 3.0
55 3 0 2.0
229 1 0 2.0
270 6 0 3.25
348 17 0 3.0
168 11 0 3.75
24 12 0 2.25
16 16 0 3.5
120 37 0 2.5
78 7 0 2.5
151 5 0 2.0
141 2 0 2.5
261 8 0 4.0
106 16 0 3.0
314 7 0 3.25
52 5 0 2.5
288 1 0 3.0
209 23 0 2.5
321 11 0 2.5
146 16 0 3.75
288 13 0 2.5
270 13 0 2.25
125 5 0 1.75
172 4 0 4.0
128 13 0 4.0
56 12 0 2.75
40 11 0 3.25
157 17 0 3.5
250 10 0 4.0
329 11 0 3.25
333 10 0 3.25
260 17 0 2.25
342 14 0 3.75
117 1 0 2.25
113 24 0 2.0
217 16 0 2.5
183 8 0 1.5
164 18 0 3.5
287 13 0 3.0
12 12 0 2.75
65 4 0 1.5
138 3 0 3.25
41 7 0 3.75
82 9 0 3.0
353 0 0 4.0
134 16 0 3.75
68 3 0 1.5
197 13 0 2.5
302 19 0 2.75
13 15 0 2.25
20 8 0 3.5
117 5 0 3.75
93 11 0 3.75
130 11 0 4.0
240 5 0 2.0
345 2 0 3.25
238 43 0 2.5
25 17 0 3.75
181 17 0 2.75
318 12 0 2.0
92 17 0 1.5
40 13 0 3.0
228 6 0 3.75
179 15 0 2.0
246 17 0 3.0
176 10 0 3.5
270 4 0 2.25
17 15 0 3.75
290 8 0 2.75
245 9 0 2.5
143 20 0 3.0
54 17 0 3.0
104 4 0 3.75
217 12 0 3.75
69 21 0 1.75
179 4 0 1.5
260 16 0 2.25
306 19 0 3.5
124 3 0 2.75
128 4 0 3.5
221 53 0 1.5
291 0 0 3.25
163 11 0 2.25
179 15 0 1.5
207 15 0 3.0
62 16 0 2.0
162 19 0 4.0
89 12 0 2.75
255 2 0 2.0
275 4 0 4.0
339 1 0 1.75
328 13 0 2.25
142 7 0 3.25
312 56 0 1.5
149 3 0 3.75
94 45 0 1.5
15 29 0 4.0
70 19 0 2.25
266 5 0 3.75
175 11 0 1.75
187 20 0 2.75
342 4 0 3.25
220 41 0 2.5
20 2 0 3.25
257 12 0 3.25
161 7 0 4.0
320 19 0 1.75
89 14 0 3.0
54 1 0 3.0
208 6 0 3.75
102 12 0 2.0
25 0 0 2.25
323 18 0 3.0
69 17 0 2.25
173 7 0 2.5
350 4 0 3.5
261 13 0 4.0
7 10 0 1.75
37 3 0 4.0
134 3 0 2.0
25 19 0 3.25
291 8 0 3.5
306 6 0 1.75
33 2 0 2.75
145 10 0 3.75
250 1 0 2.0
105 7 0 1.75
179 18 0 2.25
286 17 0 2.75
120 29 0 1.75
184 5 0 3.25
101 3 0 1.75
106 12 0 4.0
145 5 0 2.25
57 18 0 2.75
169 20 0 1.5
284 56 0 2.0
120 25 0 2.75
286 7 0 3.75
306 10 0 2.5
225 36 0 3.0
288 59 0 3.25
130 52 0 2.5
219 0 0 2.5
203 18 0 3.25
90 2 0 2.5
6 80 0 4.0
184 42 0 2.75
62 9 0 3.25
61 6 0 3.25
332 31 0 2.25
292 19 0 3.0
195 3 0 3.75
135 41 0 3.0
184 50 0 1.5
124 12 0 3.75
179 13 0 1.5
359 19 0 1.75
343 10 0 2.75
23 6 0 1.5
312 19 0 4.0
16 1 0 2.5
268 13 0 3.5
0 9 0 2.0
309 40 0 2.75
344 16 0 3.75
217 2 0 3.0
263 6 0 3.0
224 10 0 1.5
6 16 0 2.5
46 10 0 3.25
339 10 0 1.75
137 3 0 1.5
233 20 0 2.25
148 3 0 1.75
358 17 0 2.0
178 7 0 1.75
354 0 0 4.0
289 19 0 2.25
116 8 0 2.25
73 18 0 2.25
48 14 0 2.75
303 18 0 3.5
75 16 0 1.75
126 0 0 3.5
19 1 0 1.5
155 7 0 2.0
349 7 0 2.75
177 4 0 3.25
350 18 0 2.75
283 12 0 2.75
270 3 0 2.0
249 16 0 2.5
198 51 0 2.5
273 3 0 3.75
306 31 0 3.0
284 7 0 2.75
213 19 0 4.0
51 18 0 1.75
59 17 0 3.25
277 1 0 1.5
208 2 0 2.5
346 7 0 3.75
10 15 0 3.5
105 17 0 1.75
329 0 0 2.75
283 16 0 4.0
207 15 0 2.0
247 16 0 3.0
348 20 0 2.25
295 18 0 1.5
60 12 0 2.75
166 8 0 3.0
160 0 0 2.0
132 0 0 1.75
172 21 0 3.25
146 13 0 3.25
261 2 0 2.5
344 15 0 1.75
146 16 0 4.0
164 4 0 3.5
148 6 0 3.5
300 20 0 1.5
37 5 0 3.75
218 9 0 4.0
115 13 0 3.0
133 2 0 1.75
11 5 0 2.25
69 7 0 4.0
171 11 0 2.5
52 0 0 2.75
148 3 0 2.5
112 3 0 1.5
168 3 0 3.75
306 19 0 2.75
306 13 0 3.75
235 12 0 2.25
18 0 0 2.25
264 16 0 1.75
18 0 0 3.75
174 1 0 1.5
175 14 0 3.0
321 15 0 3.5
38 6 0 2.25
41 9 0 4.0
341 19 0 2.5
98 4 0 2.5
179 13 0 2.25
16 20 0 2.75
147 9 0 2.75
167 55 0 1.5
293 20 0 1.5
8 55 0 1.5
183 4 0 4.0
182 9 0 2.0
220 6 0 3.25
103 4 0 2.25
195 10 0 2.0
286 18 0 2.75
113 28 0 3.0
14 12 0 2.0
139 1 0 3.25
298 4 0 2.75
44 1 0 3.25
175 9 0 3.75
137 8 0 4.0
247 6 0 3.75
111 12 0 4.0
28 14 0 2.25
182 14 0 1.75
130 16 0 1.75
248 14 0 2.75
136 1 0 2.25
129 11 0 3.5
289 20 0 1.5
280 30 0 3.25
249 18 0 3.0
122 19 0 2.0
16 13 0 4.0
64 12 0 2.25
1 6 0 1.5
344 12 0 3.5
95 1 0 3.25
129 5 0 3.75
148 7 0 3.75
313 10 0 2.5
298 8 0 4.0
27 5 0 2.5
349 8 0 2.25
296 11 0 3.25
116 20 0 1.5
70 22 0 3.0
29 1 0 2.0
227 6 0 2.0
5 6 0 1.5
149 16 0 1.5
131 6 0 3.5
276 14 0 2.75
210 72 0 2.75
59 19 0 3.0
302 0 0 2.75
119 2 0 1.5
18 14 0 3.75
200 1 0 2.0
14 9 0 1.5
300 1 0 3.0
3 5 0 3.25
296 2 0 3.25
140 17 0 1.75
201 10 0 2.75
250 4 0 2.0
94 15 0 4.0
176 1 0 2.0
224 15 0 3.25
180 20 0 4.0
116 5 0 2.5
102 16 0 3.25
107 18 0 2.5
49 9 0 3.0
136 20 0 3.5
181 11 0 1.5
73 1 0 2.75
75 16 0 2.5
262 43 0 3.5
222 3 0 1.5
176 12 0 1.5
176 11 0 2.75
128 13 0 2.0
310 0 0 1.5
47 18 0 2.75
319 19 0 2.0
334 1 0 2.0
25 16 0 1.75
89 8 0 1.5
277 10 0 4.0
119 7 0 2.5
140 18 0 3.25
117 1 0 3.5
271 10 0 2.25
171 13 0 1.75
349 0 0 2.0
308 36 0 2.5
16 7 0 1.5
1 10 0 3.0
112 8 0 2.5
354 13 0 2.0
308 7 0 2.25
236 7 0 3.75
41 0 0 3.0
258 20 0 3.5
224 2 0 2.75
7 19 0 1.75
156 2 0 2.25
98 1 0 3.0
14 20 0 2.5
142 20 0 2.75
277 17 0 1.5
21 1 0 4.0
282 4 0 3.5
232 17 0 2.25
155 10 0 3.0
333 14 0 4.0
46 0 0 3.75
269 2 0 3.25
181 7 0 2.0
165 31 0 2.25
14 5 0 2.0
102 14 0 3.75
315 3 0 2.25
323 10 0 1.5
143 32 0 2.75
168 12 0 3.5
54 58 0 3.0
350 11 0 2.25
66 13 0 3.25
223 10 0 2.0
62 19 0 2.75
357 9 0 3.5
260 13 0 3.25
83 6 0 3.5
143 18 0 3.25
305 12 0 2.5
83 7 0 3.0
173 3 0 3.25
98 13 0 2.5
310 5 0 2.75
69 12 0 3.75
32 8 0 3.5
172 25 0 1.75
227 4 0 3.0
37 19 0 2.25
218 18 0 2.0
340 10 0 3.25
160 14 0 3.0
129 5 0 1.5
131 6 0 1.75
6 10 0 2.0
62 7 0 3.25
338 15 0 1.75
206 16 0 1.5
191 13 0 3.0
117 3 0 4.0
87 3 0 2.25
124 13 0 3.0
283 18 0 2.75
18 20 0 3.5
133 0 0 2.0
155 9 0 2.5
108 13 0 1.75
295 18 0 2.5
32 45 0 2.0
279 13 0 3.0
130 3 0 2.5
69 4 0 2.75
183 10 0 1.5
302 17 0 1.75
4 16 0 2.25
213 15 0 3.0
6 9 0 3.25
282 18 0 2.75
33 1 0 2.0
227 7 0 2.5
302 3 0 2.75
233 0 0 3.25
273 3 0 1.5
90 15 0 2.0
228 12 0 3.25
338 18 0 3.25
278 16 0 3.75
151 0 0 3.5
154 12 0 2.0
85 15 0 3.25
244 5 0 1.75
339 5 0 3.75
139 16 0 3.5
143 5 0 3.75
167 16 0 3.5
329 11 0 1.75
41 8 0 4.0
87 9 0 2.25
138 15 0 3.75
172 25 0 3.5
147 11 0 4.0
112 19 0 3.0
271 13 0 2.75
290 2 0 3.5
30 16 0 1.75
131 15 0 2.0
3 3 0 1.5
48 16 0 2.75
254 17 0 1.5
337 52 0 3.0
1 10 0 3.25
182 2 0 4.0
211 12 0 3.75
294 14 0 3.75
35 42 0 2.5
163 3 0 2.0
332 11 0 1.75
48 13 0 2.25
167 4 0 1.5
162 6 0 2.75
244 20 0 1.5
341 20 0 3.0
90 2 0 2.25
140 55 0 2.0
132 2 0 2.25
356 5 0 1.5
266 3 0 2.75
56 19 0 3.0
43 3 0 3.25
278 12 0 2.5
264 7 0 4.0
230 17 0 3.0
113 10 0 1.75
277 17 0 3.75
280 6 0 1.5
142 16 0 1.5
147 17 0 3.25
247 7 0 4.0
101 18 0 1.5
143 14 0 3.5
232 70 0 3.25
25 16 0 3.25
282 33 0 1.75
343 3 0 2.75
177 36 0 3.5
16 15 0 2.0
81 4 0 2.75
99 10 0 2.75
152 11 0 1.5
178 19 0 3.25
103 38 0 1.75
165 13 0 2.0
311 11 0 1.75
69 5 0 2.75
122 16 0 2.75
334 12 0 3.5
51 16 0 3.0
141 7 0 3.5
128 17 0 2.5
261 55 0 3.75
256 2 0 1.75
229 10 0 3.75
83 1 0 1.75
247 16 0 3.5
216 1 0 3.25
315 8 0 1.5
23 0 0 2.25
183 17 0 3.0
324 15 0 4.0
154 20 0 2.75
82 0 0 1.5
64 6 0 2.75
234 10 0 3.0
140 10 0 1.5
214 10 0 1.75
255 3 0 2.75
30 13 0 2.75
75 12 0 1.5
40 47 0 3.25
248 15 0 3.0
284 5 0 3.75
101 1 0 2.0
212 23 0 2.5
44 19 0 3.0
335 14 0 1.5
277 10 0 3.0
261 2 0 1.5
343 18 0 3.0
223 15 0 1.5
266 3 0 2.25
94 9 0 2.0
225 0 0 4.0
1 17 0 3.5
100 33 0 1.75
109 7 0 2.75
114 11 0 2.5
153 4 0 2.75
255 5 0 3.75
226 19 0 2.0
198 9 0 2.0
172 51 0 3.0
303 11 0 1.5
102 7 0 3.25
240 5 0 3.5
32 16 0 2.25
196 20 0 2.25
73 10 0 3.75
300 18 0 2.5
31 7 0 3.0
347 12 0 2.75
75 3 0 2.75
317 3 0 2.0
32 0 0 1.5
321 16 0 3.75
314 9 0 3.75
261 18 0 4.0
8 77 0 1.5
118 16 0 2.5
167 4 0 4.0
220 13 0 3.25
70 4 0 1.75
171 3 0 3.0
43 6 0 2.5
287 5 0 3.75
18 10 0 2.25
187 6 0 3.5
358 20 0 2.25
179 20 0 1.5
82 2 0 2.5
254 18 0 1.5
178 7 0 2.75
108 8 0 2.0
142 9 0 2.25
268 7 0 2.0
227 9 0 2.0
94 0 0 1.75
359 3 0 2.75
208 5 0 3.75
134 8 0 3.25
107 12 0 1.75
120 12 0 3.25
333 5 0 2.5
216 19 0 2.25
65 20 0 3.75
277 16 0 4.0
294 73 0 2.0
13 48 0 1.5
291 16 0 2.75
305 6 0 3.0
176 18 0 2.75
64 5 0 3.5
61 1 0 2.5
310 15 0 3.0
92 3 0 3.25
154 19 0 1.75
0 15 0 3.5
48 10 0 1.5
76 1 0 3.0
182 15 0 2.25
238 0 0 4.0
126 1 0 2.0
21 17 0 2.5
256 0 0 1.5
92 0 0 3.75
60 11 0 2.5
71 4 0 2.5
288 42 0 1.75
287 10 0 1.75
355 0 0 3.25
119 12 0 3.0
106 19 0 1.75
321 14 0 3.5
310 52 0 3.0
64 18 0 3.25
294 3 0 2.0
34 0 0 3.5
306 11 0 3.5
146 16 0 3.0
335 3 0 2.75
250 9 0 2.75
218 14 0 2.5
134 0 0 2.25
82 2 0 2.25
358 59 0 4.0
247 6 0 3.0
80 43 0 3.75
169 18 0 3.25
60 1 0 2.25
174 1 0 2.0
356 17 0 3.5
30 7 0 3.25
178 3 0 2.75
207 1 0 3.75
85 15 0 2.25
111 17 0 2.0
139 3 0 4.0
221 18 0 2.5
17 15 0 2.0
145 0 0 3.5
264 2 0 1.5
359 8 0 3.75
342 15 0 3.0
295 18 0 3.0
310 10 0 3.5
47 7 0 2.75
224 20 0 3.25
355 16 0 2.75
167 17 0 3.5
222 20 0 1.75
287 25 0 4.0
295 58 0 4.0
238 11 0 2.75
136 3 0 3.75
211 20 0 3.5
155 15 0 3.0
244 5 0 2.25
136 17 0 2.0
96 6 0 1.75
99 32 0 3.5
237 18 0 3.25
297 17 0 1.75
331 13 0 2.25
153 18 0 2.25
281 11 0 2.5
137 51 0 3.5
85 18 0 2.0
299 2 0 2.0
142 12 0 3.5
341 5 0 3.0
31 15 0 2.0
35 10 0 2.25
278 7 0 3.0
287 15 0 3.0
196 6 0 3.5
199 3 0 1.75
279 14 0 3.25
307 19 0 3.5
178 3 0 1.5
78 20 0 3.5
359 15 0 3.75
61 57 0 4.0
63 17 0 3.5
203 5 0 2.5
41 13 0 3.25
30 4 0 1.75
10 14 0 3.75
94 14 0 4.0
21 19 0 3.75
20 20 0 3.75
257 4 0 2.0
105 19 0 2.75
180 16 0 3.0
279 12 0 2.5
20 3 0 3.5
309 13 0 3.0
271 14 0 1.75
281 17 0 2.0
213 1 0 1.5
311 13 0 3.5
356 19 0 1.75
253 16 0 3.25
148 4 0 3.75
133 1 0 2.0
245 0 0 3.75
143 64 0 3.0
278 57 0 1.75
259 19 0 3.5
218 13 0 4.0
114 27 0 3.0
253 9 0 3.0
240 12 0 3.25
156 15 0 3.0
202 3 0 4.0
170 16 0 3.5
137 0 0 2.0
106 13 0 3.5
349 11 0 2.0
324 19 0 1.5
272 14 0 2.75
238 3 0 2.75
205 8 0 2.5
115 9 0 1.5
170 5 0 3.5
324 10 0 1.5
35 19 0 3.0
80 7 0 3.25
285 6 0 3.5
103 0 0 3.75
351 15 0 2.25
71 4 0 2.0
327 21 0 3.75
236 4 0 4.0
264 17 0 4.0
320 11 0 3.75
245 4 0 2.0
128 0 0 2.25
252 2 0 3.0
200 6 0 2.25
329 39 0 3.5
67 22 0 2.25
328 8 0 1.75
218 4 0 2.0
112 15 0 4.0
243 13 0 3.75
115 57 0 3.25
283 18 0 3.75
339 19 0 1.5
146 12 0 1.75
81 14 0 3.5
251 10 0 2.5
151 4 0 2.0
256 18 0 3.75
86 14 0 2.25
108 22 0 1.75
248 47 0 1.75
320 12 0 2.5
235 7 0 2.0
305 10 0 2.0
359 25 0 3.5
239 8 0 2.5
127 12 0 1.5
56 11 0 3.25
352 13 0 4.0
3 50 0 2.25
49 15 0 4.0
59 39 0 4.0
209 4 0 2.75
277 19 0 4.0
199 6 0 3.5
41 7 0 1.5
334 12 0 3.25
340 7 0 3.0
124 0 0 1.5
180 3 0 1.5
154 16 0 2.25
171 16 0 3.0
354 13 0 2.5
19 9 0 2.5
166 18 0 3.0
227 15 0 4.0
260 14 0 2.25
312 4 0 2.5
149 3 0 2.25
2 6 0 2.5
353 5 0 3.75
204 3 0 2.75
276 53 0 1.5
189 6 0 2.5
103 0 0 3.5
22 19 0 3.5
39 12 0 3.25
89 4 0 4.0
339 6 0 2.0
108 5 0 2.75
122 13 0 1.5
268 16 0 2.0
235 1 0 2.25
47 8 0 3.25
216 49 0 1.75
188 9 0 2.5
140 8 0 2.5
310 40 0 2.0
169 11 0 3.75
207 8 0 2.0
10 2 0 2.0
64 10 0 3.25
312 15 0 3.0
149 7 0 2.75
149 20 0 2.25
96 10 0 2.0
238 4 0 1.5
80 2 0 2.0
125 47 0 2.75
347 19 0 3.0
196 15 0 2.0
253 22 0 1.5
100 17 0 2.5
184 15 0 3.25
345 4 0 2.0
37 6 0 2.0
174 19 0 1.75
77 12 0 3.75
330 7 0 3.25
118 18 0 2.5
317 12 0 4.0
36 11 0 2.0
261 1 0 2.5
198 4 0 4.0
14 17 0 3.0
63 20 0 3.75
224 17 0 3.75
146 18 0 1.75
3 10 0 3.25
32 12 0 3.0
147 3 0 2.5
196 53 0 3.75
35 11 0 3.5
13 10 0 2.5
282 2 0 3.75
171 56 0 2.0
205 7 0 3.75
137 16 0 3.0
92 13 0 3.25
27 12 0 3.5
136 8 0 3.5
252 4 0 4.0
301 59 0 3.5
210 16 0 3.75
328 1 0 3.75
253 6 0 4.0
115 18 0 3.0
18 23 0 4.0
85 1 0 3.75
334 15 0 2.25
228 16 0 3.0
297 5 0 3.75
358 9 0 1.5
223 3 0 3.25
54 17 0 2.75
66 16 0 4.0
22 7 0 3.75
22 20 0 3.5
18 19 0 2.25
229 5 0 3.25
167 15 0 4.0
203 3 0 1.5
268 12 0 1.75
238 12 0 3.0
219 15 0 3.5
160 6 0 1.5
155 7 0 2.5
21 5 0 2.25
279 1 0 3.25
292 16 0 3.75
218 0 0 4.0
77 11 0 2.5
275 9 0 3.75
281 1 0 2.75
197 15 0 1.75
94 19 0 3.25
63 16 0 1.75
330 5 0 3.0
281 4 0 2.5
337 5 0 3.5
25 5 0 2.75
223 32 0 3.0
271 7 0 3.5
181 15 0 2.5
323 14 0 2.5
348 13 0 4.0
312 58 0 2.5
73 16 0 2.75
328 18 0 3.75
143 1 0 2.0
114 39 0 2.75
291 0 0 3.0
350 5 0 1.75
306 3 0 3.0
236 2 0 1.75
217 4 0 1.5
100 13 0 3.5
158 67 0 1.5
216 9 0 3.5
104 14 0 2.0
48 1 0 2.0
239 14 0 2.0
49 8 0 2.75
130 4 0 3.25
16 3 0 2.25
244 18 0 4.0
296 10 0 3.0
168 20 0 2.25
81 15 0 2.0
167 9 0 3.75
219 18 0 1.75
50 9 0 3.75
276 43 0 3.75
54 0 0 2.25
33 16 0 3.75
142 7 0 3.5
