22 3 0 3.75
233 24 0 2.75
274 28 0 3.75
91 16 0 3.5
247 24 0 2.25
243 5 0 3.5
19 3 0 2.25
127 22 0 2.25
223 8 0 3.75
1 17 0 2.5
255 8 0 4.0
208 28 0 2.25
24 28 0 2.0
124 30 0 3.25
79 21 0 2.5
19 29 0 4.0
242 30 0 2.75
132 9 0 2.0
181 13 0 4.0
235 71 0 3.25
57 17 0 2.5
201 6 0 2.0
296 6 0 3.5
355 17 0 3.5
83 22 0 2.0
200 18 0 2.25
225 7 0 3.25
177 23 0 2.5
227 16 0 3.25
329 27 0 4.0
153 13 0 3.75
26 14 0 3.0
115 8 0 3.75
12 44 0 4.0
344 9 0 3.75
333 19 0 3.5
195 15 0 2.0
54 6 0 2.25
216 41 0 3.5
228 0 0 2.5
354 2 0 3.5
72 8 0 2.75
359 8 0 2.25
317 6 0 3.0
56 30 0 3.75
280 12 0 2.5
274 2 0 3.0
311 10 0 2.75
71 28 0 4.0
211 24 0 3.5
34 11 0 2.5
123 0 0 2.0
142 13 0 3.5
209 7 0 2.5
232 5 0 2.75
344 24 0 2.0
225 26 0 3.75
194 11 0 2.25
57 27 0 4.0
323 30 0 3.75
180 0 0 2.0
88 19 0 3.25
23 8 0 3.25
302 5 0 3.25
323 29 0 2.25
110 4 0 3.5
268 29 0 4.0
271 13 0 3.5
330 14 0 3.75
257 25 0 4.0
330 16 0 2.0
291 19 0 3.5
54 0 0 2.25
259 51 0 2.0
139 18 0 3.25
29 8 0 3.5
158 30 0 3.0
313 19 0 2.25
347 26 0 2.0
308 14 0 3.0
32 24 0 3.0
11 28 0 2.5
256 1 0 3.25
63 23 0 3.25
150 11 0 2.5
88 11 0 4.0
262 10 0 2.0
154 15 0 2.75
298 18 0 3.25
310 18 0 3.25
217 16 0 3.5
78 21 0 3.0
248 20 0 2.0
269 2 0 2.75
308 38 0 2.25
78 42 0 3.25
171 20 0 3.0
262 29 0 3.0
330 3 0 2.75
62 6 0 2.5
217 11 0 4.0
196 30 0 2.75
218 17 0 2.0
218 26 0 2.0
347 28 0 3.5
164 30 0 2.5
282 12 0 3.5
256 20 0 3.75
200 30 0 2.75
158 1 0 4.0
290 3 0 3.0
98 3 0 3.5
91 4 0 4.0
290 4 0 3.25
137 23 0 3.0
137 3 0 3.25
260 10 0 2.0
195 25 0 3.75
84 44 0 2.5
219 21 0 2.75
199 25 0 3.5
62 19 0 2.75
287 11 0 3.0
123 19 0 3.5
278 10 0 3.25
184 3 0 2.75
334 3 0 2.25
312 3 0 4.0
115 35 0 2.0
55 24 0 3.5
354 16 0 3.5
212 14 0 2.0
18 1 0 2.25
230 22 0 2.5
140 0 0 3.0
127 7 0 2.0
100 17 0 2.0
272 1 0 3.0
295 14 0 2.25
116 7 0 4.0
214 8 0 4.0
225 15 0 3.5
219 15 0 2.25
330 25 0 2.0
72 23 0 2.75
338 22 0 2.25
121 25 0 2.75
359 0 0 2.75
358 3 0 2.5
78 21 0 2.25
179 8 0 3.0
285 10 0 4.0
95 18 0 4.0
40 1 0 2.0
276 5 0 2.75
89 26 0 2.25
268 15 0 3.5
239 8 0 4.0
4 19 0 3.25
87 9 0 4.0
263 28 0 3.25
79 11 0 3.25
103 28 0 3.0
311 30 0 3.0
358 0 0 2.0
316 11 0 3.5
322 12 0 2.75
93 4 0 2.75
305 15 0 3.0
143 20 0 3.5
338 26 0 4.0
64 1 0 4.0
187 26 0 3.25
201 30 0 2.0
269 27 0 2.5
194 48 0 2.75
8 11 0 3.25
115 6 0 3.0
11 25 0 4.0
299 17 0 3.5
120 0 0 2.25
113 23 0 2.5
348 9 0 2.75
52 1 0 2.75
244 22 0 2.0
154 19 0 2.25
47 28 0 3.75
161 21 0 2.25
181 9 0 2.75
174 11 0 3.5
56 11 0 2.25
298 16 0 3.5
240 30 0 2.5
171 11 0 2.5
41 18 0 3.5
63 13 0 2.0
212 17 0 2.75
353 25 0 2.0
80 44 0 3.25
96 15 0 4.0
283 8 0 2.5
51 9 0 2.5
183 27 0 2.75
58 25 0 3.5
64 29 0 3.25
6 7 0 3.0
105 24 0 2.5
262 14 0 4.0
81 26 0 2.75
139 7 0 2.25
189 25 0 3.25
24 21 0 4.0
31 18 0 3.25
328 7 0 3.0
183 29 0 3.5
244 20 0 4.0
37 10 0 3.75
154 32 0 3.25
97 21 0 2.75
290 6 0 3.25
340 19 0 4.0
159 34 0 3.25
42 28 0 4.0
224 3 0 2.25
42 4 0 3.25
312 31 0 2.5
72 8 0 3.25
151 15 0 2.0
146 27 0 2.0
256 23 0 3.0
293 2 0 2.75
290 0 0 2.75
37 8 0 2.75
85 11 0 3.25
163 29 0 2.0
309 28 0 3.5
170 16 0 4.0
94 3 0 2.5
358 16 0 3.5
197 20 0 4.0
263 21 0 3.5
243 2 0 2.0
254 15 0 3.75
337 8 0 2.5
352 19 0 3.25
59 13 0 2.75
347 19 0 3.25
224 16 0 2.5
107 2 0 4.0
79 3 0 3.0
171 20 0 4.0
113 0 0 3.75
208 2 0 4.0
135 19 0 3.5
285 7 0 3.25
157 29 0 2.75
291 6 0 4.0
265 2 0 2.0
101 26 0 3.0
260 29 0 2.25
19 9 0 3.0
348 27 0 3.5
245 7 0 2.0
243 20 0 2.75
160 19 0 3.0
166 4 0 2.25
15 25 0 4.0
2 22 0 3.5
328 2 0 3.25
107 28 0 4.0
245 5 0 3.75
20 24 0 4.0
307 20 0 4.0
327 4 0 4.0
13 9 0 3.0
96 12 0 2.25
81 0 0 2.5
305 24 0 2.5
132 17 0 2.75
38 14 0 3.75
81 22 0 2.0
171 2 0 2.0
98 14 0 2.75
274 18 0 2.75
293 19 0 3.0
22 18 0 3.5
212 18 0 3.75
177 12 0 2.5
176 21 0 3.75
274 58 0 3.25
51 12 0 2.5
190 17 0 3.0
76 7 0 2.75
300 4 0 3.0
357 21 0 3.0
207 7 0 2.5
199 22 0 3.0
314 10 0 2.0
61 18 0 3.75
120 26 0 3.75
317 6 0 2.5
110 18 0 3.25
192 29 0 2.5
337 4 0 3.0
20 11 0 2.25
29 7 0 2.75
89 19 0 3.25
264 9 0 3.25
247 8 0 2.75
258 0 0 2.25
139 29 0 4.0
236 9 0 2.0
118 7 0 2.25
330 27 0 2.5
4 21 0 3.25
123 17 0 2.0
14 18 0 4.0
25 26 0 3.0
163 5 0 3.25
79 13 0 3.5
277 11 0 4.0
304 4 0 3.75
358 12 0 2.5
73 12 0 3.25
251 47 0 3.75
287 5 0 2.5
296 9 0 3.25
296 4 0 3.0
170 15 0 3.5
175 27 0 3.0
134 30 0 2.25
100 18 0 2.0
72 13 0 2.0
13 22 0 2.5
24 29 0 2.75
32 17 0 2.75
286 5 0 3.25
199 9 0 3.75
290 15 0 3.75
226 11 0 3.0
155 25 0 2.0
357 17 0 3.0
331 17 0 2.25
158 28 0 4.0
75 19 0 2.5
165 20 0 3.25
229 21 0 4.0
358 15 0 2.25
352 2 0 3.5
57 16 0 3.75
30 12 0 4.0
106 20 0 3.75
33 24 0 3.0
128 8 0 3.5
132 2 0 2.0
155 22 0 4.0
237 27 0 3.5
188 21 0 3.0
217 26 0 2.75
105 24 0 3.5
104 6 0 3.75
126 14 0 3.25
311 6 0 2.25
306 30 0 3.0
27 10 0 3.25
263 12 0 3.75
13 20 0 3.75
168 17 0 3.25
53 13 0 2.0
298 19 0 3.75
348 28 0 2.5
342 26 0 2.25
81 26 0 2.0
209 30 0 2.0
336 25 0 3.75
281 5 0 3.5
58 14 0 2.5
292 5 0 2.25
318 12 0 2.25
78 7 0 2.75
70 20 0 2.0
278 5 0 2.75
274 17 0 4.0
158 6 0 3.5
151 22 0 2.75
24 6 0 2.5
355 18 0 3.75
128 14 0 2.75
96 16 0 3.75
251 24 0 3.0
252 18 0 4.0
67 13 0 3.5
171 0 0 4.0
12 10 0 2.75
81 0 0 4.0
138 10 0 2.0
37 22 0 2.25
114 3 0 2.0
317 0 0 3.0
86 28 0 3.75
324 13 0 2.0
3 30 0 3.25
246 17 0 3.75
109 8 0 3.5
61 29 0 3.5
168 17 0 2.0
339 60 0 2.0
3 25 0 4.0
107 12 0 2.0
273 1 0 3.0
298 26 0 3.75
262 25 0 2.75
211 11 0 2.25
204 3 0 2.75
221 6 0 3.75
125 23 0 4.0
151 17 0 2.75
242 27 0 3.75
167 25 0 2.75
306 28 0 2.0
171 7 0 3.25
141 26 0 4.0
168 16 0 2.75
146 9 0 2.0
212 20 0 3.25
183 26 0 3.0
32 3 0 3.0
278 39 0 3.0
196 21 0 2.25
110 0 0 2.0
135 6 0 2.75
228 8 0 4.0
117 6 0 2.5
335 9 0 2.5
255 3 0 2.0
227 8 0 3.25
140 29 0 4.0
73 5 0 2.0
231 9 0 3.75
355 7 0 3.0
8 13 0 3.75
232 24 0 2.5
59 29 0 2.75
98 28 0 2.5
271 19 0 4.0
127 7 0 3.75
310 2 0 2.75
101 14 0 2.0
37 20 0 3.5
25 9 0 3.0
158 1 0 2.5
287 53 0 2.75
228 9 0 4.0
70 1 0 2.25
105 7 0 2.75
188 20 0 3.5
190 22 0 3.5
247 14 0 2.0
271 1 0 3.5
344 2 0 4.0
263 23 0 3.5
226 7 0 2.75
1 22 0 4.0
53 19 0 2.75
33 14 0 2.25
55 18 0 3.25
168 9 0 2.0
240 19 0 3.75
284 5 0 2.0
188 7 0 2.5
343 0 0 3.0
124 28 0 2.75
332 19 0 3.5
184 21 0 2.0
269 6 0 2.0
220 24 0 2.75
1 9 0 2.75
245 15 0 2.5
313 1 0 2.75
307 25 0 3.75
51 3 0 4.0
77 30 0 3.5
99 22 0 3.5
186 2 0 2.75
232 2 0 3.75
98 11 0 2.5
171 9 0 4.0
16 27 0 3.25
320 8 0 3.0
34 4 0 2.5
0 9 0 2.0
45 3 0 3.5
293 5 0 2.5
193 6 0 2.75
135 28 0 2.5
270 10 0 2.25
109 29 0 2.75
50 11 0 3.0
9 5 0 2.0
64 10 0 3.75
300 28 0 4.0
321 25 0 2.5
263 2 0 2.75
294 20 0 3.75
158 10 0 3.75
269 18 0 3.5
188 13 0 4.0
338 3 0 2.25
164 12 0 2.25
82 23 0 3.0
161 1 0 2.25
300 24 0 3.25
236 9 0 3.25
176 69 0 3.0
292 29 0 3.25
221 27 0 3.75
210 25 0 2.25
31 25 0 4.0
255 5 0 2.0
193 26 0 4.0
262 3 0 2.25
213 11 0 3.0
357 22 0 3.5
300 12 0 3.75
297 17 0 2.75
164 10 0 3.0
123 13 0 2.5
136 11 0 4.0
148 4 0 2.0
127 5 0 4.0
258 25 0 3.25
64 25 0 2.0
130 1 0 3.25
210 16 0 2.75
43 11 0 3.75
212 5 0 3.75
197 8 0 2.75
163 21 0 2.0
255 30 0 3.75
3 20 0 2.25
312 4 0 2.5
151 29 0 3.5
99 11 0 2.0
198 4 0 3.5
108 2 0 3.5
72 29 0 2.25
288 28 0 2.5
126 8 0 3.75
135 33 0 2.5
282 2 0 2.25
267 24 0 2.5
86 10 0 3.5
314 26 0 2.75
55 8 0 3.25
279 27 0 2.5
117 3 0 3.0
218 5 0 3.75
331 20 0 4.0
286 10 0 3.0
20 29 0 2.25
348 20 0 3.5
150 21 0 3.5
339 17 0 3.25
206 19 0 2.0
140 29 0 2.0
149 20 0 2.5
348 3 0 2.75
277 21 0 2.25
209 17 0 2.0
242 6 0 3.25
131 25 0 3.0
58 28 0 3.25
199 3 0 2.75
350 4 0 3.75
66 25 0 4.0
239 23 0 2.75
318 22 0 3.5
319 12 0 3.0
203 18 0 3.75
299 7 0 3.5
95 19 0 2.5
224 11 0 3.25
13 18 0 2.75
196 14 0 2.75
240 18 0 3.25
352 21 0 3.75
172 26 0 4.0
95 24 0 3.0
143 14 0 3.75
212 18 0 2.75
309 2 0 3.0
4 32 0 2.5
77 1 0 2.5
185 3 0 2.75
198 3 0 3.75
186 12 0 2.5
352 5 0 3.25
74 17 0 3.5
351 6 0 3.0
254 14 0 2.5
71 10 0 3.0
340 14 0 2.25
213 12 0 2.25
256 8 0 2.0
315 11 0 2.75
209 16 0 3.25
210 7 0 3.25
199 17 0 4.0
316 15 0 2.5
302 28 0 3.0
53 11 0 2.5
198 5 0 2.5
158 17 0 2.75
37 13 0 2.0
71 7 0 3.25
154 6 0 2.25
341 18 0 4.0
52 22 0 2.0
38 68 0 3.5
285 8 0 4.0
119 28 0 2.5
229 3 0 2.25
128 1 0 2.0
305 17 0 2.25
239 26 0 4.0
270 13 0 2.25
234 6 0 2.25
78 15 0 2.0
14 48 0 3.5
278 28 0 4.0
22 22 0 3.5
95 3 0 3.0
215 15 0 2.75
27 33 0 4.0
63 14 0 3.75
14 18 0 2.75
251 0 0 4.0
126 17 0 2.0
336 15 0 2.5
85 4 0 2.5
208 15 0 2.25
230 26 0 2.75
100 28 0 2.5
1 1 0 2.5
243 0 0 3.0
183 23 0 2.0
215 29 0 4.0
17 5 0 2.25
340 24 0 3.75
188 5 0 3.5
66 29 0 3.25
192 26 0 4.0
341 28 0 3.75
217 23 0 2.25
170 26 0 2.5
41 23 0 2.75
264 1 0 3.5
22 19 0 3.25
269 1 0 2.75
352 0 0 2.25
14 23 0 2.25
315 26 0 3.5
154 13 0 3.25
171 12 0 3.25
54 25 0 4.0
199 0 0 3.0
104 45 0 2.5
87 20 0 2.75
4 6 0 3.0
111 23 0 2.0
224 12 0 3.5
206 7 0 2.75
281 10 0 2.25
262 19 0 4.0
120 37 0 2.0
37 4 0 2.25
150 13 0 3.0
252 7 0 2.5
61 43 0 3.5
15 21 0 3.0
190 21 0 2.75
280 7 0 2.25
2 12 0 3.5
124 20 0 3.0
56 25 0 2.5
227 3 0 2.0
301 1 0 3.75
168 20 0 3.75
238 11 0 2.5
181 21 0 2.0
276 17 0 2.0
271 9 0 2.75
19 5 0 3.75
278 2 0 3.5
59 10 0 2.75
229 15 0 2.5
3 22 0 3.5
303 0 0 2.0
352 28 0 2.75
344 30 0 2.25
146 18 0 3.0
110 24 0 3.5
24 0 0 4.0
349 30 0 3.0
161 16 0 2.75
11 21 0 3.25
347 17 0 3.5
286 24 0 3.75
160 5 0 3.5
172 0 0 2.0
255 25 0 3.25
334 10 0 3.5
343 16 0 3.75
82 7 0 2.75
57 25 0 3.0
31 20 0 4.0
337 18 0 4.0
358 27 0 2.0
23 2 0 3.25
63 10 0 3.0
97 17 0 3.75
126 11 0 3.0
220 12 0 3.75
20 27 0 3.75
358 17 0 3.25
300 10 0 3.75
145 27 0 2.5
223 1 0 3.0
300 9 0 3.0
306 22 0 3.75
302 17 0 2.25
333 16 0 4.0
47 3 0 2.25
280 27 0 3.75
333 0 0 3.75
117 2 0 2.0
115 29 0 3.25
10 9 0 2.0
3 23 0 3.75
350 23 0 2.5
302 10 0 3.25
41 21 0 3.0
212 11 0 3.5
262 0 0 2.75
209 2 0 3.25
160 7 0 3.25
292 24 0 3.25
291 23 0 2.75
160 65 0 3.5
15 27 0 3.75
299 7 0 3.0
338 21 0 2.0
264 27 0 4.0
153 11 0 3.0
12 1 0 3.5
27 29 0 3.25
69 8 0 3.5
92 14 0 2.5
197 24 0 2.25
167 27 0 3.25
338 28 0 3.75
161 27 0 3.5
266 22 0 2.75
218 23 0 3.0
327 28 0 2.5
244 17 0 3.25
350 11 0 2.5
249 1 0 2.5
81 17 0 3.5
311 14 0 3.0
33 2 0 3.0
231 19 0 3.0
32 8 0 2.0
206 21 0 3.0
284 3 0 2.5
222 22 0 3.5
47 20 0 4.0
26 26 0 2.5
206 25 0 3.75
330 8 0 3.5
306 27 0 3.5
22 24 0 4.0
150 8 0 2.75
4 9 0 3.0
298 7 0 3.25
149 5 0 2.75
28 26 0 2.5
281 10 0 2.5
255 30 0 3.5
275 1 0 3.5
59 8 0 4.0
155 19 0 2.75
323 11 0 2.5
95 2 0 3.5
9 10 0 3.75
21 19 0 3.0
100 10 0 3.0
347 0 0 3.75
165 12 0 2.5
280 5 0 2.0
283 35 0 3.75
246 19 0 4.0
53 1 0 4.0
117 14 0 2.0
345 5 0 2.75
208 18 0 2.25
20 6 0 3.0
148 23 0 2.25
4 27 0 3.0
328 10 0 3.25
355 22 0 3.75
302 30 0 4.0
37 22 0 3.75
99 30 0 3.75
195 30 0 2.25
131 27 0 3.25
28 24 0 3.0
230 15 0 3.25
252 14 0 2.75
285 5 0 4.0
294 17 0 3.0
136 25 0 3.25
296 8 0 2.75
235 25 0 4.0
94 15 0 3.0
271 22 0 2.0
124 13 0 3.5
85 26 0 2.25
287 20 0 2.0
120 17 0 2.75
48 26 0 2.5
37 5 0 2.75
31 17 0 2.0
105 9 0 3.75
107 16 0 2.5
207 11 0 2.25
176 8 0 2.25
19 11 0 3.0
103 24 0 2.0
94 19 0 2.0
155 27 0 3.75
245 25 0 3.25
321 6 0 3.25
247 13 0 4.0
283 2 0 2.75
153 24 0 3.75
342 6 0 3.25
313 11 0 3.0
301 19 0 2.0
19 21 0 2.25
278 7 0 3.5
168 1 0 2.5
20 9 0 2.75
169 22 0 3.5
122 12 0 3.0
185 10 0 2.0
203 18 0 3.5
66 46 0 4.0
310 16 0 2.5
332 22 0 2.25
286 8 0 3.0
42 8 0 3.5
299 17 0 2.75
323 14 0 3.0
189 3 0 2.5
228 10 0 4.0
226 16 0 3.25
269 12 0 3.0
106 40 0 3.5
341 72 0 3.5
83 22 0 3.25
279 14 0 2.75
5 17 0 3.75
225 7 0 2.25
122 26 0 2.75
309 10 0 3.25
103 28 0 2.5
246 22 0 2.25
5 23 0 3.75
97 10 0 4.0
41 23 0 2.5
291 6 0 3.25
219 11 0 3.5
342 16 0 3.5
332 23 0 3.75
206 2 0 2.5
124 78 0 4.0
265 3 0 3.5
120 6 0 3.75
31 5 0 2.5
329 28 0 2.5
147 20 0 4.0
29 22 0 2.25
289 12 0 3.25
320 2 0 2.0
78 17 0 2.5
321 6 0 4.0
10 30 0 3.25
61 30 0 2.0
319 2 0 2.25
118 22 0 2.25
39 12 0 2.0
271 0 0 3.25
285 4 0 3.0
249 19 0 2.75
304 24 0 3.5
263 30 0 3.0
299 16 0 3.75
28 1 0 2.75
149 0 0 4.0
64 2 0 3.0
66 4 0 3.5
236 8 0 3.75
239 26 0 2.5
316 39 0 3.25
245 8 0 3.0
219 11 0 4.0
182 20 0 2.5
132 4 0 3.75
336 4 0 3.5
13 16 0 2.5
313 3 0 3.25
154 19 0 2.0
23 6 0 2.0
152 24 0 2.75
213 14 0 2.25
220 20 0 3.5
332 51 0 3.25
236 4 0 3.5
130 23 0 3.25
200 25 0 2.5
348 9 0 3.25
127 44 0 2.25
206 20 0 3.25
224 1 0 4.0
168 1 0 4.0
184 13 0 2.0
233 3 0 3.5
332 17 0 2.5
295 27 0 2.5
262 21 0 3.25
9 14 0 2.5
300 2 0 4.0
312 10 0 2.0
296 9 0 2.5
45 7 0 2.0
119 14 0 2.0
283 29 0 3.5
6 59 0 3.0
305 20 0 2.25
187 44 0 4.0
78 19 0 2.5
295 29 0 3.25
215 9 0 3.5
162 1 0 2.0
341 49 0 3.0
78 10 0 3.75
99 20 0 2.25
310 16 0 2.25
257 6 0 3.75
94 28 0 3.25
203 5 0 4.0
288 6 0 4.0
205 28 0 3.0
9 7 0 3.5
348 23 0 2.75
296 2 0 3.75
250 3 0 2.25
145 7 0 2.0
298 25 0 2.5
98 3 0 2.75
15 46 0 2.75
232 24 0 3.5
331 18 0 3.75
162 21 0 3.25
228 7 0 3.0
3 8 0 2.0
7 15 0 3.25
95 9 0 2.25
339 19 0 3.75
19 29 0 3.5
148 9 0 3.5
321 5 0 3.75
161 30 0 4.0
158 1 0 3.25
103 8 0 3.5
137 10 0 2.25
322 19 0 3.0
190 20 0 3.75
59 10 0 3.5
271 16 0 4.0
62 24 0 2.25
334 12 0 3.5
99 11 0 2.25
55 1 0 2.5
325 21 0 2.0
37 25 0 2.0
158 11 0 3.5
112 17 0 2.5
62 21 0 3.0
113 15 0 2.75
156 40 0 3.5
62 19 0 3.5
204 2 0 2.0
334 15 0 2.75
262 11 0 2.75
87 28 0 2.5
284 26 0 3.75
301 5 0 2.5
257 14 0 3.0
250 21 0 2.0
136 25 0 3.75
322 12 0 3.75
230 44 0 3.0
17 3 0 4.0
170 4 0 2.75
183 28 0 3.25
55 7 0 2.25
38 11 0 2.5
156 27 0 4.0
289 9 0 2.75
291 7 0 3.5
139 10 0 2.75
62 20 0 2.25
1 27 0 2.5
234 5 0 3.5
215 8 0 2.5
333 28 0 2.75
56 17 0 3.0
50 17 0 2.5
332 24 0 4.0
345 13 0 2.75
74 22 0 3.25
162 15 0 3.0
273 22 0 3.5
99 10 0 4.0
92 22 0 2.25
137 7 0 3.0
313 18 0 3.0
251 4 0 4.0
20 35 0 3.5
297 7 0 2.0
92 12 0 3.5
13 15 0 2.0
163 5 0 2.75
22 1 0 2.75
111 26 0 3.75
59 8 0 3.25
215 7 0 2.75
164 8 0 3.0
45 4 0 2.75
77 27 0 2.5
108 11 0 4.0
81 1 0 3.0
185 22 0 3.5
73 3 0 2.25
131 7 0 2.0
329 18 0 3.25
67 21 0 3.75
327 8 0 2.75
317 30 0 3.25
126 29 0 2.5
44 19 0 2.25
57 22 0 3.25
284 12 0 2.0
104 4 0 3.5
123 29 0 4.0
101 11 0 3.25
151 27 0 4.0
354 30 0 3.0
64 20 0 2.5
291 29 0 3.25
226 20 0 3.0
206 4 0 3.75
330 4 0 3.0
296 24 0 3.75
107 17 0 2.5
130 25 0 3.25
200 28 0 2.25
142 29 0 2.25
193 30 0 2.0
175 2 0 2.25
178 14 0 3.5
88 28 0 3.25
121 24 0 2.25
156 9 0 4.0
53 4 0 2.0
66 11 0 2.0
119 30 0 3.0
203 58 0 2.25
68 5 0 2.5
1 29 0 3.75
330 20 0 2.25
262 6 0 2.75
334 30 0 4.0
95 17 0 4.0
202 12 0 3.5
77 28 0 3.75
153 10 0 2.75
82 6 0 3.75
13 21 0 2.5
267 19 0 2.75
300 18 0 2.5
344 6 0 2.75
239 15 0 2.75
203 0 0 2.25
357 7 0 3.0
28 10 0 3.0
57 19 0 3.75
293 28 0 3.25
71 16 0 4.0
273 18 0 2.0
95 18 0 3.75
199 21 0 2.25
216 19 0 4.0
8 16 0 3.75
216 53 0 2.25
117 18 0 3.0
189 22 0 4.0
31 13 0 3.5
109 5 0 2.25
355 30 0 4.0
164 7 0 2.0
89 25 0 3.25
194 28 0 4.0
83 6 0 3.25
111 13 0 4.0
135 9 0 2.75
61 10 0 2.75
103 7 0 4.0
200 18 0 2.0
12 21 0 4.0
204 2 0 4.0
310 20 0 3.5
255 5 0 3.5
356 18 0 2.25
85 5 0 3.5
217 3 0 3.25
274 2 0 3.25
155 13 0 3.25
41 2 0 3.5
349 15 0 3.25
132 18 0 3.5
268 0 0 3.0
284 0 0 2.5
188 16 0 2.75
359 22 0 3.5
19 21 0 2.75
144 16 0 3.5
294 12 0 2.25
127 20 0 4.0
111 2 0 4.0
199 30 0 3.5
250 18 0 3.25
215 49 0 3.75
19 20 0 4.0
216 7 0 2.75
353 11 0 3.5
271 16 0 3.75
5 13 0 2.25
306 56 0 2.25
83 30 0 3.0
36 23 0 3.25
271 25 0 2.25
149 16 0 2.75
356 9 0 4.0
340 3 0 2.0
12 7 0 3.5
240 5 0 3.25
331 0 0 4.0
116 24 0 4.0
180 1 0 2.75
336 8 0 3.25
309 19 0 3.75
68 13 0 2.5
159 2 0 2.25
218 20 0 2.25
206 4 0 4.0
227 19 0 2.75
112 2 0 4.0
159 0 0 4.0
96 24 0 2.0
23 21 0 3.75
132 27 0 3.75
135 25 0 3.75
316 27 0 2.5
277 6 0 3.75
358 25 0 2.0
296 16 0 3.0
143 3 0 3.5
306 14 0 3.75
295 21 0 3.5
285 6 0 4.0
164 18 0 3.25
131 26 0 3.75
169 14 0 2.0
205 23 0 2.25
153 8 0 3.25
176 1 0 2.25
312 1 0 2.75
278 9 0 3.75
275 1 0 3.25
317 25 0 2.5
338 16 0 3.75
106 29 0 4.0
238 20 0 3.5
49 13 0 2.5
70 28 0 4.0
298 19 0 3.25
123 14 0 3.25
117 12 0 2.75
193 6 0 3.5
282 1 0 2.0
226 5 0 2.75
256 13 0 3.25
295 14 0 2.75
276 9 0 4.0
302 25 0 3.0
295 4 0 2.5
44 23 0 3.75
22 12 0 3.0
239 1 0 2.75
85 23 0 2.5
136 21 0 3.25
16 26 0 3.0
356 30 0 4.0
281 28 0 3.25
163 0 0 2.25
225 16 0 4.0
254 5 0 2.5
211 11 0 3.0
211 8 0 3.5
332 4 0 4.0
175 13 0 3.25
9 16 0 3.25
104 9 0 3.75
89 10 0 3.25
116 40 0 2.25
97 6 0 3.0
298 3 0 3.5
78 9 0 3.25
298 29 0 2.75
147 26 0 3.25
275 6 0 2.0
190 5 0 3.5
98 25 0 3.5
45 24 0 3.25
110 10 0 4.0
137 7 0 3.75
287 10 0 3.25
256 11 0 4.0
113 23 0 3.0
21 1 0 2.75
40 16 0 2.5
282 7 0 3.5
30 11 0 3.25
261 21 0 2.0
269 19 0 3.5
35 1 0 2.0
350 26 0 4.0
125 29 0 3.5
207 11 0 3.25
139 1 0 3.0
5 26 0 2.25
243 30 0 3.0
350 0 0 2.5
161 30 0 3.0
130 21 0 2.0
322 23 0 3.75
353 26 0 2.0
139 14 0 3.5
187 20 0 2.75
39 4 0 2.25
293 16 0 2.0
250 19 0 2.5
203 2 0 3.25
344 11 0 2.75
274 25 0 2.0
272 29 0 2.75
153 13 0 2.75
313 3 0 2.75
92 28 0 2.25
137 19 0 3.75
25 24 0 3.0
32 14 0 3.0
191 15 0 3.5
198 21 0 2.25
190 10 0 2.0
63 9 0 3.25
207 1 0 3.5
119 5 0 2.0
108 18 0 2.0
286 21 0 3.25
230 10 0 3.75
306 9 0 2.0
86 7 0 3.0
169 27 0 2.25
220 11 0 4.0
114 14 0 2.75
317 25 0 4.0
324 11 0 2.0
134 28 0 4.0
97 11 0 3.5
302 12 0 2.25
173 12 0 2.5
83 24 0 4.0
259 9 0 2.5
338 10 0 3.25
337 8 0 2.75
23 7 0 3.0
212 9 0 3.5
38 15 0 3.0
322 16 0 3.0
306 12 0 2.0
237 3 0 4.0
62 27 0 3.5
77 4 0 2.0
237 30 0 2.0
79 17 0 3.75
312 18 0 2.25
122 13 0 3.5
354 19 0 2.0
128 13 0 2.5
352 1 0 4.0
171 8 0 3.75
68 7 0 2.5
138 47 0 4.0
81 11 0 2.5
307 27 0 3.0
142 5 0 4.0
353 76 0 3.25
161 4 0 2.25
174 29 0 2.5
258 22 0 3.5
118 64 0 2.75
252 34 0 2.75
314 35 0 3.5
149 9 0 3.25
141 21 0 3.75
224 14 0 3.25
278 9 0 3.5
51 0 0 3.0
249 7 0 2.0
121 29 0 4.0
295 27 0 3.25
231 6 0 2.25
145 15 0 4.0
215 11 0 3.25
327 1 0 2.0
133 14 0 2.0
65 11 0 2.75
89 30 0 2.5
135 25 0 4.0
281 4 0 3.5
151 19 0 3.25
152 15 0 2.5
50 26 0 2.0
78 8 0 3.75
77 23 0 3.75
41 17 0 2.0
331 2 0 2.25
328 27 0 2.25
143 15 0 3.75
309 6 0 3.5
199 6 0 2.25
5 12 0 3.75
299 2 0 4.0
322 0 0 3.0
147 11 0 2.25
342 1 0 3.75
145 12 0 2.75
100 7 0 3.5
345 8 0 3.25
285 16 0 4.0
121 26 0 3.75
163 27 0 2.0
133 7 0 3.5
253 26 0 4.0
123 18 0 3.0
320 15 0 3.25
305 5 0 3.75
242 24 0 2.75
63 10 0 2.5
158 8 0 3.0
226 6 0 2.5
194 17 0 4.0
51 13 0 2.75
313 7 0 2.25
151 23 0 3.5
33 30 0 2.0
113 28 0 3.0
31 15 0 3.25
278 42 0 2.25
325 5 0 2.75
115 40 0 3.25
68 28 0 3.0
8 24 0 2.0
231 10 0 4.0
31 4 0 3.75
350 17 0 3.25
79 6 0 3.5
13 29 0 2.75
77 6 0 3.5
299 8 0 2.75
163 18 0 2.5
257 18 0 3.5
288 24 0 3.5
203 27 0 4.0
257 14 0 2.25
215 24 0 3.5
160 11 0 2.75
299 9 0 3.0
105 1 0 3.5
346 15 0 3.5
9 26 0 2.75
296 4 0 2.75
179 10 0 2.75
350 8 0 2.0
323 25 0 3.0
292 2 0 3.0
335 2 0 3.75
147 16 0 3.75
217 2 0 2.0
71 0 0 3.25
86 24 0 3.75
324 9 0 2.25
166 8 0 2.0
1 30 0 2.0
147 16 0 3.25
254 21 0 4.0
270 27 0 2.0
78 12 0 3.25
179 29 0 2.5
29 28 0 2.75
270 8 0 3.0
245 71 0 3.0
183 23 0 3.25
165 14 0 3.75
199 0 0 3.5
168 19 0 2.0
136 10 0 2.75
94 9 0 2.25
78 12 0 3.0
19 5 0 2.75
248 1 0 3.0
153 28 0 2.75
200 52 0 2.75
190 29 0 2.75
36 4 0 2.0
289 15 0 3.0
2 24 0 4.0
219 29 0 2.0
146 14 0 2.25
221 24 0 3.0
145 11 0 3.0
1 7 0 3.0
192 17 0 2.25
214 3 0 3.0
157 12 0 3.5
47 22 0 2.75
313 18 0 4.0
347 20 0 4.0
329 28 0 2.25
148 8 0 3.25
317 23 0 3.5
341 11 0 3.5
36 24 0 2.25
43 13 0 3.75
47 5 0 2.25
234 19 0 3.0
193 8 0 2.75
129 23 0 2.5
70 16 0 3.0
305 3 0 2.5
95 20 0 3.25
8 7 0 3.5
205 7 0 3.0
327 26 0 3.5
78 26 0 2.0
234 27 0 3.25
189 17 0 2.0
218 27 0 3.0
27 25 0 4.0
322 26 0 2.0
27 17 0 3.5
199 19 0 3.0
312 5 0 3.5
151 15 0 2.25
132 20 0 3.0
275 21 0 3.5
332 16 0 2.5
225 1 0 3.75
180 4 0 4.0
88 5 0 3.75
39 0 0 3.75
102 5 0 3.5
118 14 0 4.0
168 25 0 2.75
265 16 0 2.0
64 11 0 3.5
276 28 0 2.25
231 18 0 3.75
250 21 0 3.25
128 21 0 4.0
234 2 0 2.5
338 12 0 2.75
279 23 0 2.75
41 17 0 3.75
162 5 0 2.75
1 22 0 3.75
141 16 0 2.75
164 27 0 3.75
75 22 0 2.25
156 28 0 2.5
56 26 0 2.0
91 1 0 2.75
81 28 0 4.0
65 27 0 3.5
233 23 0 4.0
227 6 0 2.75
243 4 0 3.75
285 11 0 2.5
338 5 0 3.75
102 8 0 3.25
192 29 0 3.5
151 0 0 2.5
344 28 0 3.75
189 20 0 3.5
351 21 0 3.0
36 24 0 3.5
275 24 0 3.75
352 13 0 3.0
68 15 0 2.75
227 28 0 3.75
107 26 0 3.0
54 18 0 2.5
110 23 0 3.5
279 12 0 3.0
352 28 0 4.0
271 6 0 2.75
171 27 0 3.75
102 32 0 3.5
85 64 0 3.5
214 13 0 2.25
32 23 0 2.5
132 11 0 3.0
140 14 0 2.0
2 10 0 3.5
53 28 0 2.0
26 7 0 2.0
202 13 0 3.5
192 56 0 3.5
357 12 0 4.0
349 21 0 2.25
59 7 0 3.0
45 30 0 3.75
317 3 0 2.25
50 6 0 4.0
242 25 0 3.5
120 30 0 2.25
298 25 0 2.0
267 8 0 3.75
11 66 0 4.0
256 7 0 3.5
42 26 0 4.0
275 23 0 2.5
14 17 0 2.75
24 23 0 3.0
44 13 0 2.75
211 2 0 4.0
268 29 0 3.75
239 29 0 4.0
212 2 0 2.0
90 21 0 2.25
216 35 0 2.5
59 18 0 2.5
49 23 0 3.0
359 11 0 3.5
324 24 0 3.25
271 18 0 2.5
63 2 0 2.5
247 10 0 2.5
88 24 0 2.0
335 24 0 2.0
68 30 0 4.0
32 4 0 3.0
242 10 0 3.5
199 20 0 3.5
252 13 0 3.0
163 13 0 3.75
33 13 0 2.25
8 17 0 2.5
23 11 0 3.5
202 15 0 2.75
167 10 0 3.5
175 30 0 4.0
13 22 0 2.25
292 22 0 3.25
147 29 0 3.25
37 29 0 4.0
38 30 0 2.5
15 1 0 3.25
285 17 0 3.75
257 7 0 2.25
310 29 0 3.75
341 18 0 2.25
177 13 0 3.0
307 2 0 4.0
316 1 0 3.0
2 4 0 4.0
36 10 0 3.75
86 24 0 3.0
53 23 0 3.75
31 7 0 3.5
289 13 0 2.5
332 9 0 3.25
96 9 0 2.5
192 1 0 3.0
94 3 0 2.0
280 1 0 3.75
92 8 0 3.75
66 2 0 2.5
264 10 0 3.25
53 23 0 2.5
287 5 0 2.75
110 14 0 4.0
242 26 0 3.5
55 10 0 2.25
61 8 0 3.75
129 6 0 4.0
68 7 0 3.25
312 23 0 4.0
15 10 0 3.25
300 10 0 4.0
170 1 0 3.5
133 17 0 4.0
198 24 0 2.25
242 13 0 3.0
125 1 0 2.25
182 16 0 4.0
353 0 0 2.0
123 27 0 2.0
109 11 0 3.5
16 2 0 2.5
127 10 0 2.5
21 13 0 2.25
26 27 0 2.75
253 16 0 3.5
168 19 0 3.0
104 0 0 2.75
355 6 0 3.5
318 27 0 3.5
236 15 0 2.75
248 16 0 2.75
42 20 0 2.75
290 7 0 3.25
252 9 0 2.5
135 4 0 2.0
324 24 0 2.0
125 25 0 2.0
264 17 0 3.0
30 26 0 2.0
293 25 0 2.75
56 13 0 3.5
332 10 0 2.25
252 14 0 2.0
209 24 0 2.25
167 2 0 3.5
200 26 0 2.0
291 11 0 3.25
143 6 0 2.25
17 30 0 2.75
281 25 0 3.0
67 12 0 3.5
103 17 0 2.5
67 11 0 2.75
40 30 0 2.5
350 12 0 3.5
47 4 0 3.75
256 19 0 2.75
323 4 0 4.0
288 18 0 2.5
38 9 0 3.75
15 15 0 3.5
218 49 0 3.75
156 9 0 3.5
274 9 0 2.0
307 30 0 3.0
96 28 0 2.5
29 3 0 3.75
24 30 0 3.0
277 3 0 3.5
33 2 0 3.75
54 15 0 3.5
100 9 0 2.5
264 28 0 3.0
195 25 0 2.5
218 5 0 2.5
78 20 0 2.0
101 10 0 4.0
161 28 0 3.25
218 8 0 2.5
165 3 0 2.0
251 4 0 3.0
345 23 0 2.0
332 29 0 2.0
86 11 0 2.5
241 14 0 2.0
231 30 0 2.0
184 26 0 3.25
319 21 0 2.25
300 22 0 2.0
122 14 0 2.5
260 22 0 4.0
172 27 0 2.0
191 6 0 3.0
242 8 0 3.5
13 10 0 2.5
336 22 0 3.5
181 7 0 2.0
282 2 0 4.0
353 26 0 4.0
201 28 0 2.25
94 13 0 3.0
281 19 0 2.25
83 21 0 3.5
141 9 0 2.5
55 13 0 3.5
147 42 0 3.5
307 30 0 2.5
254 17 0 3.0
167 58 0 4.0
45 21 0 3.25
198 30 0 3.5
194 36 0 3.0
29 16 0 2.0
71 4 0 2.0
313 3 0 2.0
99 9 0 3.25
12 29 0 3.0
192 5 0 3.0
359 12 0 3.0
180 11 0 2.25
332 9 0 3.5
346 9 0 3.0
359 23 0 3.5
340 9 0 2.25
222 4 0 3.0
249 49 0 2.25
174 50 0 3.25
263 20 0 3.75
156 26 0 4.0
161 25 0 2.5
292 28 0 2.5
208 12 0 2.5
335 16 0 2.5
120 25 0 4.0
262 6 0 3.0
350 23 0 2.75
286 4 0 2.5
208 26 0 3.25
104 12 0 3.25
136 20 0 2.0
198 8 0 3.0
179 6 0 3.75
317 2 0 3.75
235 28 0 2.0
314 8 0 2.25
342 27 0 3.75
352 28 0 3.5
39 8 0 2.75
34 27 0 2.75
101 25 0 3.0
107 23 0 2.0
147 8 0 3.25
31 16 0 4.0
209 7 0 3.25
42 29 0 4.0
134 6 0 2.75
173 12 0 2.0
113 13 0 3.5
326 1 0 3.5
332 17 0 3.25
176 8 0 2.5
129 3 0 3.0
85 10 0 4.0
234 5 0 3.75
86 4 0 3.5
160 14 0 4.0
194 20 0 2.75
125 2 0 3.5
183 6 0 3.25
88 28 0 4.0
340 20 0 2.5
54 16 0 3.0
37 11 0 2.0
77 27 0 2.0
172 12 0 3.75
328 15 0 2.5
263 18 0 2.25
197 34 0 3.25
349 14 0 3.25
76 21 0 3.0
61 13 0 2.75
51 34 0 2.5
326 5 0 3.0
35 29 0 3.75
250 0 0 3.25
186 14 0 2.5
199 10 0 4.0
333 1 0 2.5
121 36 0 2.5
29 27 0 3.25
53 26 0 2.5
193 13 0 3.0
222 8 0 3.75
324 17 0 3.5
215 12 0 4.0
148 1 0 2.5
51 28 0 3.5
56 26 0 3.75
66 17 0 3.5
60 21 0 2.5
19 22 0 2.0
59 21 0 4.0
142 3 0 3.75
58 30 0 3.25
294 20 0 2.75
229 27 0 3.0
279 12 0 2.25
246 17 0 2.5
70 26 0 4.0
225 15 0 4.0
330 9 0 3.75
333 12 0 3.25
207 21 0 4.0
308 10 0 2.25
181 27 0 2.5
254 0 0 3.25
266 2 0 3.25
329 18 0 2.0
292 38 0 4.0
144 20 0 4.0
74 22 0 3.0
18 12 0 3.75
147 15 0 2.5
95 3 0 3.75
39 10 0 2.0
137 11 0 3.5
16 20 0 2.75
202 11 0 2.0
353 28 0 2.5
225 1 0 2.75
104 17 0 2.75
211 4 0 3.0
56 11 0 2.75
9 1 0 2.5
65 13 0 2.0
249 28 0 2.75
205 1 0 2.25
196 23 0 2.0
68 8 0 3.75
53 14 0 2.0
140 15 0 2.75
110 2 0 2.5
125 0 0 3.25
351 16 0 3.0
292 8 0 2.5
34 30 0 2.0
63 2 0 3.25
193 14 0 2.0
94 29 0 4.0
215 13 0 3.5
44 3 0 3.0
282 8 0 2.0
345 1 0 2.5
39 0 0 2.5
75 3 0 4.0
166 12 0 3.0
40 6 0 3.75
160 22 0 2.25
339 8 0 2.25
176 9 0 2.75
73 24 0 3.5
294 23 0 2.0
165 3 0 3.5
172 16 0 3.75
128 27 0 2.75
112 13 0 3.0
171 26 0 2.0
176 29 0 3.0
22 44 0 2.25
34 12 0 4.0
137 30 0 3.5
305 22 0 2.5
175 16 0 3.0
316 13 0 3.25
173 19 0 2.0
208 14 0 2.75
310 30 0 2.75
195 1 0 4.0
302 5 0 2.25
179 16 0 2.75
171 17 0 4.0
148 12 0 2.5
211 1 0 2.5
306 8 0 3.0
317 6 0 2.0
253 8 0 2.75
354 11 0 2.5
38 22 0 3.75
236 28 0 2.25
249 44 0 2.75
138 18 0 3.25
261 5 0 2.5
106 1 0 4.0
46 23 0 3.25
138 30 0 2.0
250 14 0 3.25
332 30 0 3.25
25 7 0 3.25
239 18 0 2.5
269 23 0 2.75
109 1 0 4.0
262 58 0 3.75
48 18 0 4.0
304 3 0 3.75
22 4 0 2.75
253 4 0 2.0
155 12 0 2.75
213 12 0 4.0
133 1 0 3.5
128 10 0 2.0
266 19 0 3.0
197 12 0 4.0
269 21 0 2.25
137 29 0 2.75
328 22 0 3.75
267 13 0 4.0
82 5 0 3.0
30 29 0 3.75
150 7 0 3.0
293 16 0 2.5
46 17 0 3.0
308 18 0 3.75
329 29 0 3.0
261 24 0 2.75
84 29 0 2.0
357 1 0 3.25
226 19 0 2.75
84 4 0 3.25
264 27 0 2.75
211 6 0 3.0
250 7 0 2.25
284 0 0 2.75
58 13 0 3.5
104 23 0 2.0
355 6 0 4.0
191 26 0 2.0
88 16 0 2.0
357 7 0 3.75
314 9 0 3.25
106 7 0 2.5
8 9 0 2.25
18 28 0 2.5
28 26 0 3.0
245 21 0 3.25
118 24 0 3.0
294 25 0 2.75
130 4 0 2.75
137 16 0 3.0
120 22 0 2.5
357 10 0 3.25
268 20 0 2.25
192 18 0 2.0
288 19 0 3.0
46 10 0 2.25
244 5 0 4.0
228 9 0 2.75
138 12 0 2.5
87 13 0 4.0
330 23 0 3.0
152 21 0 4.0
320 10 0 3.0
266 5 0 3.0
34 26 0 3.0
180 18 0 2.75
144 21 0 2.25
346 15 0 2.5
84 0 0 2.75
251 21 0 2.5
27 6 0 3.0
86 5 0 2.0
161 17 0 2.5
349 6 0 3.75
31 5 0 3.25
249 15 0 2.25
295 4 0 2.0
329 11 0 2.0
316 7 0 3.0
154 25 0 2.5
318 6 0 4.0
36 12 0 2.0
81 2 0 2.75
167 21 0 3.0
135 15 0 2.0
247 1 0 3.25
72 16 0 3.25
101 0 0 2.25
172 35 0 2.5
122 24 0 3.5
101 5 0 2.75
284 13 0 3.75
289 0 0 2.5
55 27 0 3.5
96 15 0 2.5
159 0 0 2.5
257 1 0 2.5
51 9 0 4.0
305 0 0 4.0
17 7 0 2.5
359 20 0 2.5
343 3 0 3.5
66 11 0 2.75
223 26 0 2.5
4 23 0 2.75
253 3 0 3.5
227 26 0 3.5
9 13 0 2.5
256 5 0 3.75
237 9 0 4.0
244 10 0 3.5
23 13 0 2.75
352 26 0 3.5
320 15 0 3.75
334 11 0 4.0
315 26 0 2.25
324 24 0 3.75
119 22 0 4.0
288 17 0 2.0
9 15 0 3.75
172 3 0 2.25
25 29 0 3.0
160 1 0 2.0
262 28 0 4.0
346 8 0 3.25
176 14 0 2.0
355 1 0 2.5
33 5 0 3.75
220 6 0 3.0
211 9 0 3.5
321 4 0 3.0
291 18 0 3.0
304 23 0 3.75
214 1 0 2.5
28 18 0 3.25
146 27 0 4.0
62 13 0 2.0
182 30 0 3.5
153 15 0 2.75
170 1 0 4.0
242 8 0 3.75
94 10 0 3.0
25 26 0 3.75
187 5 0 2.75
292 2 0 4.0
275 12 0 2.25
34 57 0 2.25
75 22 0 2.75
143 14 0 3.0
236 11 0 2.5
223 2 0 3.5
205 17 0 2.25
62 14 0 4.0
41 26 0 3.5
2 28 0 2.0
236 28 0 4.0
292 20 0 3.0
156 11 0 3.5
352 11 0 2.5
104 12 0 4.0
68 2 0 3.0
273 9 0 4.0
158 11 0 2.25
30 14 0 2.75
72 30 0 2.25
243 1 0 3.0
150 20 0 3.75
308 57 0 2.5
172 24 0 4.0
343 21 0 3.0
334 4 0 2.25
136 2 0 3.75
117 60 0 3.25
78 3 0 3.5
320 26 0 2.0
83 4 0 2.0
308 43 0 2.75
299 19 0 3.25
292 18 0 3.25
279 33 0 3.5
101 13 0 3.0
155 30 0 3.25
301 25 0 2.25
81 13 0 2.75
171 4 0 2.5
90 9 0 3.25
317 26 0 2.75
63 12 0 2.75
124 15 0 2.75
146 8 0 3.5
344 28 0 3.5
209 17 0 3.75
151 0 0 3.75
258 28 0 2.75
265 5 0 2.0
93 21 0 2.75
337 28 0 2.5
156 22 0 2.0
12 6 0 2.5
37 26 0 2.0
268 13 0 3.5
218 24 0 4.0
48 29 0 2.5
236 5 0 2.5
73 7 0 2.0
277 4 0 2.0
136 30 0 2.0
198 18 0 2.5
29 57 0 2.25
161 24 0 2.25
193 15 0 3.75
142 25 0 3.5
345 5 0 2.25
259 5 0 2.0
234 28 0 3.5
110 17 0 2.5
258 23 0 2.25
283 16 0 2.5
51 25 0 3.25
296 30 0 3.75
26 10 0 2.75
348 16 0 3.75
326 29 0 3.25
357 10 0 2.25
15 62 0 3.0
13 18 0 4.0
117 12 0 4.0
318 16 0 4.0
148 5 0 3.25
220 30 0 3.0
278 21 0 3.25
266 23 0 3.25
200 26 0 2.75
168 13 0 3.75
118 4 0 3.5
273 25 0 2.5
32 3 0 2.25
69 4 0 2.75
160 4 0 4.0
187 10 0 2.75
249 27 0 3.25
102 26 0 2.5
172 24 0 3.75
72 9 0 4.0
134 43 0 3.75
69 9 0 2.5
239 16 0 2.0
288 19 0 3.25
158 21 0 3.5
48 18 0 2.25
310 14 0 3.25
179 13 0 3.75
247 28 0 2.5
231 3 0 3.5
195 14 0 3.5
119 17 0 2.5
70 23 0 2.5
110 14 0 2.25
74 18 0 4.0
337 0 0 4.0
39 18 0 3.5
256 25 0 2.75
242 10 0 2.25
271 7 0 2.5
98 10 0 3.5
237 20 0 3.0
231 26 0 3.0
336 10 0 3.5
130 7 0 3.25
61 20 0 3.75
167 30 0 2.0
224 22 0 3.5
68 5 0 3.5
123 30 0 2.0
190 19 0 4.0
232 19 0 4.0
163 14 0 2.0
198 16 0 2.25
282 30 0 2.75
157 15 0 2.75
173 16 0 2.0
324 2 0 3.75
226 20 0 2.75
14 38 0 4.0
178 6 0 4.0
99 12 0 3.25
25 25 0 2.5
150 16 0 2.0
11 52 0 2.75
48 0 0 3.75
276 9 0 3.75
204 27 0 2.75
4 20 0 3.75
228 6 0 4.0
334 12 0 3.75
302 10 0 2.5
81 29 0 2.0
290 8 0 2.75
217 4 0 3.25
112 19 0 2.75
89 21 0 2.5
211 20 0 3.0
291 29 0 2.75
181 10 0 2.75
169 21 0 3.25
341 17 0 4.0
318 15 0 2.25
284 26 0 2.0
169 5 0 3.75
92 30 0 2.5
173 27 0 2.75
98 18 0 2.75
111 5 0 3.25
177 25 0 2.0
237 26 0 3.0
188 3 0 2.25
84 3 0 3.25
83 12 0 3.0
153 2 0 4.0
239 20 0 2.5
150 3 0 4.0
236 7 0 2.75
57 29 0 3.5
286 8 0 3.25
10 13 0 3.75
212 16 0 3.5
168 23 0 3.25
330 29 0 3.75
124 47 0 3.75
314 23 0 2.0
286 19 0 2.5
249 11 0 3.75
157 6 0 2.0
34 4 0 2.0
170 27 0 2.5
140 20 0 3.75
33 1 0 4.0
142 19 0 2.75
233 10 0 2.5
67 16 0 3.5
244 9 0 3.75
275 9 0 3.25
131 30 0 3.5
304 16 0 3.5
182 24 0 4.0
36 9 0 2.75
67 5 0 3.0
93 23 0 2.25
345 20 0 2.25
188 10 0 3.0
263 30 0 3.25
183 5 0 2.5
73 28 0 3.0
61 20 0 2.5
302 6 0 2.0
253 10 0 2.25
277 17 0 2.75
3 9 0 3.25
4 29 0 2.0
186 22 0 3.5
73 12 0 4.0
136 15 0 2.0
308 4 0 2.0
299 17 0 3.75
32 22 0 2.0
219 4 0 4.0
303 10 0 3.5
115 10 0 3.0
95 29 0 2.25
307 16 0 2.25
225 30 0 3.0
325 20 0 2.0
91 27 0 2.0
245 12 0 3.75
285 19 0 3.75
224 6 0 2.25
85 21 0 2.25
339 12 0 2.0
177 10 0 3.75
211 27 0 3.75
265 24 0 2.0
128 26 0 3.75
178 17 0 2.75
324 14 0 3.0
119 5 0 2.75
99 3 0 2.0
344 14 0 3.75
43 3 0 3.25
61 3 0 3.25
118 31 0 4.0
92 21 0 2.75
125 40 0 3.0
149 17 0 3.25
245 15 0 2.75
176 29 0 3.75
236 13 0 2.25
69 16 0 2.25
113 0 0 2.75
307 12 0 4.0
107 13 0 3.5
304 27 0 2.75
245 28 0 3.25
248 25 0 4.0
293 24 0 2.75
92 22 0 3.5
319 4 0 3.0
10 13 0 2.5
182 20 0 3.0
280 30 0 2.75
146 28 0 3.75
117 22 0 3.0
144 23 0 2.5
80 26 0 2.5
338 16 0 4.0
18 1 0 4.0
265 20 0 3.25
54 23 0 2.75
130 15 0 2.25
313 30 0 3.75
230 14 0 3.5
45 5 0 2.0
344 25 0 2.25
167 5 0 2.5
140 25 0 3.75
302 5 0 4.0
236 10 0 2.5
2 28 0 4.0
34 12 0 2.75
12 30 0 2.5
118 12 0 2.0
64 27 0 3.75
307 22 0 2.25
205 24 0 2.75
325 13 0 2.25
54 21 0 3.0
80 18 0 3.75
354 9 0 3.5
245 0 0 4.0
228 21 0 3.0
51 14 0 2.5
320 30 0 2.25
265 3 0 3.75
305 21 0 2.0
122 27 0 3.0
317 45 0 3.75
125 27 0 2.5
8 12 0 2.5
258 29 0 2.0
223 29 0 3.25
355 19 0 4.0
73 1 0 3.75
345 7 0 2.0
330 27 0 3.5
132 14 0 4.0
279 24 0 3.5
106 23 0 2.0
146 14 0 3.75
180 21 0 3.25
290 7 0 3.75
14 20 0 4.0
82 27 0 2.0
139 28 0 2.25
201 24 0 4.0
101 16 0 3.0
357 9 0 3.5
10 3 0 4.0
43 15 0 4.0
18 2 0 3.0
147 30 0 3.0
174 10 0 2.25
147 8 0 3.0
198 6 0 2.25
173 22 0 4.0
31 21 0 3.25
42 2 0 4.0
261 27 0 2.0
54 9 0 4.0
348 18 0 3.5
266 7 0 3.5
44 26 0 3.25
30 8 0 2.75
201 28 0 3.75
56 18 0 3.0
68 15 0 3.25
324 2 0 4.0
244 3 0 2.5
347 16 0 4.0
144 17 0 2.75
295 6 0 2.25
266 4 0 3.75
109 30 0 3.75
90 14 0 2.5
31 26 0 3.75
323 6 0 2.0
321 20 0 3.25
198 0 0 2.75
251 13 0 2.75
166 53 0 2.75
358 8 0 2.25
305 14 0 4.0
238 5 0 2.25
7 14 0 3.25
87 10 0 3.0
295 64 0 4.0
305 8 0 2.5
157 3 0 3.0
299 5 0 2.25
240 27 0 2.0
337 17 0 3.75
145 9 0 2.5
320 16 0 3.0
78 17 0 3.5
3 27 0 2.25
130 20 0 2.25
207 13 0 3.5
167 30 0 3.5
116 36 0 2.25
43 18 0 4.0
38 28 0 3.75
233 6 0 4.0
284 23 0 2.75
74 16 0 2.5
296 15 0 3.5
111 3 0 3.75
122 20 0 2.75
152 0 0 2.5
332 27 0 3.5
148 15 0 2.5
63 16 0 3.5
100 1 0 3.75
194 5 0 2.5
74 14 0 2.25
249 2 0 2.25
333 27 0 2.25
234 29 0 3.0
30 20 0 3.25
297 16 0 3.0
248 8 0 4.0
348 11 0 3.25
159 24 0 2.5
115 9 0 2.75
277 16 0 3.75
289 24 0 3.25
28 23 0 3.5
119 2 0 2.25
157 55 0 2.25
266 30 0 3.25
47 15 0 2.0
47 8 0 2.5
19 28 0 3.0
293 38 0 4.0
27 27 0 2.75
143 5 0 4.0
104 24 0 2.0
62 23 0 3.5
17 27 0 3.75
307 12 0 2.0
344 17 0 4.0
75 9 0 3.5
109 25 0 2.75
155 6 0 3.75
148 53 0 2.0
264 6 0 3.0
321 15 0 3.0
294 21 0 3.0
87 23 0 2.0
223 7 0 2.5
215 1 0 3.5
207 19 0 3.5
343 30 0 2.25
151 16 0 3.0
43 15 0 2.25
70 14 0 3.0
6 26 0 2.0
95 21 0 2.5
184 7 0 3.75
356 25 0 2.0
211 19 0 3.5
270 13 0 4.0
46 25 0 4.0
120 4 0 3.5
121 23 0 3.0
207 6 0 3.5
123 2 0 2.75
185 20 0 2.5
198 11 0 2.25
91 29 0 3.5
189 69 0 3.25
177 12 0 3.25
58 21 0 2.25
166 14 0 2.25
277 21 0 2.75
332 26 0 2.5
161 19 0 2.75
203 18 0 3.25
70 28 0 3.25
73 2 0 4.0
321 1 0 3.75
153 18 0 2.75
105 13 0 3.75
354 20 0 2.5
20 24 0 2.25
175 14 0 2.75
36 6 0 2.75
76 19 0 3.25
303 23 0 2.75
82 17 0 3.0
315 21 0 2.75
18 23 0 2.75
268 16 0 2.0
28 27 0 3.75
170 2 0 2.5
56 23 0 4.0
20 9 0 2.5
329 30 0 3.75
31 27 0 3.0
108 16 0 2.5
66 7 0 2.75
127 7 0 4.0
100 5 0 2.0
121 15 0 3.5
125 43 0 3.0
99 3 0 4.0
303 18 0 3.25
246 2 0 3.5
206 17 0 3.75
199 19 0 3.5
307 2 0 3.0
167 29 0 3.0
129 43 0 3.25
232 8 0 4.0
270 24 0 2.5
187 3 0 3.0
56 23 0 3.0
72 9 0 3.25
354 2 0 3.75
66 17 0 4.0
119 8 0 3.0
33 8 0 3.25
77 27 0 3.0
5 25 0 4.0
201 4 0 3.75
93 20 0 2.75
115 22 0 3.5
76 10 0 3.5
177 22 0 4.0
0 9 0 3.75
304 19 0 4.0
196 23 0 4.0
150 24 0 3.75
297 28 0 2.25
355 29 0 2.5
166 7 0 2.0
304 20 0 2.5
321 15 0 3.25
256 0 0 3.5
132 7 0 3.5
245 27 0 3.75
344 27 0 4.0
256 7 0 3.75
262 22 0 2.0
144 29 0 3.25
40 15 0 2.5
3 4 0 2.0
147 9 0 3.75
64 1 0 3.75
227 22 0 2.5
90 4 0 3.0
191 23 0 4.0
291 10 0 3.25
92 16 0 3.0
57 7 0 2.25
187 0 0 3.75
338 29 0 3.25
119 23 0 2.0
36 1 0 3.75
13 11 0 3.75
254 17 0 2.75
163 10 0 3.75
90 2 0 3.75
39 11 0 2.5
152 9 0 4.0
270 3 0 2.0
207 5 0 4.0
63 22 0 2.5
58 17 0 3.25
113 24 0 2.0
26 23 0 4.0
265 19 0 2.0
327 0 0 4.0
47 21 0 3.0
341 5 0 3.0
201 12 0 2.0
202 28 0 2.75
339 6 0 3.75
252 21 0 3.75
250 15 0 3.75
123 19 0 3.0
30 12 0 3.25
192 23 0 2.0
251 26 0 3.0
31 7 0 3.25
312 30 0 4.0
246 3 0 4.0
37 24 0 3.75
180 30 0 3.5
142 20 0 2.5
165 26 0 2.25
187 15 0 3.0
302 13 0 2.75
75 8 0 2.75
342 28 0 2.0
2 19 0 3.75
344 0 0 3.5
284 3 0 2.25
140 8 0 2.75
32 24 0 4.0
133 22 0 2.5
59 16 0 3.0
61 13 0 3.5
213 2 0 3.5
132 23 0 3.0
291 4 0 2.75
46 24 0 2.5
159 30 0 3.0
158 14 0 2.5
39 1 0 2.5
337 15 0 3.5
149 7 0 2.25
352 11 0 3.75
165 4 0 4.0
83 16 0 2.5
235 7 0 2.0
33 11 0 4.0
256 3 0 2.5
46 18 0 3.0
212 28 0 2.5
169 4 0 3.5
96 29 0 2.0
13 17 0 2.25
256 19 0 2.25
103 24 0 3.0
91 23 0 2.25
261 10 0 2.75
285 30 0 2.0
141 22 0 3.0
179 7 0 3.75
27 7 0 3.5
359 15 0 2.25
69 13 0 3.5
120 15 0 2.5
328 19 0 4.0
57 8 0 2.0
278 12 0 2.25
231 4 0 2.0
214 10 0 3.0
92 18 0 3.75
240 8 0 2.25
55 14 0 3.5
340 22 0 2.75
270 9 0 2.25
99 20 0 3.25
92 42 0 2.0
263 5 0 3.0
108 20 0 2.5
42 9 0 2.25
180 8 0 4.0
80 12 0 3.25
126 25 0 4.0
46 3 0 2.5
144 18 0 2.25
24 3 0 2.25
272 7 0 3.0
102 6 0 2.5
204 29 0 2.5
68 57 0 2.0
42 9 0 3.5
169 1 0 2.25
322 30 0 3.0
216 20 0 2.25
120 28 0 4.0
91 0 0 2.5
146 1 0 2.25
40 27 0 3.5
63 15 0 3.5
186 5 0 3.0
309 7 0 3.0
31 28 0 2.0
93 57 0 2.25
45 26 0 3.25
314 0 0 3.25
81 19 0 3.5
196 2 0 3.25
333 15 0 4.0
61 17 0 2.25
151 17 0 2.0
182 29 0 3.75
337 1 0 2.0
284 5 0 3.0
18 17 0 2.25
211 27 0 2.5
291 17 0 4.0
279 2 0 2.75
278 23 0 2.0
69 4 0 3.0
206 30 0 3.75
238 3 0 2.25
142 51 0 2.75
28 11 0 3.75
359 15 0 3.75
16 18 0 3.5
335 7 0 2.75
43 19 0 3.75
58 0 0 3.75
288 20 0 3.25
18 29 0 3.5
317 15 0 3.0
115 11 0 4.0
302 4 0 3.25
169 30 0 2.75
57 12 0 2.0
123 23 0 2.0
262 15 0 3.75
29 21 0 3.25
43 0 0 3.5
263 16 0 3.0
353 16 0 3.25
246 11 0 2.75
146 4 0 2.75
324 10 0 3.25
188 12 0 3.75
307 18 0 3.25
343 18 0 2.5
83 15 0 4.0
70 18 0 3.25
239 3 0 2.75
277 36 0 3.25
320 7 0 2.0
143 1 0 2.25
158 12 0 2.5
86 25 0 2.75
253 7 0 3.25
273 21 0 2.25
21 8 0 3.5
202 28 0 3.5
269 23 0 3.0
155 30 0 4.0
312 10 0 2.75
21 10 0 3.25
53 21 0 2.25
248 11 0 3.5
133 22 0 3.0
66 9 0 2.75
20 0 0 3.25
44 16 0 3.25
283 23 0 3.25
190 18 0 2.75
353 11 0 3.0
80 4 0 4.0
300 12 0 3.25
159 28 0 3.75
324 30 0 2.75
317 35 0 3.75
32 17 0 3.25
174 20 0 3.5
348 0 0 2.0
262 48 0 3.0
106 27 0 2.5
307 7 0 3.25
255 19 0 4.0
158 14 0 3.25
348 29 0 4.0
250 15 0 3.5
264 23 0 3.5
248 6 0 2.0
29 15 0 2.25
124 8 0 2.75
138 28 0 4.0
260 35 0 2.25
21 27 0 3.25
240 18 0 2.25
27 22 0 3.5
120 22 0 3.25
76 11 0 4.0
30 29 0 2.0
267 5 0 3.75
42 16 0 3.25
79 23 0 2.5
58 8 0 2.25
80 23 0 3.5
286 8 0 3.5
22 16 0 2.25
257 14 0 2.5
281 26 0 3.0
305 17 0 3.5
206 8 0 3.25
51 21 0 3.0
158 7 0 2.0
107 2 0 2.25
229 0 0 2.0
257 25 0 2.25
184 29 0 2.75
76 20 0 3.0
178 13 0 2.0
297 21 0 3.75
90 29 0 3.25
1 0 0 2.5
313 21 0 2.0
142 18 0 3.0
249 20 0 3.25
136 19 0 4.0
108 1 0 2.0
86 7 0 3.5
185 6 0 3.0
131 16 0 4.0
262 16 0 2.75
325 4 0 4.0
143 7 0 2.5
37 29 0 3.75
143 8 0 2.25
160 20 0 2.25
225 26 0 3.25
298 2 0 3.5
116 11 0 2.75
145 57 0 2.0
91 19 0 3.75
22 9 0 3.5
160 22 0 3.25
218 4 0 3.75
27 25 0 3.25
37 15 0 4.0
353 21 0 3.5
239 13 0 3.75
10 8 0 2.5
209 16 0 2.5
150 2 0 2.0
221 23 0 3.75
139 8 0 3.75
222 7 0 2.0
205 26 0 2.25
224 4 0 3.0
177 9 0 3.0
314 20 0 3.75
312 18 0 3.75
287 5 0 3.25
195 5 0 4.0
166 5 0 2.5
229 22 0 3.75
112 20 0 3.25
0 1 0 3.75
111 18 0 2.5
343 17 0 2.25
67 16 0 4.0
83 14 0 2.75
222 11 0 4.0
82 10 0 3.0
16 13 0 4.0
295 24 0 2.25
290 26 0 3.0
34 46 0 3.0
277 21 0 2.0
224 1 0 3.25
351 22 0 3.5
216 12 0 2.0
8 13 0 2.0
171 21 0 2.75
24 13 0 3.0
199 21 0 3.5
292 30 0 3.25
52 26 0 2.0
217 21 0 3.25
175 14 0 3.5
115 4 0 2.25
140 2 0 3.0
260 5 0 3.0
184 29 0 2.5
324 10 0 3.75
285 15 0 3.0
168 2 0 3.0
14 8 0 2.5
113 28 0 3.75
78 9 0 3.5
339 10 0 3.5
266 2 0 2.25
171 20 0 2.25
199 33 0 2.5
142 5 0 2.5
261 4 0 2.0
53 3 0 3.5
153 21 0 2.0
136 1 0 3.0
162 22 0 2.0
346 14 0 2.75
233 6 0 2.5
261 24 0 3.75
219 17 0 4.0
147 28 0 2.5
344 2 0 2.25
273 12 0 2.0
18 12 0 2.25
228 17 0 3.0
87 14 0 2.75
256 0 0 3.0
11 2 0 3.75
47 24 0 3.25
230 3 0 2.0
10 14 0 3.5
74 13 0 3.25
300 4 0 2.75
351 75 0 2.25
182 29 0 2.5
175 3 0 2.75
6 13 0 2.5
221 10 0 2.25
102 18 0 2.5
35 26 0 4.0
79 45 0 3.75
325 26 0 2.75
79 18 0 2.75
320 4 0 4.0
325 13 0 3.25
190 19 0 3.25
274 3 0 2.75
262 17 0 2.75
332 22 0 3.25
248 29 0 2.25
50 7 0 4.0
267 18 0 2.75
251 0 0 3.25
1 49 0 3.25
142 1 0 3.75
149 6 0 3.5
305 21 0 4.0
186 45 0 4.0
281 23 0 2.75
330 15 0 2.0
103 53 0 2.75
9 30 0 2.5
239 6 0 2.25
331 28 0 3.0
244 3 0 4.0
133 3 0 2.0
90 30 0 2.5
224 19 0 3.25
343 7 0 2.0
64 20 0 2.25
59 8 0 3.75
198 12 0 2.5
241 22 0 2.25
322 4 0 2.0
287 8 0 3.5
359 4 0 4.0
54 7 0 3.0
69 0 0 2.25
124 22 0 3.25
210 18 0 2.25
189 0 0 3.5
338 10 0 4.0
215 20 0 3.25
321 22 0 2.0
118 13 0 3.25
174 4 0 2.25
181 24 0 4.0
115 10 0 3.5
242 12 0 3.25
199 22 0 2.25
293 25 0 3.0
111 0 0 3.0
92 1 0 2.75
14 30 0 4.0
83 17 0 4.0
32 29 0 3.0
325 10 0 3.25
348 25 0 3.5
145 4 0 3.0
78 4 0 2.5
320 17 0 4.0
133 24 0 3.75
179 10 0 2.0
296 47 0 4.0
353 12 0 2.0
138 0 0 2.75
30 24 0 3.5
148 5 0 3.5
30 19 0 2.0
39 7 0 2.75
239 18 0 2.25
31 0 0 2.75
317 24 0 2.5
146 3 0 2.25
143 7 0 2.0
201 17 0 3.25
225 9 0 2.0
170 1 0 2.75
331 30 0 2.75
89 7 0 4.0
279 2 0 2.0
22 17 0 2.75
337 0 0 2.5
258 6 0 3.0
68 11 0 2.0
17 2 0 3.5
238 28 0 2.0
174 14 0 3.5
304 21 0 2.25
14 0 0 3.25
204 20 0 2.25
99 25 0 2.25
151 6 0 2.5
128 5 0 3.5
248 27 0 2.5
122 7 0 2.5
23 27 0 3.25
93 21 0 4.0
173 15 0 2.0
282 9 0 4.0
35 26 0 3.25
134 7 0 4.0
306 20 0 2.75
330 26 0 3.0
336 3 0 3.75
209 5 0 2.5
357 12 0 2.5
33 18 0 4.0
29 29 0 4.0
342 29 0 2.25
236 8 0 2.0
353 17 0 3.0
25 30 0 4.0
243 22 0 3.75
333 2 0 3.5
236 3 0 2.25
191 45 0 2.25
121 20 0 2.0
187 8 0 4.0
20 25 0 3.5
86 11 0 2.25
53 25 0 3.0
258 21 0 2.75
223 2 0 3.0
249 1 0 3.25
122 51 0 2.0
162 3 0 3.5
120 4 0 3.75
247 19 0 3.5
66 7 0 3.5
249 29 0 2.0
259 4 0 3.25
18 22 0 2.0
245 14 0 2.25
95 0 0 2.75
134 21 0 3.25
255 17 0 3.0
52 26 0 3.75
92 13 0 2.0
273 17 0 2.0
175 2 0 2.5
251 22 0 3.5
10 18 0 2.25
335 8 0 2.75
199 16 0 3.75
119 4 0 4.0
292 4 0 2.0
10 10 0 4.0
292 30 0 3.75
91 21 0 2.5
196 8 0 4.0
335 1 0 4.0
222 17 0 2.25
176 11 0 3.25
15 30 0 3.5
341 20 0 3.5
258 14 0 4.0
245 9 0 3.5
220 27 0 3.5
77 17 0 3.0
255 18 0 3.5
32 3 0 3.75
269 13 0 3.0
145 27 0 2.75
254 27 0 3.75
54 9 0 2.75
174 15 0 3.25
67 2 0 2.25
47 1 0 2.75
324 3 0 2.75
52 2 0 3.5
319 28 0 4.0
104 28 0 3.5
322 17 0 2.75
244 11 0 3.75
162 11 0 3.5
258 24 0 2.0
187 9 0 2.5
37 14 0 2.25
335 5 0 2.5
138 14 0 4.0
226 0 0 3.25
198 11 0 2.0
243 4 0 2.5
217 16 0 2.0
89 9 0 2.75
258 57 0 2.75
147 24 0 2.5
163 17 0 3.75
213 27 0 2.25
242 11 0 2.0
265 23 0 3.5
24 8 0 3.25
5 19 0 2.25
106 25 0 3.25
332 16 0 3.25
149 14 0 2.75
51 16 0 3.75
224 1 0 2.0
161 2 0 2.25
303 72 0 2.5
46 19 0 3.75
284 10 0 3.5
14 6 0 3.5
327 30 0 4.0
250 11 0 3.0
218 4 0 2.75
340 6 0 4.0
348 27 0 3.0
250 10 0 3.5
41 64 0 3.25
16 6 0 4.0
199 8 0 3.25
239 10 0 3.25
22 66 0 2.25
160 13 0 2.75
208 6 0 3.75
82 11 0 2.5
21 29 0 2.25
323 22 0 2.75
136 8 0 3.25
249 27 0 3.75
173 10 0 3.25
116 11 0 3.0
268 27 0 3.5
192 8 0 3.75
58 12 0 3.5
14 4 0 3.25
48 26 0 2.0
86 3 0 2.5
164 12 0 2.75
205 8 0 3.25
90 17 0 3.5
309 14 0 2.5
105 34 0 2.0
308 40 0 4.0
283 4 0 3.0
35 2 0 3.5
70 27 0 2.75
271 30 0 2.75
155 3 0 3.5
265 13 0 2.25
238 7 0 3.5
94 5 0 2.0
4 15 0 3.5
18 28 0 3.0
162 21 0 3.5
0 15 0 3.5
95 22 0 3.75
141 18 0 2.5
102 27 0 3.0
103 24 0 3.75
193 11 0 3.5
354 11 0 3.0
73 22 0 4.0
58 26 0 4.0
106 24 0 3.5
67 21 0 2.5
356 22 0 3.0
330 2 0 2.25
108 28 0 3.75
128 17 0 3.75
151 3 0 3.0
38 8 0 2.0
98 30 0 2.25
243 6 0 2.5
178 1 0 3.0
40 29 0 2.0
333 2 0 2.25
248 13 0 3.5
347 5 0 3.0
167 18 0 3.75
330 6 0 2.75
250 18 0 3.5
184 1 0 2.75
196 21 0 3.0
76 5 0 3.75
286 22 0 2.75
228 18 0 3.75
98 22 0 2.5
259 0 0 3.75
115 26 0 2.5
9 28 0 2.75
274 0 0 3.25
356 18 0 3.0
230 18 0 3.0
308 20 0 3.75
220 18 0 2.75
267 7 0 4.0
119 10 0 3.5
196 28 0 2.5
160 8 0 2.25
213 6 0 2.5
310 28 0 3.75
203 8 0 2.25
51 17 0 2.25
109 2 0 2.25
139 21 0 4.0
358 7 0 2.0
31 8 0 2.5
270 28 0 2.5
111 22 0 2.75
206 6 0 2.75
124 2 0 3.0
96 13 0 3.75
9 26 0 2.5
237 29 0 3.0
229 26 0 2.5
86 18 0 3.75
103 6 0 2.75
242 28 0 2.75
341 5 0 2.0
283 18 0 2.75
155 1 0 2.0
39 28 0 4.0
175 20 0 3.75
64 20 0 2.0
147 4 0 2.0
278 5 0 2.25
253 80 0 2.0
138 21 0 3.25
164 13 0 2.0
185 15 0 2.25
53 9 0 3.75
306 0 0 2.75
127 30 0 2.25
113 19 0 2.25
292 29 0 2.5
286 14 0 2.75
55 0 0 2.25
359 24 0 2.0
276 12 0 2.0
214 30 0 3.0
342 1 0 2.5
205 26 0 2.5
281 19 0 3.5
144 22 0 2.25
177 2 0 2.75
306 2 0 2.5
171 23 0 2.25
151 19 0 2.25
294 13 0 4.0
238 5 0 3.0
101 18 0 3.25
335 30 0 2.5
62 27 0 3.75
234 19 0 4.0
142 12 0 2.0
66 0 0 3.75
353 28 0 2.0
318 19 0 3.5
62 0 0 2.75
7 21 0 2.0
240 9 0 2.75
206 9 0 3.75
171 29 0 4.0
146 25 0 2.5
217 5 0 3.25
159 6 0 4.0
203 62 0 3.75
59 28 0 3.5
303 56 0 2.0
126 27 0 3.0
81 7 0 4.0
110 29 0 4.0
72 46 0 2.5
25 10 0 2.5
192 18 0 3.5
213 10 0 3.5
92 9 0 3.0
324 69 0 2.25
37 23 0 4.0
9 22 0 2.25
15 7 0 3.25
105 0 0 3.25
112 24 0 2.75
346 2 0 2.75
5 23 0 3.0
77 1 0 2.75
195 13 0 2.25
276 15 0 3.0
347 15 0 2.5
212 17 0 3.25
217 5 0 4.0
297 12 0 3.5
249 20 0 3.75
340 30 0 3.75
221 62 0 4.0
237 36 0 2.75
295 4 0 3.25
70 11 0 4.0
81 1 0 2.5
119 12 0 2.5
24 1 0 2.25
6 28 0 2.25
342 10 0 3.75
71 14 0 3.5
268 15 0 2.5
135 18 0 3.0
258 7 0 2.0
259 25 0 2.75
192 10 0 2.25
346 13 0 4.0
200 56 0 3.0
71 4 0 2.5
280 0 0 3.0
100 4 0 2.0
10 18 0 3.75
135 27 0 2.25
343 0 0 2.5
352 13 0 2.5
30 23 0 3.5
54 13 0 4.0
354 27 0 3.25
22 7 0 3.0
250 13 0 2.0
17 4 0 2.75
59 2 0 2.5
314 4 0 2.75
32 26 0 4.0
352 10 0 2.5
187 21 0 2.25
175 15 0 4.0
25 15 0 2.25
40 0 0 3.5
354 30 0 2.75
224 9 0 2.0
140 20 0 2.5
91 7 0 2.25
268 4 0 3.75
121 15 0 2.5
204 13 0 2.5
274 10 0 2.0
224 17 0 2.25
76 22 0 2.25
10 11 0 3.25
283 48 0 2.25
88 21 0 2.25
104 21 0 4.0
219 14 0 2.25
33 4 0 2.5
168 23 0 4.0
232 23 0 2.5
250 1 0 3.25
29 30 0 3.0
45 21 0 2.5
147 17 0 2.75
194 19 0 2.75
347 6 0 3.0
317 4 0 2.75
282 30 0 3.0
106 1 0 3.25
141 24 0 4.0
31 19 0 3.25
300 19 0 3.25
81 1 0 4.0
144 3 0 2.75
233 51 0 3.75
112 8 0 4.0
353 30 0 3.25
116 30 0 2.5
159 1 0 3.0
159 6 0 3.0
153 1 0 2.75
76 7 0 4.0
302 27 0 3.25
70 24 0 3.5
315 13 0 2.5
158 24 0 3.5
191 23 0 2.75
95 14 0 2.0
146 0 0 3.0
138 7 0 2.5
226 17 0 4.0
63 20 0 4.0
49 30 0 3.0
95 17 0 2.25
39 0 0 2.75
327 8 0 3.0
299 16 0 3.0
115 29 0 2.5
138 25 0 4.0
70 30 0 4.0
256 12 0 2.75
153 25 0 2.25
297 29 0 2.5
127 25 0 4.0
248 6 0 3.5
66 16 0 3.25
210 29 0 3.0
285 26 0 2.25
146 20 0 3.75
294 9 0 3.0
285 25 0 2.75
331 10 0 2.5
58 7 0 3.75
123 16 0 3.0
42 26 0 3.75
219 21 0 3.5
354 11 0 3.25
18 29 0 2.75
107 28 0 3.5
287 30 0 3.0
19 25 0 2.25
316 9 0 2.25
343 1 0 3.5
43 5 0 4.0
163 13 0 3.25
43 6 0 2.0
21 21 0 2.5
219 17 0 3.25
26 13 0 3.25
47 9 0 4.0
258 17 0 2.25
12 0 0 4.0
334 2 0 3.25
95 10 0 2.5
162 29 0 4.0
348 1 0 2.5
78 18 0 4.0
343 0 0 3.75
220 13 0 4.0
330 15 0 4.0
270 8 0 3.75
136 4 0 3.25
33 21 0 3.75
216 13 0 2.0
176 14 0 3.5
230 28 0 3.5
11 14 0 2.0
236 10 0 3.0
191 21 0 2.25
43 7 0 3.0
228 23 0 3.75
119 1 0 3.25
56 2 0 2.25
299 15 0 2.0
86 15 0 2.25
209 12 0 2.5
105 2 0 3.25
319 7 0 3.25
326 0 0 4.0
312 1 0 3.75
17 21 0 2.75
164 26 0 2.25
7 6 0 3.75
63 14 0 4.0
23 8 0 4.0
95 5 0 3.25
13 11 0 4.0
302 18 0 2.25
207 55 0 4.0
312 4 0 3.5
297 57 0 3.0
117 17 0 2.25
174 26 0 3.5
193 10 0 3.25
20 34 0 3.25
12 15 0 2.75
35 15 0 3.25
18 24 0 3.25
339 25 0 4.0
104 14 0 2.75
183 59 0 3.75
323 5 0 3.75
354 8 0 2.25
178 8 0 4.0
312 23 0 2.5
229 3 0 3.5
147 20 0 3.75
196 4 0 2.25
190 30 0 3.75
27 1 0 3.25
62 16 0 3.75
219 30 0 3.0
226 11 0 3.5
37 0 0 3.75
53 2 0 2.5
39 8 0 3.75
148 22 0 2.0
164 33 0 4.0
207 2 0 4.0
325 24 0 3.25
130 18 0 2.75
335 19 0 2.5
33 24 0 3.75
300 25 0 3.75
48 14 0 2.0
84 4 0 3.0
203 27 0 2.0
162 18 0 2.25
328 2 0 3.5
142 0 0 2.0
38 27 0 3.75
257 17 0 3.75
33 5 0 2.5
271 24 0 4.0
160 28 0 2.75
138 15 0 2.0
207 4 0 4.0
323 19 0 4.0
245 19 0 3.0
226 12 0 4.0
234 8 0 2.25
321 17 0 2.75
103 27 0 2.5
259 15 0 4.0
266 29 0 3.75
227 21 0 3.5
299 16 0 2.0
0 20 0 3.5
165 24 0 3.0
41 14 0 2.25
28 10 0 3.5
252 10 0 2.0
350 28 0 3.5
250 4 0 2.0
160 27 0 3.0
124 28 0 3.0
187 25 0 3.25
279 2 0 3.25
347 4 0 4.0
303 13 0 3.75
96 0 0 2.25
65 25 0 2.0
88 1 0 2.5
51 39 0 2.5
140 3 0 3.25
17 22 0 3.75
341 10 0 3.75
96 11 0 2.25
129 20 0 3.5
153 6 0 3.25
230 0 0 2.25
155 28 0 3.5
161 17 0 2.75
65 25 0 3.25
244 25 0 3.75
33 5 0 2.25
243 3 0 2.0
72 18 0 2.75
256 30 0 3.25
219 4 0 2.75
33 22 0 3.0
140 14 0 2.5
297 15 0 2.5
194 30 0 4.0
236 9 0 3.5
12 5 0 3.75
305 25 0 2.25
274 20 0 3.25
153 20 0 3.5
340 15 0 4.0
77 21 0 3.75
97 2 0 2.75
16 26 0 3.5
183 8 0 3.75
316 28 0 2.75
358 26 0 2.75
290 13 0 3.25
336 12 0 3.25
149 4 0 2.0
110 8 0 2.5
124 9 0 2.25
199 19 0 2.75
116 0 0 2.0
56 25 0 2.75
263 8 0 3.25
128 14 0 3.75
150 17 0 3.0
146 10 0 3.0
123 36 0 4.0
230 1 0 2.25
179 22 0 4.0
173 8 0 3.75
16 18 0 2.75
32 20 0 3.25
96 22 0 3.0
159 6 0 2.5
50 48 0 2.0
133 23 0 2.25
153 3 0 3.25
272 12 0 2.5
105 24 0 2.0
169 29 0 2.75
49 12 0 3.75
334 7 0 2.25
176 9 0 2.0
215 19 0 2.25
221 23 0 2.5
189 29 0 2.5
22 1 0 4.0
162 21 0 2.0
317 2 0 2.0
172 18 0 4.0
197 24 0 4.0
220 30 0 4.0
320 28 0 2.75
301 9 0 2.5
17 28 0 3.75
329 2 0 3.75
32 22 0 3.75
192 35 0 3.5
42 15 0 2.5
274 9 0 3.75
270 14 0 2.25
25 15 0 2.75
287 19 0 2.0
58 5 0 2.75
158 8 0 3.25
210 4 0 2.0
61 11 0 2.5
97 20 0 3.0
326 19 0 2.5
114 25 0 3.5
347 4 0 3.5
65 7 0 3.25
50 22 0 2.5
76 4 0 2.0
282 22 0 3.0
35 43 0 2.25
137 25 0 2.75
221 0 0 3.0
43 13 0 2.0
121 26 0 3.0
170 34 0 2.5
264 7 0 3.5
149 11 0 2.75
199 29 0 3.0
355 19 0 3.25
251 26 0 2.75
258 6 0 2.75
94 16 0 2.25
242 12 0 2.5
12 12 0 3.75
83 51 0 2.0
324 28 0 4.0
150 30 0 2.5
66 1 0 4.0
42 8 0 4.0
287 15 0 4.0
124 22 0 2.25
2 2 0 3.75
290 13 0 2.0
259 8 0 4.0
262 8 0 3.25
284 11 0 2.25
242 15 0 2.5
327 10 0 3.5
62 13 0 2.25
275 13 0 3.5
246 22 0 2.5
149 14 0 3.25
193 3 0 2.5
182 14 0 2.5
128 24 0 3.25
111 11 0 3.75
6 15 0 4.0
2 20 0 2.25
19 1 0 2.5
356 28 0 2.75
105 33 0 2.5
81 20 0 2.5
150 30 0 2.75
75 37 0 4.0
157 17 0 2.25
81 23 0 2.75
255 21 0 3.5
136 19 0 3.0
106 5 0 3.0
144 22 0 3.25
259 25 0 3.25
210 14 0 2.0
330 28 0 3.0
288 16 0 3.25
258 5 0 3.0
136 13 0 3.0
234 9 0 3.25
235 11 0 3.0
284 13 0 4.0
82 19 0 2.75
117 25 0 3.75
236 1 0 2.5
194 1 0 3.25
11 1 0 3.25
32 29 0 2.25
17 8 0 2.5
164 27 0 2.25
150 12 0 2.25
233 5 0 2.0
104 9 0 2.5
337 5 0 3.25
137 20 0 3.25
99 19 0 3.0
305 22 0 3.25
45 25 0 2.25
348 22 0 3.75
30 14 0 3.75
72 4 0 2.75
100 26 0 4.0
107 19 0 3.75
357 9 0 3.25
219 7 0 3.75
42 18 0 2.75
178 21 0 4.0
193 16 0 3.0
218 4 0 3.25
221 14 0 2.25
241 14 0 3.5
2 5 0 2.5
180 28 0 4.0
340 9 0 3.25
235 19 0 2.75
226 27 0 2.25
215 7 0 2.5
285 9 0 3.0
23 14 0 2.75
96 7 0 3.0
304 9 0 3.0
322 29 0 4.0
164 8 0 3.5
14 22 0 3.0
253 27 0 2.75
292 13 0 4.0
79 12 0 2.5
301 0 0 2.25
229 0 0 2.5
97 7 0 2.5
307 10 0 3.0
262 19 0 3.5
124 27 0 3.25
3 26 0 4.0
301 5 0 3.5
251 12 0 2.75
28 22 0 3.25
325 24 0 4.0
338 4 0 4.0
234 12 0 2.25
164 23 0 3.75
201 9 0 2.75
235 48 0 3.25
282 15 0 3.0
83 10 0 2.5
118 19 0 2.25
306 26 0 2.25
15 26 0 2.5
94 21 0 2.25
24 14 0 3.75
167 23 0 3.5
336 17 0 2.5
176 0 0 4.0
171 28 0 2.0
17 22 0 3.0
120 5 0 2.5
92 0 0 3.0
341 27 0 2.0
244 18 0 2.5
63 11 0 2.5
122 22 0 2.0
26 24 0 2.5
37 29 0 3.25
187 14 0 3.0
75 21 0 3.25
355 17 0 2.75
322 4 0 2.25
192 22 0 2.25
323 15 0 3.5
256 16 0 4.0
317 43 0 3.25
175 14 0 2.0
161 14 0 4.0
158 19 0 3.5
181 13 0 3.0
189 1 0 2.5
356 13 0 3.5
32 16 0 4.0
109 2 0 3.75
164 24 0 2.0
341 7 0 3.0
328 9 0 3.0
241 13 0 2.5
113 21 0 3.0
164 20 0 2.75
234 30 0 3.0
154 28 0 3.0
272 8 0 3.25
205 4 0 4.0
342 6 0 3.5
206 41 0 2.0
244 67 0 2.25
215 3 0 2.75
45 27 0 3.75
55 30 0 3.25
26 21 0 4.0
147 19 0 2.25
301 13 0 3.25
157 1 0 2.25
152 19 0 2.5
71 1 0 2.0
57 30 0 3.0
238 27 0 3.75
98 30 0 2.5
192 14 0 2.5
26 1 0 3.25
206 10 0 2.75
57 22 0 3.75
208 10 0 3.5
217 16 0 4.0
336 15 0 3.5
124 24 0 2.0
32 1 0 2.75
220 1 0 3.0
61 11 0 3.25
273 11 0 3.25
61 18 0 3.25
351 41 0 2.25
11 16 0 3.25
262 23 0 2.75
157 16 0 3.75
228 20 0 2.0
265 24 0 3.0
8 25 0 2.25
61 12 0 2.5
133 29 0 3.5
271 18 0 3.0
111 21 0 3.25
336 2 0 2.25
100 28 0 2.0
196 3 0 2.5
342 2 0 3.5
126 10 0 3.25
147 22 0 3.0
137 14 0 3.75
167 7 0 2.75
17 30 0 3.0
304 22 0 2.0
212 23 0 3.75
136 27 0 3.75
166 24 0 3.0
315 10 0 2.75
38 19 0 3.75
222 8 0 3.5
332 23 0 2.0
187 0 0 3.5
181 22 0 3.25
128 15 0 3.75
45 3 0 4.0
36 30 0 4.0
65 13 0 4.0
76 24 0 2.0
40 75 0 3.25
210 8 0 3.0
56 11 0 2.5
298 22 0 2.75
73 8 0 3.25
337 30 0 2.0
232 9 0 3.25
208 24 0 2.0
10 10 0 3.0
118 5 0 3.25
225 15 0 3.25
186 15 0 2.0
258 10 0 3.75
4 3 0 2.0
294 24 0 2.0
200 12 0 3.0
279 19 0 3.75
144 22 0 2.0
304 27 0 3.75
343 6 0 3.25
263 28 0 2.0
124 18 0 2.25
0 19 0 3.5
102 5 0 2.0
103 5 0 2.75
192 7 0 2.0
105 6 0 3.5
310 30 0 2.25
130 27 0 3.5
354 26 0 2.75
326 24 0 4.0
69 19 0 2.5
258 28 0 4.0
78 25 0 3.5
189 28 0 2.0
61 24 0 3.0
33 10 0 2.0
168 22 0 2.0
277 24 0 2.25
352 24 0 3.25
13 25 0 3.5
