238 1 0 3.0
144 30 0 4.0
231 8 0 3.0
226 7 0 1.5
127 -31 0 3.0
116 29 0 2.75
65 29 0 1.75
263 14 0 1.75
1 14 0 3.0
138 18 0 2.75
145 9 0 1.5
74 12 0 4.0
307 17 0 3.75
80 -21 0 4.0
25 -10 0 2.5
297 15 0 3.0
235 21 0 2.75
290 11 0 4.0
350 26 0 1.75
49 16 0 1.75
82 12 0 3.0
255 20 0 2.0
162 13 0 2.5
226 20 0 1.75
82 12 0 3.5
242 26 0 2.5
93 11 0 2.5
133 22 0 2.5
165 67 0 4.0
229 20 0 3.5
22 18 0 3.5
305 47 0 3.75
157 3 0 3.0
258 18 0 4.0
120 26 0 1.75
248 -7 0 3.0
262 16 0 3.25
251 1 0 3.5
83 24 0 2.25
274 0 0 3.5
110 10 0 4.0
199 3 0 3.75
71 7 0 3.75
92 24 0 3.0
158 8 0 3.75
69 19 0 3.75
86 3 0 1.5
109 1 0 2.0
250 9 0 1.75
34 10 0 2.25
241 5 0 3.0
69 26 0 3.5
111 30 0 2.75
306 26 0 3.25
26 -29 0 2.75
320 4 0 2.0
299 21 0 4.0
20 1 0 3.5
280 0 0 2.5
237 -29 0 4.0
171 30 0 3.0
257 16 0 3.0
68 13 0 3.75
43 26 0 3.25
132 18 0 2.5
305 19 0 2.0
355 28 0 2.75
168 22 0 2.75
243 6 0 3.5
189 75 0 2.25
291 23 0 2.5
247 24 0 3.0
306 7 0 2.75
349 6 0 2.75
60 11 0 3.25
221 27 0 3.25
51 27 0 3.5
178 15 0 3.75
294 29 0 2.25
183 19 0 4.0
267 2 0 1.75
217 21 0 2.75
302 18 0 3.75
167 17 0 2.0
298 30 0 2.5
263 1 0 1.75
33 20 0 4.0
148 -17 0 2.0
92 19 0 1.5
225 5 0 1.75
131 15 0 1.5
286 25 0 3.0
189 1 0 2.5
165 6 0 3.0
128 9 0 3.5
18 26 0 4.0
210 15 0 3.0
160 23 0 2.5
292 -3 0 3.25
243 26 0 2.25
108 1 0 2.5
281 -39 0 2.75
11 18 0 2.25
142 69 0 2.5
24 22 0 3.5
21 -27 0 3.25
235 22 0 2.25
132 29 0 1.5
290 -11 0 2.0
30 25 0 3.0
147 3 0 2.5
335 19 0 1.75
335 19 0 3.75
52 11 0 1.5
30 10 0 3.25
219 11 0 2.0
139 17 0 3.0
291 22 0 2.0
237 1 0 4.0
355 -8 0 3.75
172 20 0 1.75
296 28 0 1.75
99 2 0 2.25
99 29 0 1.5
257 4 0 1.75
237 11 0 2.25
111 25 0 2.0
180 18 0 1.5
273 7 0 2.25
106 15 0 3.0
117 18 0 3.5
24 13 0 2.25
137 25 0 4.0
90 1 0 1.5
67 10 0 3.0
329 25 0 2.75
157 25 0 3.0
325 27 0 1.75
61 27 0 2.75
270 11 0 3.25
56 58 0 1.75
218 43 0 3.75
128 11 0 1.5
340 49 0 4.0
101 24 0 1.75
84 25 0 2.75
8 19 0 4.0
277 38 0 1.75
167 6 0 3.75
256 26 0 3.0
48 -47 0 1.5
18 55 0 2.25
41 23 0 3.75
168 26 0 3.5
123 28 0 2.75
280 12 0 2.75
24 17 0 3.75
128 4 0 3.75
233 13 0 3.5
173 7 0 3.0
213 11 0 1.75
329 17 0 2.0
18 19 0 2.5
287 27 0 1.75
350 19 0 4.0
291 7 0 3.0
333 3 0 3.0
270 1 0 2.0
321 17 0 1.75
117 12 0 2.25
183 23 0 2.5
66 27 0 2.25
165 30 0 1.75
233 10 0 3.5
4 28 0 1.5
343 24 0 3.25
118 15 0 2.5
90 24 0 2.75
1 22 0 3.75
120 8 0 1.5
52 2 0 3.5
137 13 0 4.0
230 14 0 3.25
301 26 0 3.75
334 13 0 1.5
103 28 0 2.5
294 8 0 2.75
1 -2 0 1.75
181 5 0 1.5
155 -24 0 2.5
37 5 0 1.5
148 29 0 2.5
333 13 0 2.25
305 41 0 3.75
5 15 0 3.75
118 6 0 4.0
211 18 0 4.0
207 30 0 3.25
108 60 0 3.5
135 8 0 2.25
27 21 0 1.5
103 30 0 2.75
105 22 0 2.25
124 17 0 2.75
204 23 0 2.5
193 8 0 2.75
113 0 0 4.0
326 24 0 2.5
289 14 0 3.75
290 24 0 4.0
340 10 0 1.75
313 12 0 3.25
216 9 0 4.0
158 3 0 3.5
173 24 0 3.25
205 14 0 2.25
263 4 0 3.25
267 4 0 2.5
355 8 0 3.75
224 23 0 4.0
34 14 0 3.5
292 -2 0 3.75
177 25 0 2.0
265 19 0 3.75
32 28 0 2.25
337 5 0 2.5
80 16 0 1.5
22 29 0 3.25
274 -2 0 1.75
134 3 0 1.75
260 12 0 2.0
291 9 0 2.5
131 9 0 2.0
213 -30 0 3.25
204 25 0 3.5
175 4 0 2.0
142 8 0 2.0
322 13 0 2.75
125 10 0 2.0
333 45 0 3.0
244 26 0 3.5
354 31 0 1.75
254 28 0 2.75
108 15 0 1.5
42 1 0 1.5
65 18 0 2.75
89 27 0 2.25
212 28 0 2.75
40 9 0 4.0
93 77 0 2.75
121 3 0 2.5
139 26 0 2.5
274 19 0 1.75
162 73 0 1.75
130 13 0 2.0
54 0 0 3.75
16 4 0 2.75
89 27 0 3.0
274 71 0 2.0
90 16 0 3.25
16 8 0 4.0
121 7 0 3.75
48 17 0 3.5
6 16 0 1.75
81 30 0 4.0
231 21 0 3.0
50 19 0 2.0
350 9 0 2.5
200 11 0 1.75
212 -10 0 2.5
205 27 0 4.0
227 20 0 3.5
152 13 0 2.0
62 22 0 3.5
126 4 0 2.5
324 7 0 1.75
52 8 0 3.25
186 8 0 1.5
277 29 0 3.0
314 8 0 2.75
235 24 0 2.75
291 0 0 2.75
315 7 0 2.25
164 7 0 3.0
214 3 0 3.75
150 8 0 3.5
37 2 0 3.25
13 25 0 3.0
49 28 0 2.75
215 27 0 3.25
113 38 0 1.5
130 5 0 3.75
15 27 0 4.0
23 2 0 2.25
94 1 0 2.75
149 5 0 3.0
325 4 0 1.5
183 50 0 4.0
348 26 0 3.25
269 14 0 2.0
238 15 0 3.75
277 18 0 4.0
70 1 0 2.5
43 1 0 1.5
51 14 0 2.0
342 -46 0 4.0
77 73 0 2.25
243 14 0 3.5
287 0 0 1.5
108 -5 0 2.0
74 28 0 2.25
82 15 0 3.5
342 12 0 3.75
205 78 0 3.0
286 19 0 1.5
189 24 0 4.0
19 8 0 3.5
131 23 0 1.75
14 20 0 2.75
353 20 0 2.75
307 12 0 3.25
4 19 0 1.75
186 2 0 4.0
245 -20 0 2.5
194 14 0 2.0
176 28 0 1.5
319 1 0 1.75
356 -21 0 3.0
270 -23 0 2.0
261 26 0 1.5
39 29 0 3.25
288 17 0 2.5
44 17 0 1.5
33 32 0 4.0
171 1 0 2.0
216 9 0 2.25
166 28 0 1.75
307 4 0 2.25
177 20 0 2.25
254 55 0 2.75
262 18 0 3.25
320 21 0 3.0
171 10 0 2.75
66 8 0 3.5
228 12 0 2.0
83 22 0 2.5
297 8 0 2.25
25 3 0 3.5
304 17 0 2.25
338 -8 0 3.0
15 -24 0 2.25
7 11 0 3.5
298 2 0 3.75
29 11 0 3.25
27 13 0 3.5
112 -4 0 2.0
94 6 0 3.25
342 1 0 2.75
73 17 0 2.0
264 -11 0 3.75
186 8 0 2.25
259 5 0 1.75
200 11 0 2.75
303 3 0 3.75
262 18 0 3.0
234 27 0 2.5
292 -25 0 4.0
105 -7 0 2.0
9 29 0 3.25
157 -22 0 3.75
306 -25 0 3.25
228 10 0 3.5
10 35 0 2.5
318 -35 0 4.0
162 20 0 2.25
4 -19 0 3.75
6 5 0 2.75
274 1 0 2.5
284 28 0 1.75
262 21 0 1.75
202 5 0 2.25
69 -22 0 1.75
191 24 0 3.75
216 15 0 3.25
171 26 0 3.75
66 14 0 4.0
116 16 0 3.25
215 20 0 3.75
328 5 0 4.0
40 20 0 1.5
311 5 0 2.0
2 -31 0 3.5
193 18 0 1.5
63 30 0 1.5
131 14 0 2.5
358 19 0 1.5
269 19 0 2.0
61 13 0 3.25
190 17 0 3.75
106 23 0 3.75
134 59 0 2.25
95 1 0 2.0
268 29 0 3.75
345 15 0 3.25
261 2 0 3.5
11 29 0 3.25
23 17 0 4.0
173 43 0 3.0
66 28 0 1.5
268 0 0 1.5
30 20 0 2.0
206 5 0 2.25
169 7 0 2.25
116 1 0 2.25
114 23 0 2.5
120 2 0 2.5
165 8 0 3.75
84 33 0 2.5
210 20 0 2.0
25 4 0 2.5
28 9 0 4.0
275 8 0 2.25
198 9 0 2.5
353 24 0 1.75
300 13 0 3.75
60 3 0 2.75
320 20 0 2.5
66 26 0 1.5
294 0 0 2.5
75 12 0 2.0
253 25 0 3.25
166 19 0 3.75
149 23 0 1.75
167 12 0 2.75
72 13 0 2.0
274 -28 0 2.25
163 16 0 1.5
265 4 0 3.25
10 28 0 3.25
20 1 0 2.5
358 17 0 2.75
303 -22 0 2.5
337 22 0 3.75
265 28 0 2.0
358 14 0 3.75
332 26 0 4.0
157 13 0 2.25
127 -19 0 3.75
5 6 0 2.0
192 -7 0 2.75
284 18 0 3.5
340 54 0 2.0
247 1 0 4.0
90 23 0 2.5
259 17 0 3.75
339 11 0 2.75
294 0 0 3.25
147 25 0 2.25
246 2 0 2.0
14 25 0 3.75
348 15 0 1.75
61 22 0 3.25
294 13 0 3.75
72 28 0 2.5
213 21 0 3.0
178 12 0 3.25
352 4 0 3.75
242 2 0 2.75
294 8 0 2.5
5 20 0 3.5
267 10 0 3.75
256 2 0 3.75
269 25 0 1.5
20 30 0 2.25
38 -15 0 2.75
228 30 0 3.0
96 6 0 4.0
50 40 0 4.0
208 13 0 3.25
108 -29 0 1.5
46 2 0 3.5
325 19 0 2.75
41 6 0 1.5
48 6 0 3.75
183 37 0 1.5
257 15 0 2.75
216 56 0 2.75
328 1 0 3.75
99 27 0 3.75
290 9 0 4.0
159 15 0 1.75
7 1 0 1.5
45 28 0 1.5
245 28 0 2.5
206 26 0 3.5
348 13 0 2.5
47 29 0 3.5
352 30 0 1.75
161 23 0 1.5
230 14 0 1.5
15 24 0 2.75
240 29 0 2.0
71 -11 0 2.5
21 1 0 3.75
84 24 0 1.75
231 -22 0 2.25
316 -16 0 3.5
192 11 0 2.75
7 27 0 2.25
176 18 0 3.5
342 25 0 2.25
1 -18 0 2.0
78 11 0 3.75
312 28 0 3.5
175 30 0 2.5
91 15 0 2.25
30 52 0 1.75
96 15 0 4.0
20 6 0 1.75
179 0 0 1.5
36 -4 0 3.0
324 11 0 3.25
0 15 0 4.0
7 11 0 2.75
328 9 0 1.75
97 23 0 3.75
228 26 0 1.75
131 16 0 3.75
5 28 0 3.25
335 10 0 2.75
58 17 0 2.5
255 7 0 1.75
58 19 0 2.5
341 17 0 2.75
320 5 0 2.0
55 13 0 3.5
141 4 0 3.75
42 21 0 1.75
233 19 0 1.5
269 1 0 4.0
63 14 0 3.5
89 23 0 3.5
15 17 0 4.0
327 23 0 2.25
202 8 0 3.25
348 13 0 3.75
249 30 0 3.25
161 19 0 2.75
30 14 0 1.5
142 17 0 1.75
356 18 0 2.75
139 18 0 4.0
71 23 0 3.5
105 21 0 3.25
338 25 0 2.0
193 6 0 2.0
249 10 0 2.0
339 27 0 2.5
323 26 0 2.5
49 14 0 1.5
154 8 0 2.25
37 2 0 3.75
65 20 0 4.0
284 1 0 1.75
105 17 0 2.25
135 6 0 3.5
255 24 0 2.25
338 9 0 2.0
255 22 0 2.75
5 20 0 3.75
38 6 0 1.75
350 22 0 3.0
137 -16 0 4.0
248 18 0 2.5
34 29 0 2.25
143 4 0 1.5
27 23 0 1.75
226 8 0 2.5
197 13 0 2.75
209 25 0 3.5
62 1 0 3.75
125 19 0 3.5
118 26 0 1.5
149 8 0 2.5
66 8 0 1.75
96 10 0 3.25
64 19 0 4.0
276 16 0 1.75
7 30 0 1.5
359 23 0 2.75
315 19 0 3.0
123 3 0 3.25
357 18 0 2.25
19 8 0 3.25
207 3 0 1.5
137 77 0 3.0
230 -27 0 3.5
306 30 0 3.75
109 14 0 4.0
13 21 0 3.5
307 27 0 3.25
48 9 0 3.25
103 6 0 4.0
24 7 0 1.5
351 25 0 3.0
253 28 0 1.5
299 30 0 3.25
64 21 0 3.0
262 27 0 3.5
179 17 0 1.5
348 27 0 2.5
266 1 0 2.75
233 23 0 2.5
13 30 0 3.5
194 -29 0 2.0
294 19 0 1.75
63 12 0 3.25
189 19 0 4.0
38 11 0 3.5
279 2 0 1.75
70 -28 0 3.5
104 29 0 3.75
355 16 0 3.0
183 47 0 1.75
235 23 0 2.25
233 26 0 3.75
77 16 0 3.75
136 20 0 3.75
201 2 0 1.5
204 18 0 1.5
235 16 0 1.75
90 7 0 4.0
274 20 0 3.0
151 14 0 2.75
130 9 0 2.0
134 10 0 4.0
55 -11 0 2.75
341 15 0 1.5
222 23 0 3.5
236 28 0 4.0
191 23 0 3.25
111 29 0 3.0
99 19 0 1.5
101 38 0 2.75
27 14 0 4.0
203 16 0 2.75
182 22 0 2.0
278 27 0 2.75
233 9 0 1.75
80 27 0 3.25
61 60 0 2.5
96 12 0 3.0
172 28 0 1.75
203 18 0 3.5
150 7 0 2.75
58 26 0 3.75
338 17 0 2.25
91 21 0 3.75
321 23 0 3.25
67 7 0 4.0
41 -37 0 4.0
288 27 0 3.25
76 56 0 3.75
286 4 0 3.0
88 25 0 2.75
82 9 0 2.5
325 3 0 2.75
116 18 0 3.5
54 26 0 1.75
60 6 0 3.5
23 23 0 2.5
282 5 0 2.25
162 12 0 3.75
105 25 0 2.75
58 26 0 2.75
277 23 0 1.75
147 9 0 3.5
323 0 0 3.25
34 11 0 3.75
198 24 0 2.0
163 14 0 3.5
154 5 0 2.5
239 18 0 3.0
340 11 0 3.5
254 8 0 2.5
206 48 0 3.0
288 27 0 4.0
163 -18 0 1.75
224 -20 0 2.0
139 11 0 1.75
48 18 0 1.75
255 35 0 2.75
91 26 0 3.75
251 0 0 1.75
209 19 0 3.5
144 34 0 1.5
172 -2 0 3.25
348 -15 0 3.25
319 13 0 2.75
333 12 0 3.25
337 11 0 2.5
294 5 0 1.75
270 23 0 1.5
295 12 0 1.5
40 29 0 3.5
345 -5 0 3.0
313 20 0 3.25
115 2 0 3.25
53 23 0 2.25
200 7 0 1.5
314 2 0 3.0
103 29 0 2.75
51 7 0 2.25
331 -10 0 2.25
4 23 0 3.5
218 19 0 2.0
151 22 0 2.5
282 9 0 2.0
98 25 0 4.0
120 11 0 2.5
141 13 0 3.0
75 27 0 2.25
17 4 0 2.0
176 -19 0 2.25
320 27 0 2.25
207 24 0 4.0
269 14 0 3.25
226 70 0 4.0
128 7 0 2.0
327 -5 0 2.5
125 15 0 3.25
334 6 0 4.0
68 5 0 4.0
337 9 0 3.75
268 1 0 2.5
49 21 0 2.75
140 7 0 2.0
84 -11 0 2.25
156 65 0 1.75
59 22 0 2.75
340 7 0 2.75
63 -16 0 3.25
1 20 0 2.5
323 25 0 3.25
235 28 0 3.75
323 15 0 3.75
318 21 0 1.75
296 78 0 3.5
302 8 0 4.0
148 4 0 1.5
324 32 0 1.5
15 26 0 1.75
137 9 0 2.25
162 48 0 3.25
77 4 0 2.25
48 9 0 3.0
147 50 0 3.75
131 28 0 2.75
157 19 0 1.75
21 23 0 3.75
286 5 0 2.25
24 21 0 2.5
110 24 0 3.75
202 30 0 3.5
246 0 0 2.5
26 -29 0 3.5
166 20 0 2.5
226 26 0 2.75
214 1 0 2.5
110 26 0 1.5
277 -15 0 3.25
202 28 0 3.25
48 24 0 4.0
286 11 0 3.25
74 30 0 2.0
180 5 0 1.5
303 26 0 3.0
336 13 0 1.5
194 3 0 2.0
61 6 0 3.75
80 28 0 3.25
186 34 0 2.0
179 1 0 3.75
32 16 0 4.0
212 4 0 3.0
58 30 0 2.25
289 30 0 2.5
34 21 0 3.0
214 39 0 2.5
2 22 0 2.5
293 25 0 1.5
209 29 0 4.0
24 11 0 3.0
218 -14 0 3.5
341 21 0 3.75
109 13 0 2.0
0 4 0 3.25
357 0 0 3.0
140 23 0 2.0
359 1 0 2.75
139 27 0 3.0
118 18 0 3.75
286 8 0 3.5
355 -6 0 2.75
359 18 0 1.5
99 43 0 2.25
214 17 0 2.5
154 0 0 1.75
115 8 0 1.5
144 16 0 2.0
169 20 0 3.5
238 27 0 3.75
88 31 0 2.0
80 30 0 2.0
66 29 0 2.25
126 19 0 3.25
239 78 0 1.5
151 4 0 3.25
182 21 0 1.75
121 15 0 1.75
124 16 0 4.0
66 28 0 1.75
224 23 0 3.0
129 -24 0 4.0
143 0 0 2.75
118 0 0 3.75
213 26 0 2.5
145 14 0 3.75
301 49 0 3.75
215 21 0 3.5
231 21 0 1.5
347 9 0 2.75
8 18 0 3.0
100 4 0 3.75
250 2 0 2.5
222 23 0 2.25
247 15 0 2.5
74 4 0 2.75
330 -39 0 3.75
334 11 0 1.5
44 10 0 3.25
294 6 0 2.75
311 46 0 1.75
125 11 0 4.0
331 -21 0 2.0
190 -21 0 2.5
30 1 0 3.75
41 5 0 2.25
30 28 0 2.75
326 28 0 3.5
44 15 0 1.5
180 20 0 4.0
152 -11 0 3.5
228 8 0 2.0
321 4 0 2.5
339 6 0 2.0
139 -18 0 2.75
80 20 0 1.75
308 20 0 3.25
278 7 0 3.5
150 30 0 2.25
164 27 0 2.25
267 -12 0 2.5
99 22 0 2.0
155 21 0 2.5
94 6 0 1.75
64 4 0 3.0
222 9 0 3.25
183 24 0 2.25
232 14 0 2.0
163 73 0 3.0
57 27 0 2.75
168 9 0 3.5
259 24 0 3.25
96 4 0 3.0
31 15 0 3.0
119 9 0 1.75
264 -37 0 3.75
12 26 0 3.75
140 1 0 2.5
271 24 0 1.75
82 0 0 2.0
297 25 0 1.75
8 18 0 4.0
359 -10 0 1.75
93 13 0 4.0
107 18 0 3.75
19 9 0 3.75
53 17 0 3.25
193 -20 0 3.0
302 3 0 2.0
300 30 0 1.5
96 29 0 2.0
55 18 0 3.5
93 4 0 4.0
213 30 0 3.75
195 18 0 2.5
330 21 0 3.25
354 9 0 3.25
322 1 0 2.25
146 2 0 3.25
246 -8 0 2.75
291 8 0 2.75
26 24 0 2.5
33 -22 0 3.0
221 56 0 2.5
215 -5 0 3.5
150 10 0 4.0
147 2 0 3.25
336 19 0 3.75
214 29 0 3.5
300 25 0 3.5
240 22 0 3.75
88 13 0 1.75
50 77 0 1.75
206 14 0 3.75
188 20 0 4.0
50 26 0 3.5
258 23 0 3.5
175 -3 0 1.5
81 25 0 3.5
29 3 0 1.5
180 11 0 3.75
10 9 0 1.75
248 31 0 3.75
215 12 0 3.25
103 8 0 2.5
125 26 0 3.0
33 20 0 1.5
314 -19 0 4.0
302 5 0 2.25
202 28 0 3.75
45 24 0 3.0
80 1 0 1.5
324 14 0 3.0
136 12 0 2.25
248 30 0 4.0
224 6 0 2.0
67 -48 0 2.5
95 25 0 2.0
217 7 0 4.0
114 -25 0 2.0
271 26 0 1.5
175 13 0 2.75
85 6 0 2.5
358 14 0 1.75
60 15 0 1.5
308 23 0 2.0
261 -3 0 2.5
48 21 0 2.75
195 7 0 3.75
253 6 0 3.25
17 14 0 3.75
157 29 0 3.25
254 19 0 3.5
148 0 0 2.0
239 30 0 2.25
1 -43 0 3.75
22 22 0 2.75
359 23 0 3.25
105 16 0 4.0
343 24 0 4.0
167 -27 0 3.0
322 41 0 4.0
129 16 0 2.75
149 21 0 1.75
129 24 0 2.0
246 27 0 2.5
150 29 0 3.0
143 4 0 2.75
298 14 0 3.25
251 30 0 3.25
232 -19 0 2.75
215 51 0 2.75
24 8 0 1.75
132 29 0 2.0
35 27 0 3.75
58 0 0 2.25
201 -10 0 3.75
9 2 0 3.25
340 22 0 1.5
331 16 0 2.75
59 24 0 2.25
225 1 0 2.25
196 23 0 3.75
117 28 0 3.25
40 22 0 2.25
119 -17 0 2.0
250 24 0 3.5
53 1 0 2.5
349 28 0 3.5
7 22 0 2.25
47 13 0 3.0
211 20 0 3.0
98 28 0 1.5
183 1 0 2.0
69 9 0 1.5
79 -27 0 2.5
37 19 0 2.5
33 23 0 3.25
338 31 0 1.75
341 27 0 3.5
227 10 0 1.75
22 68 0 3.25
246 -7 0 4.0
210 -50 0 3.25
237 7 0 2.25
2 5 0 1.75
354 24 0 3.0
289 11 0 1.75
112 49 0 2.0
60 18 0 1.5
190 20 0 2.75
337 4 0 3.5
6 8 0 2.5
274 16 0 3.25
88 1 0 2.0
90 19 0 2.75
275 8 0 3.5
304 12 0 2.25
19 16 0 3.25
278 25 0 2.5
120 25 0 3.75
105 2 0 2.75
148 5 0 2.75
47 11 0 3.5
301 7 0 3.25
321 -13 0 2.75
59 10 0 1.75
277 24 0 3.75
98 0 0 2.0
229 8 0 3.0
107 14 0 2.0
54 9 0 3.5
304 14 0 2.5
185 15 0 2.5
166 5 0 2.25
249 12 0 3.25
40 18 0 3.5
119 67 0 3.25
244 23 0 4.0
353 8 0 1.75
68 -30 0 1.75
50 -23 0 3.5
9 4 0 1.5
268 9 0 2.0
63 6 0 2.75
97 17 0 3.75
84 16 0 3.0
158 26 0 3.5
7 18 0 3.5
354 15 0 1.75
185 26 0 1.75
159 10 0 2.75
342 28 0 2.75
169 12 0 2.5
14 24 0 2.25
287 -15 0 2.75
203 55 0 2.75
267 37 0 2.25
14 26 0 2.75
212 18 0 2.5
68 0 0 4.0
33 -11 0 4.0
305 16 0 3.0
290 -13 0 2.75
295 16 0 2.5
308 19 0 4.0
18 16 0 3.0
80 26 0 3.5
3 24 0 3.75
254 17 0 2.25
178 23 0 3.5
336 0 0 3.75
187 0 0 3.25
156 0 0 1.75
284 6 0 2.0
43 5 0 2.75
136 14 0 2.5
180 -34 0 2.75
273 15 0 3.75
298 -12 0 2.75
276 7 0 2.75
317 29 0 4.0
331 15 0 3.25
203 2 0 2.25
310 18 0 3.5
18 20 0 2.25
293 19 0 2.75
181 15 0 2.25
220 12 0 3.5
132 25 0 4.0
332 8 0 3.25
244 24 0 4.0
215 3 0 1.75
68 14 0 1.75
55 18 0 1.75
247 20 0 2.5
342 3 0 1.75
323 10 0 1.75
37 63 0 3.5
174 16 0 1.5
226 0 0 4.0
258 6 0 4.0
74 11 0 1.5
137 18 0 2.5
331 15 0 2.25
336 29 0 3.0
345 9 0 4.0
28 15 0 3.5
2 17 0 1.5
303 1 0 2.0
339 56 0 2.75
41 -28 0 3.5
75 -20 0 1.75
23 7 0 1.5
82 19 0 1.5
253 21 0 2.5
325 20 0 1.75
181 15 0 2.5
172 30 0 3.25
130 7 0 1.75
92 -45 0 3.0
170 -39 0 3.0
115 12 0 3.25
8 -6 0 2.25
304 30 0 2.75
78 17 0 1.75
359 29 0 2.25
150 29 0 3.75
156 22 0 2.5
245 11 0 2.25
172 0 0 1.5
303 1 0 2.25
103 18 0 3.0
263 0 0 3.25
312 8 0 3.75
151 6 0 2.25
128 27 0 2.0
30 23 0 2.75
268 23 0 2.0
116 4 0 1.5
233 16 0 4.0
355 -37 0 1.5
10 18 0 2.25
126 13 0 1.75
45 19 0 2.25
280 7 0 2.0
155 18 0 3.75
347 19 0 2.5
282 18 0 2.0
130 16 0 3.0
52 23 0 3.75
348 4 0 2.25
20 9 0 2.75
155 19 0 3.5
82 25 0 2.75
136 2 0 3.0
230 1 0 3.5
296 1 0 3.0
139 3 0 4.0
50 42 0 3.25
189 27 0 1.5
182 5 0 3.25
83 20 0 2.25
266 24 0 3.25
316 8 0 1.75
333 -40 0 2.5
257 22 0 2.25
71 30 0 2.75
51 11 0 2.75
316 20 0 3.5
266 13 0 4.0
223 1 0 4.0
24 17 0 3.0
73 15 0 1.75
257 25 0 2.0
328 8 0 1.75
251 16 0 2.0
303 19 0 3.0
200 13 0 1.5
323 26 0 2.0
219 18 0 1.5
150 18 0 2.25
158 12 0 3.5
122 11 0 3.0
319 24 0 1.75
81 -1 0 4.0
111 29 0 4.0
234 15 0 3.5
224 3 0 3.75
77 67 0 2.5
307 14 0 2.75
273 -29 0 3.75
37 17 0 1.5
331 16 0 1.75
326 23 0 4.0
66 23 0 2.5
219 21 0 2.5
12 10 0 2.25
51 20 0 2.25
144 19 0 3.0
12 26 0 2.75
254 34 0 4.0
4 -49 0 2.75
94 13 0 3.0
315 3 0 2.0
1 21 0 2.75
347 9 0 4.0
216 7 0 2.75
23 16 0 2.25
320 0 0 2.25
157 22 0 1.5
332 14 0 1.75
140 21 0 4.0
11 29 0 4.0
67 13 0 3.25
260 0 0 3.25
260 40 0 1.5
285 6 0 2.25
75 28 0 3.0
257 0 0 2.75
193 28 0 4.0
262 29 0 3.5
76 25 0 1.75
172 24 0 3.25
93 16 0 3.75
313 28 0 2.5
115 11 0 3.0
154 44 0 1.75
103 19 0 4.0
352 25 0 2.25
62 16 0 3.0
226 -8 0 3.5
312 29 0 3.5
18 9 0 3.0
212 30 0 1.75
187 2 0 3.25
166 16 0 2.75
291 -10 0 2.5
186 12 0 2.75
335 -25 0 2.5
142 29 0 3.0
192 2 0 3.0
249 21 0 2.75
187 24 0 1.75
212 12 0 1.75
18 6 0 3.0
257 11 0 2.25
180 19 0 2.5
316 27 0 2.5
290 14 0 2.5
209 18 0 3.75
315 16 0 3.5
20 19 0 1.5
83 30 0 3.5
200 13 0 3.5
132 18 0 3.5
83 9 0 2.5
34 17 0 3.0
115 24 0 2.0
89 6 0 3.5
272 28 0 2.0
305 24 0 3.25
91 13 0 3.25
84 28 0 3.75
172 17 0 2.0
345 27 0 2.0
26 -38 0 4.0
211 16 0 3.0
160 21 0 2.25
286 3 0 2.75
135 9 0 2.25
302 -47 0 1.5
91 10 0 2.75
113 27 0 2.25
114 3 0 2.0
330 3 0 3.0
128 13 0 3.25
78 19 0 2.5
303 30 0 3.0
262 30 0 2.75
156 4 0 1.5
185 1 0 1.75
287 30 0 1.75
320 57 0 3.75
102 21 0 3.25
0 11 0 2.25
313 5 0 2.0
137 16 0 1.75
118 -18 0 3.5
282 0 0 3.0
237 19 0 3.5
343 23 0 3.5
76 28 0 1.75
64 36 0 4.0
112 8 0 1.5
120 24 0 2.0
65 26 0 3.0
71 21 0 2.25
139 6 0 2.5
153 -29 0 1.5
46 -16 0 3.25
86 13 0 2.0
276 23 0 3.5
50 28 0 3.25
342 45 0 1.75
89 -18 0 3.75
9 9 0 2.0
355 9 0 1.5
335 30 0 3.75
63 10 0 3.0
121 13 0 3.0
253 23 0 3.25
285 2 0 2.25
295 9 0 3.25
80 -39 0 3.0
242 19 0 3.0
235 25 0 2.0
283 25 0 3.0
272 10 0 2.0
148 2 0 2.75
204 4 0 2.75
293 48 0 3.75
193 9 0 1.75
105 26 0 1.75
227 -5 0 2.75
346 4 0 1.5
302 28 0 2.0
153 15 0 2.25
335 17 0 3.0
175 1 0 3.75
254 25 0 3.0
33 4 0 4.0
204 29 0 3.25
10 25 0 3.25
185 4 0 3.75
110 5 0 2.0
94 19 0 1.5
131 14 0 2.25
232 70 0 2.75
125 6 0 2.25
88 29 0 2.25
72 26 0 3.75
314 5 0 2.0
173 27 0 3.5
100 0 0 3.5
337 11 0 4.0
249 19 0 2.5
121 9 0 2.0
323 15 0 3.5
359 16 0 3.0
225 29 0 4.0
269 16 0 3.75
255 13 0 4.0
138 6 0 2.25
45 9 0 3.0
113 23 0 1.75
341 15 0 4.0
42 2 0 3.25
64 24 0 2.5
98 30 0 1.75
306 25 0 2.25
148 60 0 2.25
225 -26 0 2.5
149 -18 0 1.75
44 7 0 2.75
331 13 0 3.0
308 27 0 1.5
304 13 0 2.75
260 35 0 1.75
103 28 0 1.75
225 12 0 2.5
23 0 0 2.75
2 -32 0 2.25
141 1 0 1.75
351 8 0 3.25
189 11 0 3.5
164 26 0 3.5
0 7 0 3.0
135 8 0 3.0
330 -21 0 2.0
275 30 0 1.5
339 18 0 2.75
101 7 0 3.5
184 2 0 3.0
5 46 0 3.5
309 7 0 3.5
45 20 0 2.0
226 1 0 2.5
62 -21 0 4.0
344 27 0 3.5
294 -8 0 2.75
116 10 0 1.5
124 30 0 3.75
188 71 0 2.25
217 -2 0 2.5
151 24 0 2.5
64 5 0 3.25
329 35 0 2.25
343 25 0 3.0
309 7 0 3.0
250 25 0 2.25
205 -3 0 1.75
192 7 0 3.5
358 5 0 3.0
19 9 0 1.5
195 12 0 3.5
73 0 0 1.5
340 26 0 2.75
319 18 0 1.75
130 -4 0 2.25
27 25 0 4.0
202 25 0 3.25
252 17 0 2.5
10 21 0 3.0
345 1 0 3.75
229 8 0 3.75
19 26 0 3.5
262 12 0 3.75
306 16 0 3.75
53 16 0 3.5
257 13 0 2.0
1 12 0 2.25
195 19 0 4.0
249 8 0 3.75
318 19 0 2.0
111 21 0 3.25
35 -30 0 1.5
137 23 0 3.25
105 1 0 2.25
79 17 0 2.0
241 0 0 3.0
117 14 0 3.5
285 9 0 3.0
322 17 0 1.5
255 9 0 3.75
20 1 0 2.75
100 -12 0 3.75
147 22 0 3.0
186 1 0 2.75
92 19 0 3.5
155 -24 0 1.5
104 17 0 1.5
97 18 0 1.5
76 6 0 1.5
358 14 0 2.25
161 7 0 1.5
263 -18 0 3.5
250 54 0 3.75
72 28 0 3.5
29 21 0 2.25
89 8 0 3.25
306 12 0 2.25
164 9 0 2.0
98 -25 0 4.0
342 25 0 2.5
317 9 0 2.25
251 -14 0 3.5
134 7 0 2.0
240 -4 0 3.5
126 12 0 3.5
92 21 0 2.25
186 6 0 2.75
71 16 0 2.25
220 -24 0 2.75
212 5 0 3.5
238 22 0 3.25
277 22 0 3.25
157 24 0 2.0
72 19 0 3.75
208 23 0 2.5
95 15 0 2.5
121 27 0 2.5
183 21 0 3.75
202 21 0 1.5
94 2 0 3.5
188 19 0 3.75
297 8 0 4.0
75 2 0 2.5
59 9 0 2.5
217 9 0 2.25
246 58 0 3.75
243 11 0 2.5
337 8 0 3.0
61 14 0 2.0
222 26 0 2.0
220 -46 0 2.75
69 26 0 3.25
115 1 0 3.25
265 19 0 1.75
344 7 0 2.75
216 2 0 3.0
233 13 0 2.0
229 21 0 2.5
283 23 0 3.25
289 16 0 3.25
120 3 0 3.5
125 10 0 1.75
335 22 0 3.75
79 3 0 1.5
223 8 0 1.5
134 17 0 2.0
212 21 0 3.5
54 19 0 3.75
148 14 0 2.75
33 30 0 4.0
304 9 0 2.0
3 21 0 3.75
10 -24 0 4.0
275 20 0 1.5
133 4 0 3.5
22 12 0 2.0
256 15 0 1.5
41 9 0 2.25
94 21 0 3.25
243 11 0 1.5
65 3 0 3.75
181 18 0 2.0
28 25 0 2.75
251 12 0 2.0
60 20 0 2.25
106 20 0 3.75
18 19 0 3.25
125 12 0 1.5
159 0 0 2.0
351 8 0 2.75
287 13 0 2.0
90 22 0 1.75
112 17 0 2.75
216 16 0 2.0
287 20 0 3.5
316 1 0 3.5
204 6 0 1.5
195 20 0 2.25
219 -22 0 3.5
295 29 0 3.0
132 12 0 3.0
354 19 0 1.75
141 24 0 3.0
241 30 0 1.5
1 5 0 2.25
103 27 0 3.5
310 7 0 1.5
128 15 0 3.75
314 21 0 3.75
108 3 0 2.0
149 12 0 4.0
334 3 0 3.5
119 0 0 3.75
167 22 0 3.25
210 -2 0 4.0
347 19 0 3.25
206 5 0 2.75
79 1 0 2.75
231 67 0 1.75
211 1 0 2.5
140 15 0 1.5
338 3 0 4.0
352 -25 0 2.5
74 8 0 3.25
204 3 0 2.75
102 3 0 1.5
108 11 0 2.5
334 19 0 4.0
131 22 0 3.0
288 4 0 3.25
210 17 0 1.5
100 24 0 1.75
286 3 0 3.25
72 30 0 3.5
235 26 0 3.0
294 -38 0 3.25
41 3 0 1.5
252 18 0 3.75
294 7 0 2.5
356 17 0 3.75
31 11 0 2.25
301 -13 0 3.25
61 10 0 1.5
205 13 0 4.0
304 20 0 4.0
103 0 0 3.75
178 15 0 3.25
69 2 0 1.5
317 16 0 1.5
43 22 0 3.75
344 0 0 2.0
283 8 0 3.75
39 3 0 4.0
65 -18 0 3.75
255 46 0 4.0
331 24 0 1.75
196 26 0 3.25
82 21 0 1.75
338 10 0 3.25
39 23 0 3.75
116 5 0 2.25
340 8 0 3.75
95 14 0 2.25
31 30 0 1.5
297 21 0 3.0
97 27 0 2.75
290 9 0 3.25
109 28 0 1.75
257 21 0 2.0
330 26 0 3.5
345 22 0 4.0
172 17 0 3.25
355 22 0 2.25
77 12 0 3.75
213 6 0 3.25
170 5 0 2.25
161 0 0 1.5
83 -32 0 1.5
312 9 0 1.5
68 5 0 2.0
39 24 0 2.0
182 0 0 2.5
54 2 0 3.5
88 3 0 3.75
196 6 0 3.5
23 54 0 1.5
288 19 0 2.5
68 14 0 2.0
66 0 0 2.0
165 18 0 1.75
274 -3 0 2.5
343 4 0 3.75
189 42 0 3.0
19 17 0 3.75
117 -38 0 2.75
140 4 0 2.0
87 12 0 1.75
259 22 0 3.25
336 21 0 2.5
30 -30 0 4.0
359 -17 0 1.5
15 8 0 2.0
97 2 0 1.75
139 37 0 1.75
51 -25 0 1.75
24 2 0 3.0
330 22 0 1.5
223 2 0 4.0
68 29 0 2.5
149 -17 0 2.0
147 18 0 4.0
325 -35 0 1.5
301 22 0 3.0
161 3 0 4.0
156 19 0 2.0
347 11 0 2.5
234 30 0 2.25
274 60 0 3.5
6 8 0 1.5
220 16 0 3.0
230 14 0 1.75
256 55 0 3.5
264 14 0 3.25
167 20 0 2.75
252 16 0 2.25
260 -13 0 1.5
12 -28 0 2.25
232 41 0 1.5
15 12 0 3.5
86 8 0 1.5
122 4 0 2.0
149 7 0 1.75
357 53 0 3.0
162 15 0 3.75
5 22 0 3.0
211 9 0 4.0
322 29 0 3.75
323 28 0 3.0
119 21 0 3.5
156 25 0 3.25
207 12 0 2.75
161 1 0 2.75
195 27 0 3.75
6 14 0 2.75
41 -14 0 2.25
8 10 0 1.75
352 12 0 2.0
30 11 0 3.0
316 -6 0 2.25
130 17 0 2.5
304 -27 0 1.75
69 -39 0 3.5
272 8 0 3.0
13 -21 0 3.75
222 11 0 3.75
299 3 0 2.5
208 14 0 1.5
332 20 0 2.5
146 23 0 2.75
99 4 0 3.75
78 23 0 3.25
92 20 0 3.25
193 26 0 2.0
198 -17 0 1.75
123 6 0 4.0
143 73 0 4.0
222 2 0 2.0
329 29 0 3.0
134 12 0 2.5
258 27 0 3.75
336 26 0 2.0
289 22 0 3.75
193 7 0 3.0
232 8 0 3.5
94 -1 0 4.0
208 -15 0 3.0
255 27 0 2.25
203 19 0 4.0
248 5 0 2.5
8 28 0 3.25
41 49 0 2.25
284 -28 0 2.25
229 34 0 3.0
346 8 0 2.25
240 -8 0 3.25
119 13 0 2.0
85 12 0 3.25
358 22 0 3.5
220 14 0 4.0
267 -37 0 2.5
25 24 0 2.0
330 12 0 3.5
67 15 0 3.25
254 3 0 2.25
72 19 0 2.75
226 17 0 2.75
6 -22 0 2.5
346 14 0 1.75
139 13 0 3.0
340 18 0 2.0
4 21 0 3.5
94 2 0 1.5
136 23 0 3.0
191 0 0 2.25
304 19 0 2.0
11 6 0 3.0
352 17 0 2.75
276 29 0 2.0
264 4 0 2.25
201 20 0 3.5
298 9 0 2.5
76 28 0 2.0
72 57 0 2.25
130 48 0 3.75
331 3 0 1.75
39 18 0 3.25
144 19 0 2.75
209 11 0 3.0
325 18 0 2.75
137 12 0 2.75
101 6 0 2.5
144 15 0 3.25
45 2 0 3.25
318 3 0 3.25
136 20 0 3.25
251 15 0 2.75
41 2 0 2.75
226 -6 0 2.75
224 4 0 2.5
275 -24 0 3.0
345 5 0 3.25
250 21 0 3.0
3 -9 0 1.5
104 16 0 2.25
327 18 0 2.25
137 7 0 4.0
109 29 0 4.0
65 -2 0 1.5
269 19 0 1.75
79 9 0 3.5
148 29 0 1.5
326 27 0 2.5
300 1 0 3.25
285 -12 0 3.0
84 25 0 3.25
173 1 0 1.5
57 1 0 1.75
77 9 0 3.0
324 12 0 3.75
118 11 0 2.25
205 16 0 1.75
4 4 0 2.0
336 -20 0 3.25
118 14 0 2.75
64 6 0 3.0
265 28 0 3.5
251 0 0 1.5
170 6 0 3.75
179 53 0 3.5
107 16 0 3.75
22 18 0 2.5
205 22 0 2.0
85 3 0 3.75
340 16 0 2.25
131 33 0 2.75
236 8 0 2.0
151 1 0 3.75
176 -50 0 2.0
318 11 0 1.75
63 10 0 1.75
96 -29 0 2.75
158 25 0 2.5
230 20 0 4.0
233 19 0 4.0
314 21 0 3.25
48 15 0 2.25
138 20 0 2.25
262 12 0 2.0
166 2 0 3.0
109 16 0 4.0
336 3 0 1.75
107 22 0 1.5
119 78 0 4.0
162 3 0 3.0
51 -15 0 2.25
308 4 0 2.0
162 6 0 3.5
216 6 0 1.75
276 23 0 4.0
280 12 0 4.0
282 42 0 3.0
139 0 0 4.0
118 0 0 1.75
356 18 0 2.5
153 29 0 1.75
23 16 0 2.5
47 9 0 3.25
293 23 0 2.25
12 18 0 3.0
97 11 0 4.0
300 22 0 3.25
236 6 0 2.0
128 1 0 2.25
170 20 0 2.0
13 -23 0 1.75
55 3 0 1.75
261 18 0 4.0
164 7 0 2.25
186 9 0 2.25
193 19 0 2.25
90 22 0 2.75
62 8 0 4.0
341 20 0 3.25
4 49 0 2.5
60 8 0 2.25
324 -1 0 3.0
335 1 0 3.25
292 12 0 3.75
351 19 0 3.75
210 18 0 1.75
189 25 0 2.75
191 12 0 2.5
98 24 0 2.5
210 24 0 1.5
107 59 0 3.0
186 -29 0 3.5
121 29 0 2.25
332 8 0 3.75
83 -21 0 3.5
280 25 0 2.0
73 15 0 3.0
278 18 0 2.5
354 66 0 2.0
62 -5 0 3.75
326 8 0 3.0
290 7 0 3.5
143 10 0 2.25
128 20 0 3.5
17 14 0 2.25
204 15 0 3.75
333 2 0 2.75
246 7 0 2.0
320 24 0 3.75
322 24 0 3.5
255 8 0 4.0
249 4 0 2.0
116 21 0 1.75
322 7 0 3.0
91 24 0 3.5
38 0 0 2.5
4 24 0 3.0
57 10 0 3.5
181 24 0 3.75
217 10 0 1.75
11 21 0 2.0
213 14 0 4.0
345 2 0 3.0
238 7 0 2.75
101 0 0 3.75
327 18 0 1.75
109 5 0 3.25
357 -34 0 1.5
358 24 0 2.5
330 53 0 3.0
352 23 0 4.0
2 1 0 3.25
221 12 0 3.0
79 20 0 3.0
76 22 0 2.75
350 22 0 2.0
69 5 0 3.75
195 29 0 3.25
42 9 0 1.75
310 -40 0 1.5
235 11 0 1.75
74 28 0 2.75
82 29 0 3.0
306 12 0 1.75
151 -17 0 4.0
183 8 0 3.25
223 0 0 3.25
206 19 0 3.25
118 1 0 2.5
4 10 0 2.25
260 1 0 1.75
276 4 0 3.0
85 7 0 4.0
194 28 0 2.5
162 15 0 2.25
213 14 0 1.75
292 27 0 2.75
34 10 0 1.75
277 12 0 2.75
245 30 0 1.5
53 27 0 4.0
57 14 0 1.5
278 0 0 2.5
207 8 0 2.5
108 25 0 3.0
321 27 0 3.75
286 1 0 3.25
0 26 0 3.75
165 6 0 1.5
241 30 0 2.75
223 18 0 3.5
103 20 0 1.5
349 7 0 3.5
222 4 0 3.75
170 19 0 2.75
121 15 0 3.25
0 21 0 2.0
321 15 0 1.75
178 4 0 3.5
95 -8 0 1.75
338 29 0 3.0
148 11 0 2.25
96 4 0 2.75
48 6 0 2.25
77 13 0 2.75
69 4 0 2.75
226 -10 0 2.25
328 6 0 2.0
210 24 0 2.5
320 3 0 3.5
355 26 0 1.75
48 21 0 3.75
33 25 0 2.5
158 -33 0 4.0
72 49 0 1.5
1 22 0 2.75
143 22 0 1.5
97 17 0 2.75
305 16 0 3.25
138 15 0 3.25
274 3 0 3.5
300 26 0 3.25
87 -9 0 2.5
123 -13 0 4.0
280 2 0 2.25
347 11 0 3.75
48 20 0 1.5
288 24 0 2.75
219 29 0 1.5
284 13 0 2.0
301 -10 0 2.25
143 -13 0 3.75
226 25 0 3.0
309 26 0 2.25
103 18 0 2.75
75 20 0 2.0
294 20 0 2.0
351 21 0 2.5
94 22 0 3.5
243 27 0 4.0
13 30 0 1.5
235 13 0 3.75
107 31 0 2.25
298 5 0 3.75
230 23 0 4.0
108 10 0 3.75
38 -41 0 3.5
343 10 0 2.75
157 18 0 3.0
42 20 0 2.0
144 21 0 2.5
174 23 0 3.0
292 24 0 3.75
313 23 0 3.75
259 8 0 4.0
313 4 0 4.0
58 22 0 2.5
283 69 0 4.0
292 -18 0 3.5
96 26 0 3.5
155 18 0 2.0
276 15 0 2.75
343 2 0 4.0
337 27 0 1.75
141 -25 0 2.75
205 53 0 1.75
51 16 0 3.25
117 14 0 2.0
158 4 0 4.0
290 21 0 3.75
297 12 0 4.0
262 1 0 4.0
282 11 0 2.75
221 9 0 3.5
0 9 0 1.75
241 -31 0 3.0
346 19 0 3.75
338 12 0 1.5
59 25 0 3.25
229 20 0 1.75
350 8 0 2.0
42 23 0 2.75
277 2 0 2.5
131 22 0 2.75
162 57 0 3.25
351 13 0 3.75
77 4 0 3.0
290 23 0 3.5
229 6 0 2.75
313 12 0 4.0
122 4 0 4.0
188 22 0 1.5
244 30 0 2.75
135 13 0 2.5
112 19 0 3.5
339 79 0 3.75
174 23 0 1.75
1 12 0 3.75
226 12 0 3.25
123 27 0 1.75
222 12 0 3.5
72 8 0 1.75
269 -13 0 4.0
44 -5 0 3.25
37 24 0 3.5
23 -48 0 2.0
145 30 0 2.25
110 27 0 3.0
333 24 0 3.0
307 7 0 1.75
41 8 0 4.0
34 14 0 2.75
167 11 0 3.5
349 14 0 1.75
198 7 0 2.0
147 28 0 2.5
6 23 0 2.25
351 17 0 2.75
38 18 0 4.0
317 15 0 3.25
18 18 0 1.5
47 14 0 2.5
193 9 0 2.25
344 11 0 2.75
31 -49 0 4.0
188 -20 0 2.5
291 22 0 2.75
235 -15 0 1.75
32 4 0 3.0
124 21 0 3.5
130 30 0 2.25
264 22 0 3.75
227 3 0 2.75
45 10 0 3.25
343 25 0 2.75
339 1 0 3.75
236 19 0 2.25
2 34 0 4.0
188 8 0 3.25
329 7 0 3.25
154 6 0 3.25
5 1 0 3.25
177 12 0 2.25
200 1 0 2.5
231 5 0 1.5
177 13 0 2.25
271 10 0 2.75
190 29 0 3.0
272 27 0 2.0
3 6 0 2.25
67 25 0 1.5
177 29 0 2.0
310 30 0 2.5
216 2 0 3.5
264 17 0 2.75
104 25 0 2.0
79 28 0 2.75
53 58 0 3.0
54 69 0 1.5
23 4 0 1.5
318 1 0 2.5
125 18 0 3.5
319 9 0 1.5
71 -22 0 3.0
157 22 0 3.75
340 26 0 1.75
203 8 0 1.75
145 6 0 2.75
347 18 0 2.75
269 26 0 3.75
33 14 0 3.75
92 30 0 2.25
31 16 0 2.75
306 24 0 3.5
288 12 0 4.0
302 23 0 4.0
210 1 0 2.75
124 14 0 4.0
335 1 0 4.0
359 0 0 2.25
121 19 0 2.5
78 0 0 2.25
70 3 0 4.0
154 10 0 3.5
341 30 0 1.75
37 8 0 4.0
64 28 0 3.0
334 29 0 3.75
244 23 0 2.25
76 24 0 1.5
6 54 0 2.25
200 23 0 2.0
299 15 0 3.25
253 10 0 2.25
276 12 0 2.0
209 4 0 3.25
15 21 0 2.5
16 21 0 2.75
248 3 0 1.5
273 20 0 2.75
323 1 0 3.0
343 10 0 1.75
251 17 0 2.75
52 -2 0 1.75
41 29 0 3.5
189 13 0 2.5
136 14 0 2.0
347 13 0 3.25
353 -14 0 2.75
341 2 0 2.5
219 16 0 4.0
354 28 0 2.25
255 26 0 3.5
13 15 0 4.0
195 0 0 3.5
154 -25 0 2.25
163 23 0 3.75
339 16 0 3.75
342 29 0 3.75
314 22 0 1.5
154 26 0 2.25
300 16 0 2.0
12 20 0 3.0
332 6 0 4.0
88 16 0 4.0
34 68 0 2.5
127 9 0 3.25
223 20 0 2.5
238 25 0 1.75
140 59 0 2.25
54 19 0 3.5
51 -27 0 3.5
162 46 0 3.75
201 14 0 2.75
120 23 0 1.75
61 6 0 2.25
303 16 0 2.5
159 10 0 1.75
32 2 0 2.75
293 52 0 1.75
137 17 0 2.75
145 15 0 2.0
12 15 0 3.0
23 27 0 2.0
92 12 0 3.75
98 29 0 3.0
86 3 0 3.0
176 21 0 3.5
38 28 0 1.5
234 12 0 3.5
30 32 0 2.5
43 9 0 2.0
37 14 0 3.75
65 28 0 2.75
353 3 0 1.75
203 19 0 2.0
218 28 0 1.5
213 26 0 3.5
304 15 0 2.25
260 12 0 3.5
70 27 0 1.75
110 1 0 3.0
174 10 0 2.25
260 8 0 3.0
216 25 0 3.25
247 26 0 2.75
327 15 0 3.0
255 -2 0 3.75
233 4 0 3.5
255 1 0 2.5
107 55 0 3.75
27 7 0 1.75
281 10 0 3.75
34 16 0 2.75
292 52 0 2.25
287 9 0 4.0
81 9 0 2.25
274 39 0 2.75
235 4 0 2.25
284 13 0 2.25
185 25 0 1.5
315 1 0 1.5
179 26 0 2.0
330 -21 0 3.75
76 11 0 1.75
25 22 0 2.0
335 25 0 2.25
91 1 0 3.5
205 42 0 2.25
354 17 0 2.5
339 23 0 1.5
101 9 0 2.25
55 29 0 3.0
225 -21 0 1.75
352 22 0 3.75
33 24 0 3.5
359 26 0 3.5
18 20 0 1.5
50 27 0 2.25
140 5 0 1.5
48 10 0 2.0
107 22 0 3.5
142 24 0 3.0
110 1 0 3.5
219 25 0 3.0
277 26 0 2.5
22 24 0 1.75
226 16 0 2.75
78 12 0 2.25
95 3 0 2.0
29 -39 0 3.5
38 20 0 3.25
43 63 0 2.75
99 3 0 1.5
128 59 0 3.5
73 36 0 2.75
140 14 0 2.5
82 10 0 3.5
126 27 0 1.5
11 5 0 1.5
106 -12 0 3.5
21 61 0 2.25
283 23 0 2.25
287 19 0 3.25
164 0 0 3.5
264 -16 0 2.5
110 3 0 2.5
25 28 0 4.0
150 4 0 3.75
286 28 0 3.25
85 2 0 1.5
222 23 0 2.75
112 6 0 2.0
32 11 0 2.0
131 11 0 3.25
159 26 0 1.75
189 28 0 2.25
202 19 0 3.0
32 27 0 3.25
19 19 0 2.75
212 20 0 2.0
356 30 0 2.75
338 21 0 3.5
232 25 0 2.0
119 -3 0 3.0
161 12 0 2.0
168 14 0 4.0
352 4 0 1.5
196 14 0 2.5
13 8 0 3.25
231 3 0 2.25
285 27 0 2.25
226 3 0 3.5
135 26 0 2.5
10 1 0 1.75
278 10 0 4.0
245 13 0 3.0
191 77 0 1.75
239 4 0 2.0
91 0 0 1.75
252 3 0 2.75
277 27 0 1.75
40 -19 0 1.5
64 11 0 1.75
262 -24 0 3.0
278 23 0 2.25
356 11 0 1.5
98 0 0 1.5
75 25 0 4.0
349 3 0 1.75
182 11 0 2.5
148 24 0 3.25
199 5 0 2.75
234 29 0 2.25
321 20 0 1.75
202 6 0 2.5
129 -1 0 1.5
210 16 0 4.0
252 -28 0 1.75
68 9 0 1.5
340 0 0 2.75
219 6 0 3.75
234 54 0 2.25
293 17 0 2.75
155 57 0 3.75
52 28 0 2.25
98 16 0 1.75
281 13 0 3.75
289 5 0 2.75
232 22 0 3.5
238 -18 0 3.0
6 18 0 3.5
179 50 0 3.5
172 9 0 2.0
8 35 0 3.5
84 30 0 4.0
100 14 0 3.0
112 11 0 1.5
30 30 0 2.0
45 27 0 3.0
112 -3 0 3.0
303 20 0 2.75
65 13 0 1.75
226 9 0 3.0
58 27 0 2.25
84 -14 0 3.5
100 -13 0 3.75
136 28 0 2.5
65 16 0 2.75
19 11 0 2.25
258 2 0 2.5
179 5 0 3.75
235 58 0 3.75
47 26 0 2.25
230 27 0 2.5
187 7 0 4.0
294 15 0 2.25
37 4 0 2.0
343 -4 0 2.75
115 12 0 2.25
313 25 0 2.25
66 14 0 3.75
217 -20 0 3.25
4 2 0 3.5
234 -25 0 2.75
97 -26 0 3.0
4 29 0 1.5
4 4 0 1.5
19 16 0 2.0
337 14 0 2.0
120 24 0 3.5
27 22 0 1.5
45 5 0 3.0
332 25 0 3.5
48 15 0 1.5
264 41 0 2.5
259 -16 0 4.0
318 4 0 3.0
272 -8 0 4.0
104 29 0 4.0
148 18 0 3.25
216 27 0 2.25
88 11 0 3.0
296 12 0 2.0
45 10 0 2.5
313 27 0 2.25
160 -29 0 3.0
216 11 0 2.5
77 20 0 2.0
60 18 0 3.75
323 27 0 2.25
328 21 0 2.5
241 -45 0 2.75
227 2 0 1.75
129 28 0 3.75
260 12 0 4.0
99 29 0 2.75
302 28 0 2.25
236 -11 0 2.25
229 14 0 4.0
66 28 0 3.25
11 12 0 2.75
281 10 0 3.0
255 13 0 3.0
278 9 0 1.75
42 30 0 3.5
116 1 0 2.0
126 0 0 2.75
145 22 0 3.5
184 26 0 3.5
320 9 0 1.5
119 24 0 3.25
193 28 0 1.75
50 9 0 3.0
256 10 0 2.5
300 12 0 3.0
345 25 0 3.75
235 8 0 2.5
182 32 0 3.25
160 23 0 4.0
187 28 0 3.75
350 10 0 1.75
333 26 0 1.75
331 17 0 3.75
308 17 0 3.0
42 24 0 2.25
227 8 0 1.5
190 26 0 2.75
315 9 0 3.75
55 -45 0 2.75
248 17 0 3.5
341 6 0 3.0
120 -28 0 2.75
49 23 0 2.75
176 0 0 2.0
217 24 0 3.0
54 8 0 2.0
0 -8 0 1.5
70 -2 0 3.5
117 14 0 2.25
291 58 0 1.75
238 28 0 3.25
246 11 0 3.0
17 2 0 2.25
205 13 0 2.25
238 3 0 3.25
71 13 0 1.75
39 15 0 2.5
262 23 0 2.0
289 14 0 2.5
61 8 0 1.75
257 -19 0 2.25
2 -20 0 2.75
220 11 0 2.75
237 30 0 3.0
113 30 0 2.0
174 32 0 3.25
61 5 0 2.0
83 9 0 2.75
107 -35 0 3.5
80 4 0 2.0
277 20 0 2.25
205 5 0 4.0
208 8 0 1.75
183 27 0 1.5
153 10 0 2.25
260 9 0 2.0
293 10 0 2.0
22 5 0 2.5
252 8 0 3.75
228 13 0 2.0
43 29 0 3.0
12 19 0 2.25
292 -18 0 1.75
336 6 0 2.0
15 35 0 2.0
8 18 0 3.5
266 10 0 3.75
303 23 0 3.75
297 42 0 2.0
21 4 0 1.5
285 12 0 2.0
92 -4 0 3.5
68 22 0 3.75
335 21 0 2.5
331 15 0 1.75
199 27 0 3.75
53 21 0 2.5
240 25 0 3.0
106 27 0 3.75
83 11 0 3.0
110 12 0 3.5
0 21 0 1.75
283 -29 0 3.0
170 7 0 2.5
245 12 0 3.75
8 14 0 1.75
37 5 0 3.25
257 12 0 2.0
351 20 0 2.5
182 8 0 1.75
57 21 0 2.0
301 8 0 1.5
176 13 0 4.0
294 2 0 1.75
89 43 0 3.5
320 -36 0 2.75
62 24 0 2.75
145 22 0 3.75
305 19 0 3.75
238 22 0 2.5
258 23 0 2.75
191 -3 0 1.5
350 5 0 3.75
83 -26 0 1.75
192 65 0 3.75
202 51 0 3.75
21 67 0 3.5
105 22 0 2.5
191 -29 0 2.5
357 19 0 3.25
359 25 0 3.5
331 13 0 1.5
16 1 0 4.0
273 -4 0 2.0
65 1 0 1.5
272 5 0 2.0
84 3 0 3.75
69 16 0 1.75
312 11 0 2.75
306 30 0 3.0
290 14 0 2.0
359 11 0 1.75
279 5 0 4.0
280 19 0 3.0
344 13 0 1.75
242 8 0 4.0
357 11 0 3.5
275 26 0 3.5
21 12 0 3.0
228 -16 0 3.25
230 29 0 2.75
104 27 0 1.5
297 1 0 2.0
58 17 0 2.0
339 4 0 2.75
244 18 0 2.75
182 10 0 2.25
28 21 0 3.5
298 19 0 3.75
245 30 0 2.75
254 3 0 2.5
329 17 0 3.25
71 21 0 4.0
161 7 0 1.75
199 4 0 2.5
40 19 0 3.5
160 -5 0 3.25
196 19 0 4.0
289 12 0 1.5
209 5 0 3.25
120 2 0 1.75
211 21 0 2.75
173 66 0 3.75
248 19 0 2.5
64 10 0 3.0
272 5 0 1.5
81 22 0 2.5
286 24 0 3.25
98 12 0 1.5
299 29 0 3.25
255 20 0 3.0
179 19 0 1.5
84 1 0 3.75
1 26 0 1.5
233 -27 0 4.0
21 -27 0 3.75
28 -20 0 3.75
3 6 0 3.25
119 21 0 2.5
305 -27 0 3.25
192 -22 0 2.25
210 23 0 3.5
354 12 0 3.75
246 23 0 3.75
105 2 0 3.75
281 8 0 2.5
317 10 0 3.0
240 22 0 3.25
316 16 0 2.25
278 11 0 2.25
14 20 0 3.0
351 18 0 3.0
207 6 0 3.25
31 17 0 2.0
107 -16 0 3.25
124 7 0 3.5
338 2 0 4.0
247 14 0 1.5
188 29 0 1.5
236 11 0 2.0
153 5 0 1.5
212 13 0 2.75
343 36 0 2.5
291 0 0 3.25
352 15 0 1.75
146 45 0 1.5
214 29 0 3.75
38 4 0 1.5
313 9 0 4.0
277 8 0 2.25
271 29 0 3.25
272 14 0 2.0
303 27 0 2.0
122 17 0 3.75
40 16 0 2.0
233 9 0 3.5
141 22 0 2.0
42 -25 0 3.75
106 13 0 3.0
245 4 0 4.0
187 -23 0 1.75
124 1 0 2.5
311 9 0 3.75
48 28 0 1.5
46 22 0 3.75
313 15 0 1.75
106 20 0 1.75
224 22 0 2.25
213 6 0 2.0
15 15 0 2.75
203 4 0 3.25
115 2 0 2.5
95 9 0 1.5
16 22 0 1.5
125 27 0 3.0
130 18 0 3.25
26 20 0 3.25
266 29 0 2.0
278 8 0 2.75
124 11 0 3.75
116 10 0 2.5
147 16 0 4.0
2 11 0 3.75
346 13 0 2.75
193 1 0 4.0
271 29 0 3.0
131 19 0 2.75
146 14 0 2.25
214 23 0 1.75
206 20 0 4.0
14 26 0 1.75
225 4 0 2.5
243 9 0 2.0
138 7 0 2.0
33 46 0 3.75
216 -24 0 3.0
84 19 0 3.5
22 44 0 2.75
61 26 0 2.5
135 2 0 2.5
251 6 0 3.25
174 0 0 3.75
48 16 0 4.0
48 6 0 3.5
357 8 0 2.0
13 14 0 2.0
358 47 0 1.75
121 3 0 3.75
256 17 0 1.5
355 21 0 2.75
100 18 0 1.5
327 23 0 2.5
98 -24 0 2.25
26 -18 0 3.0
304 21 0 2.25
58 15 0 4.0
127 27 0 3.5
127 12 0 3.0
20 -15 0 3.0
80 27 0 2.5
246 50 0 3.0
66 12 0 2.75
236 28 0 3.75
249 2 0 1.5
42 10 0 3.0
123 22 0 4.0
7 17 0 1.75
144 -14 0 2.0
287 2 0 3.25
250 16 0 2.75
201 21 0 4.0
220 25 0 2.75
222 17 0 2.25
346 5 0 2.5
59 22 0 3.75
188 20 0 2.75
46 -29 0 1.75
162 -20 0 4.0
138 9 0 1.75
163 0 0 3.5
83 25 0 3.5
97 -19 0 2.25
124 8 0 1.5
123 11 0 3.25
117 20 0 3.0
96 3 0 1.75
266 27 0 3.25
330 10 0 3.25
252 28 0 1.75
124 21 0 2.5
104 1 0 1.5
347 26 0 1.5
77 41 0 2.25
79 3 0 4.0
241 25 0 1.5
167 10 0 3.0
21 24 0 1.5
331 24 0 3.25
111 22 0 4.0
167 10 0 2.25
341 11 0 3.5
266 7 0 4.0
312 2 0 2.25
333 23 0 2.5
135 9 0 1.75
260 17 0 3.5
195 30 0 4.0
199 25 0 2.75
11 9 0 2.0
175 15 0 3.75
205 6 0 3.5
80 -42 0 2.5
302 28 0 3.75
214 23 0 2.25
333 30 0 3.0
96 7 0 2.0
278 15 0 1.75
246 21 0 3.0
120 1 0 2.5
55 19 0 2.0
353 18 0 3.25
296 -44 0 2.75
139 24 0 1.5
119 52 0 2.0
251 0 0 3.0
84 15 0 3.25
323 17 0 3.75
159 30 0 2.75
281 19 0 2.0
15 15 0 1.75
130 9 0 3.75
228 -17 0 3.5
271 20 0 3.0
355 4 0 3.0
286 4 0 3.5
197 4 0 3.25
230 -49 0 4.0
204 5 0 3.25
103 16 0 1.5
151 3 0 4.0
168 21 0 2.25
58 22 0 3.0
52 -23 0 1.5
143 9 0 2.75
94 18 0 2.75
146 1 0 1.75
79 27 0 1.75
49 0 0 3.25
75 0 0 2.0
29 8 0 3.5
226 7 0 1.75
341 -46 0 3.75
105 11 0 3.25
331 9 0 2.5
337 10 0 2.0
115 27 0 2.0
189 27 0 3.75
289 19 0 3.5
143 5 0 4.0
84 12 0 1.75
117 9 0 4.0
220 56 0 2.0
0 10 0 1.5
123 12 0 3.5
82 23 0 1.75
157 13 0 2.75
292 25 0 1.5
245 16 0 3.5
234 20 0 2.75
317 13 0 2.5
59 71 0 3.5
117 8 0 3.0
10 12 0 2.5
196 28 0 4.0
348 18 0 3.75
173 9 0 3.25
337 25 0 2.25
107 72 0 1.75
214 6 0 1.75
38 4 0 4.0
153 6 0 3.5
77 18 0 3.0
55 3 0 4.0
227 6 0 4.0
20 21 0 2.0
203 11 0 3.0
10 14 0 2.25
315 5 0 2.5
266 26 0 1.5
328 27 0 2.25
46 17 0 2.5
43 25 0 1.75
276 -19 0 4.0
25 17 0 3.25
159 8 0 2.75
281 3 0 3.25
110 22 0 3.75
278 20 0 2.25
51 24 0 4.0
129 29 0 1.5
183 30 0 1.5
40 23 0 1.75
41 17 0 1.75
308 7 0 3.5
212 13 0 2.0
211 14 0 2.5
151 11 0 2.25
279 0 0 3.25
186 7 0 1.75
354 48 0 1.5
230 23 0 3.5
55 0 0 3.0
317 -10 0 4.0
7 10 0 2.75
130 27 0 3.5
356 -1 0 3.25
226 19 0 2.0
298 19 0 3.5
205 23 0 2.5
333 1 0 3.5
73 27 0 2.0
247 20 0 2.75
113 15 0 2.75
137 19 0 2.0
149 15 0 2.75
198 8 0 3.0
314 0 0 2.25
161 50 0 1.5
45 -33 0 4.0
160 3 0 3.25
308 2 0 2.25
130 17 0 2.0
187 -18 0 2.25
111 13 0 3.75
10 -4 0 2.5
54 16 0 2.25
96 26 0 3.75
268 21 0 2.25
94 26 0 3.25
78 16 0 2.0
82 22 0 2.0
62 25 0 3.0
31 0 0 2.75
305 9 0 2.5
247 11 0 3.5
49 23 0 3.5
121 5 0 2.5
108 1 0 2.0
118 17 0 1.5
172 -23 0 2.75
274 9 0 4.0
161 24 0 1.5
90 3 0 1.75
324 21 0 3.75
35 21 0 4.0
215 27 0 2.75
148 43 0 4.0
8 28 0 4.0
260 21 0 3.5
120 25 0 2.5
214 28 0 2.5
177 29 0 2.75
324 30 0 2.25
326 8 0 2.25
211 27 0 1.5
33 23 0 4.0
288 18 0 3.75
250 16 0 1.5
23 26 0 2.5
220 -3 0 4.0
263 -20 0 2.5
100 20 0 1.5
294 24 0 2.75
311 5 0 3.5
90 24 0 3.5
3 16 0 2.75
245 27 0 2.25
119 4 0 3.0
162 2 0 3.0
312 15 0 3.5
268 2 0 4.0
348 0 0 2.75
27 13 0 2.75
188 30 0 4.0
160 10 0 3.5
244 58 0 2.75
329 39 0 3.5
67 26 0 3.25
156 27 0 3.25
305 29 0 1.5
325 13 0 3.25
145 -36 0 3.0
347 3 0 1.5
54 28 0 2.5
80 16 0 2.75
356 4 0 2.25
310 5 0 1.75
135 -18 0 4.0
90 22 0 3.5
27 5 0 2.5
338 12 0 2.75
254 18 0 3.5
166 12 0 3.25
167 29 0 3.75
359 17 0 3.5
133 18 0 2.0
251 3 0 3.5
128 -12 0 4.0
102 22 0 2.5
240 -27 0 3.0
123 9 0 2.0
357 2 0 3.75
61 10 0 3.5
211 30 0 3.0
74 11 0 3.5
357 28 0 2.5
284 9 0 1.75
270 3 0 2.5
238 7 0 2.5
103 3 0 3.0
288 22 0 1.5
19 17 0 2.5
106 6 0 3.0
49 -6 0 3.5
178 7 0 2.5
202 11 0 1.75
22 3 0 2.5
209 16 0 3.5
6 22 0 3.25
313 1 0 3.75
48 13 0 2.5
48 43 0 2.75
102 29 0 2.25
133 30 0 3.25
198 1 0 4.0
55 14 0 3.0
219 2 0 3.25
20 -6 0 3.0
123 30 0 1.75
131 26 0 3.5
97 12 0 1.75
103 -28 0 4.0
309 12 0 3.25
309 30 0 3.0
228 23 0 2.25
107 23 0 4.0
340 7 0 2.0
71 8 0 2.0
174 6 0 2.0
317 19 0 1.75
203 18 0 3.25
82 -3 0 2.0
275 15 0 4.0
331 24 0 2.75
177 14 0 1.75
266 14 0 3.0
36 5 0 3.75
119 30 0 3.75
324 25 0 2.25
344 -33 0 3.0
24 -39 0 2.25
275 0 0 1.75
12 55 0 3.25
147 23 0 2.0
177 40 0 3.25
90 9 0 4.0
256 12 0 3.25
0 -43 0 2.5
249 -17 0 3.0
253 16 0 4.0
169 25 0 2.25
336 17 0 2.5
169 -21 0 1.75
160 0 0 3.5
142 25 0 3.25
263 21 0 2.5
182 2 0 3.75
309 27 0 4.0
254 -21 0 3.0
172 30 0 4.0
69 12 0 4.0
230 53 0 1.5
219 32 0 2.5
54 -6 0 2.25
296 10 0 1.5
355 24 0 1.5
145 29 0 3.5
225 20 0 2.5
213 18 0 3.0
277 -23 0 2.25
265 -20 0 3.5
197 30 0 2.0
243 17 0 2.25
197 10 0 1.5
167 17 0 3.0
209 -28 0 4.0
204 13 0 1.5
269 -22 0 3.75
186 18 0 3.25
276 7 0 2.0
150 1 0 4.0
210 58 0 3.25
188 11 0 1.5
139 17 0 3.5
22 18 0 1.75
334 7 0 3.0
198 21 0 1.75
223 6 0 3.25
243 4 0 2.5
64 -3 0 2.0
74 37 0 2.5
99 10 0 3.5
84 19 0 1.5
219 12 0 2.25
254 27 0 2.25
57 18 0 3.5
113 13 0 1.5
38 6 0 2.75
198 16 0 3.75
263 18 0 2.5
51 -14 0 3.25
185 -37 0 2.0
132 9 0 2.5
351 8 0 3.5
31 12 0 2.0
196 3 0 2.75
353 14 0 1.75
189 14 0 3.0
142 0 0 3.75
215 0 0 3.0
295 2 0 4.0
257 28 0 2.75
309 20 0 3.25
155 76 0 2.0
129 15 0 2.0
234 5 0 4.0
62 0 0 2.75
135 26 0 2.0
306 10 0 1.5
332 29 0 2.5
294 43 0 2.75
86 27 0 2.25
300 4 0 2.5
2 -4 0 2.5
281 7 0 4.0
333 38 0 2.0
262 12 0 3.0
28 22 0 3.5
278 22 0 2.0
21 25 0 3.25
87 5 0 3.5
174 20 0 4.0
126 13 0 3.75
257 14 0 3.0
263 24 0 1.5
162 2 0 2.5
270 28 0 3.5
18 2 0 3.75
12 23 0 3.0
18 4 0 1.75
183 17 0 3.0
81 2 0 3.75
110 14 0 2.5
217 4 0 3.75
163 25 0 3.25
207 8 0 2.75
121 12 0 3.75
16 15 0 3.0
60 -29 0 2.75
167 4 0 3.25
74 24 0 2.0
302 5 0 2.0
31 1 0 2.25
284 -25 0 4.0
160 6 0 1.75
117 30 0 3.5
14 28 0 2.25
275 39 0 3.0
206 15 0 3.25
18 -27 0 1.5
317 10 0 2.25
127 -11 0 4.0
285 23 0 1.75
50 7 0 2.0
233 -18 0 3.75
103 -19 0 2.25
323 13 0 1.75
33 15 0 2.25
150 16 0 3.25
29 0 0 2.0
171 3 0 3.25
9 -5 0 1.75
215 29 0 3.25
144 -6 0 1.75
40 11 0 2.5
305 19 0 3.0
310 12 0 3.25
79 15 0 3.5
282 39 0 3.0
185 28 0 2.5
87 23 0 3.25
328 21 0 1.5
71 17 0 1.75
254 9 0 2.5
334 21 0 2.0
135 8 0 3.5
202 21 0 3.75
18 4 0 4.0
238 16 0 1.5
223 29 0 2.25
133 -27 0 3.0
349 7 0 3.0
150 21 0 2.25
54 25 0 3.0
309 13 0 3.5
179 21 0 3.0
348 6 0 3.0
156 11 0 1.5
355 8 0 1.5
159 22 0 2.75
264 -24 0 2.25
48 19 0 3.0
214 30 0 4.0
223 -8 0 3.5
10 14 0 3.75
116 15 0 4.0
184 27 0 2.5
202 29 0 3.5
115 10 0 2.5
223 1 0 3.25
75 -8 0 2.75
253 3 0 2.75
253 16 0 2.0
335 22 0 1.5
80 26 0 3.25
286 74 0 2.25
293 19 0 1.5
5 19 0 3.25
328 22 0 1.75
166 21 0 2.75
300 8 0 2.0
163 24 0 3.25
340 19 0 2.0
186 18 0 2.75
297 14 0 3.25
270 26 0 3.5
290 12 0 1.75
76 3 0 4.0
149 11 0 1.5
181 1 0 3.5
240 16 0 3.25
101 7 0 2.5
152 -2 0 2.75
339 9 0 2.75
209 -29 0 2.25
58 10 0 1.75
189 52 0 3.75
20 11 0 3.25
21 5 0 2.25
204 5 0 1.5
40 77 0 2.5
20 13 0 3.5
116 1 0 1.5
74 12 0 2.5
29 19 0 1.5
21 8 0 1.5
224 18 0 2.5
288 18 0 3.5
280 14 0 2.75
216 25 0 2.75
264 24 0 2.25
138 23 0 2.75
65 29 0 2.75
47 21 0 3.5
175 0 0 2.75
322 26 0 3.75
284 29 0 2.5
71 10 0 1.75
354 19 0 2.75
145 6 0 2.25
338 17 0 3.75
117 26 0 4.0
240 22 0 3.5
29 20 0 3.75
299 22 0 2.25
59 18 0 4.0
9 28 0 2.0
83 18 0 4.0
273 44 0 3.5
73 23 0 3.0
110 18 0 3.25
67 2 0 2.75
221 45 0 3.75
161 10 0 1.5
176 0 0 3.5
92 7 0 2.75
265 -50 0 3.5
106 8 0 2.5
24 55 0 3.0
70 16 0 1.75
339 28 0 1.75
248 6 0 3.5
6 4 0 2.75
347 24 0 3.25
40 40 0 3.25
52 9 0 2.75
179 8 0 2.5
207 34 0 1.75
219 9 0 3.75
318 78 0 1.5
319 10 0 1.5
256 26 0 2.25
350 5 0 1.5
169 4 0 4.0
133 21 0 4.0
299 8 0 3.0
206 28 0 2.75
110 8 0 2.0
197 -3 0 2.0
62 6 0 3.75
88 26 0 2.25
155 24 0 3.25
9 -21 0 2.0
83 7 0 2.5
102 16 0 2.25
248 3 0 3.5
71 9 0 3.25
60 -22 0 2.5
309 4 0 1.5
9 47 0 3.5
26 12 0 3.75
86 -22 0 2.0
295 8 0 2.5
323 21 0 4.0
298 23 0 3.75
234 28 0 3.0
77 -22 0 4.0
230 29 0 2.0
197 1 0 1.5
327 8 0 2.5
26 28 0 2.0
223 29 0 3.25
312 20 0 2.5
78 7 0 3.75
179 15 0 2.5
301 27 0 2.75
279 54 0 1.75
224 25 0 2.5
182 34 0 1.5
195 13 0 4.0
218 13 0 2.25
313 27 0 3.75
139 30 0 3.75
34 16 0 2.0
82 16 0 3.5
270 27 0 3.25
146 21 0 4.0
135 2 0 1.5
177 11 0 2.5
5 21 0 2.75
205 16 0 3.0
347 5 0 2.75
12 -6 0 2.0
291 11 0 1.75
182 25 0 3.25
27 19 0 2.0
106 23 0 1.5
45 6 0 1.5
309 -48 0 3.25
259 30 0 3.0
211 8 0 3.75
184 49 0 2.75
192 7 0 4.0
125 57 0 2.0
241 23 0 3.5
134 22 0 1.5
10 -9 0 3.5
302 23 0 3.0
22 28 0 1.75
221 23 0 3.75
23 21 0 3.25
74 5 0 2.25
188 34 0 3.25
129 -10 0 1.75
348 8 0 2.75
354 5 0 4.0
332 18 0 2.25
303 16 0 4.0
42 4 0 3.75
49 13 0 3.75
262 11 0 2.25
335 13 0 2.5
118 15 0 3.5
97 7 0 2.25
37 15 0 2.0
123 4 0 3.0
25 22 0 1.5
191 18 0 2.0
100 19 0 2.75
132 19 0 3.75
267 2 0 4.0
97 58 0 2.25
5 23 0 2.0
140 11 0 2.75
50 22 0 3.5
230 13 0 2.0
75 23 0 2.25
24 54 0 2.75
265 12 0 3.25
92 45 0 3.75
167 17 0 1.75
4 15 0 3.25
223 13 0 1.75
113 14 0 2.0
222 29 0 3.75
343 16 0 2.5
256 29 0 2.0
139 21 0 2.0
145 2 0 3.0
276 22 0 2.5
223 28 0 4.0
339 12 0 1.5
146 6 0 2.25
290 19 0 2.0
297 32 0 4.0
120 13 0 3.5
310 9 0 2.0
113 11 0 2.5
157 27 0 3.25
87 -20 0 2.75
79 4 0 2.25
9 11 0 1.5
198 3 0 2.25
331 29 0 2.25
231 27 0 2.75
149 3 0 3.5
244 10 0 3.75
148 23 0 2.25
338 24 0 4.0
64 0 0 1.5
287 -18 0 4.0
321 -44 0 3.75
26 6 0 3.5
73 9 0 1.75
232 36 0 4.0
261 16 0 1.75
87 12 0 2.5
138 19 0 3.0
121 -27 0 2.0
15 26 0 2.5
33 12 0 3.75
329 -29 0 3.5
54 5 0 4.0
60 12 0 3.5
202 24 0 2.25
71 21 0 2.5
131 4 0 3.0
351 23 0 3.75
59 29 0 1.5
348 10 0 1.75
145 -20 0 3.75
218 4 0 1.75
130 7 0 2.0
178 63 0 1.75
189 26 0 1.5
353 21 0 1.5
259 10 0 3.0
321 25 0 3.25
299 -36 0 2.25
75 1 0 1.5
252 9 0 1.5
350 17 0 2.5
77 30 0 3.75
17 5 0 3.0
98 49 0 3.75
249 8 0 2.25
190 7 0 3.25
184 -19 0 2.5
180 21 0 3.5
348 20 0 3.0
358 30 0 1.5
326 13 0 3.75
218 28 0 2.0
166 0 0 1.5
280 0 0 3.0
29 2 0 2.25
278 -10 0 2.25
349 22 0 2.75
307 3 0 3.75
357 33 0 2.5
183 24 0 1.75
20 5 0 3.5
130 19 0 3.25
194 -25 0 3.0
354 76 0 1.75
314 -14 0 3.25
221 -45 0 1.75
210 4 0 3.5
104 -26 0 3.25
151 0 0 3.5
171 15 0 1.5
131 3 0 3.0
154 4 0 3.0
185 12 0 2.25
259 10 0 2.5
85 27 0 3.0
15 11 0 3.0
351 24 0 1.5
115 30 0 1.75
284 6 0 4.0
123 24 0 3.25
285 4 0 2.5
243 1 0 2.0
222 15 0 2.0
249 3 0 2.5
294 24 0 2.0
203 22 0 2.0
139 29 0 3.0
87 37 0 1.75
269 14 0 4.0
320 -1 0 1.75
148 27 0 2.75
31 -24 0 2.75
181 42 0 4.0
244 21 0 3.25
38 -14 0 2.25
169 33 0 1.75
253 26 0 2.75
207 8 0 3.25
256 10 0 3.5
112 -13 0 2.25
250 16 0 3.75
334 2 0 4.0
76 17 0 3.25
160 2 0 2.5
148 9 0 2.5
277 21 0 1.75
250 3 0 2.75
170 2 0 2.25
201 1 0 3.5
13 21 0 2.25
226 29 0 4.0
87 11 0 2.75
68 30 0 3.75
67 26 0 3.75
110 8 0 1.75
29 15 0 2.0
243 7 0 2.25
4 9 0 2.25
78 45 0 2.25
359 1 0 1.75
332 29 0 2.75
310 28 0 1.75
181 22 0 3.75
357 14 0 1.75
68 59 0 3.75
141 25 0 1.75
123 2 0 3.25
313 72 0 2.25
21 18 0 2.0
97 18 0 2.0
147 77 0 2.25
11 0 0 1.75
84 11 0 3.5
286 15 0 4.0
46 3 0 2.75
332 8 0 4.0
289 4 0 3.75
275 29 0 1.75
230 -20 0 2.0
236 16 0 2.0
270 10 0 2.25
293 0 0 2.25
347 25 0 4.0
343 10 0 4.0
120 -38 0 2.25
129 8 0 3.25
213 25 0 3.75
322 8 0 3.75
285 -9 0 1.5
111 21 0 1.5
324 30 0 1.75
103 28 0 2.25
213 26 0 3.25
263 3 0 3.25
189 25 0 3.75
46 8 0 3.75
305 27 0 3.0
195 10 0 2.5
44 15 0 3.0
248 69 0 2.25
119 10 0 2.25
234 28 0 2.75
327 17 0 2.5
103 8 0 4.0
234 8 0 1.75
72 2 0 3.25
259 28 0 3.5
104 2 0 2.5
228 2 0 2.75
290 13 0 2.25
277 8 0 1.5
83 11 0 3.5
118 1 0 3.5
122 22 0 1.5
349 20 0 3.75
96 10 0 3.0
45 4 0 2.25
170 10 0 3.0
275 18 0 3.75
252 12 0 2.5
281 27 0 2.25
265 21 0 4.0
152 8 0 2.25
287 21 0 4.0
42 23 0 3.0
199 2 0 1.5
314 28 0 2.25
88 17 0 2.25
69 14 0 2.75
269 0 0 2.5
194 38 0 3.0
5 5 0 2.0
196 18 0 1.75
352 0 0 3.0
195 -7 0 3.75
13 -49 0 2.5
8 -6 0 1.5
35 22 0 3.25
316 18 0 2.0
174 10 0 3.0
350 20 0 3.0
101 16 0 3.25
244 -10 0 2.25
167 26 0 1.75
354 30 0 3.75
99 -5 0 2.75
121 -19 0 2.5
342 30 0 3.0
327 56 0 3.25
278 21 0 1.75
33 29 0 4.0
314 10 0 3.25
81 24 0 2.25
270 18 0 2.0
93 16 0 3.5
211 24 0 3.25
129 12 0 3.5
240 16 0 1.5
331 18 0 4.0
31 27 0 1.75
276 12 0 2.5
296 -26 0 3.0
229 28 0 2.0
198 0 0 2.25
21 18 0 2.75
67 25 0 2.5
77 57 0 2.0
287 0 0 2.25
79 30 0 1.75
184 21 0 3.0
307 10 0 3.25
267 17 0 2.75
303 14 0 4.0
54 19 0 2.75
122 29 0 3.5
173 47 0 2.5
108 14 0 3.75
171 18 0 3.5
136 10 0 2.25
221 -34 0 3.5
101 2 0 4.0
5 14 0 2.25
188 14 0 2.5
312 30 0 3.25
280 16 0 1.5
119 42 0 2.0
327 28 0 3.25
1 11 0 3.5
240 20 0 3.75
17 27 0 4.0
285 5 0 1.75
152 23 0 1.75
212 27 0 1.75
101 26 0 2.25
21 20 0 3.25
108 22 0 3.5
26 2 0 2.75
194 17 0 3.5
128 29 0 3.75
98 5 0 2.5
114 2 0 1.75
249 14 0 4.0
191 4 0 4.0
125 22 0 3.0
156 -40 0 4.0
170 18 0 2.0
336 19 0 3.0
73 13 0 2.5
285 2 0 2.75
90 20 0 4.0
60 -18 0 3.25
219 39 0 2.25
357 27 0 2.0
178 30 0 3.25
347 -26 0 4.0
249 2 0 3.5
72 11 0 3.5
35 30 0 3.25
300 10 0 4.0
113 20 0 4.0
159 74 0 3.25
283 24 0 2.25
238 3 0 1.75
351 47 0 3.5
201 20 0 3.75
351 26 0 1.5
118 10 0 3.5
11 -29 0 4.0
229 18 0 2.25
138 22 0 4.0
272 8 0 2.0
289 6 0 3.0
296 21 0 1.5
77 4 0 1.75
16 17 0 2.5
182 9 0 1.75
235 15 0 2.75
261 4 0 2.25
189 28 0 3.75
11 3 0 2.25
245 5 0 3.75
204 28 0 1.5
217 50 0 3.5
333 24 0 1.75
174 7 0 2.0
185 6 0 3.75
268 -11 0 4.0
167 17 0 1.5
302 9 0 3.75
353 20 0 4.0
166 -21 0 2.0
150 1 0 3.75
72 4 0 3.75
110 -1 0 2.0
167 23 0 2.25
54 6 0 2.75
159 3 0 2.75
315 -4 0 1.75
83 35 0 3.0
296 22 0 4.0
345 3 0 1.5
123 2 0 2.75
187 21 0 3.25
45 6 0 2.25
120 11 0 2.75
162 18 0 3.75
267 26 0 2.75
236 3 0 2.25
344 9 0 2.0
38 28 0 4.0
40 21 0 1.75
195 28 0 2.0
311 8 0 3.0
121 3 0 1.75
248 1 0 4.0
231 26 0 3.0
83 25 0 3.75
234 -3 0 1.5
53 5 0 3.0
156 3 0 3.0
252 25 0 3.25
183 5 0 3.75
352 3 0 3.75
258 14 0 1.5
356 20 0 3.0
122 16 0 2.0
353 20 0 3.5
173 23 0 2.25
252 14 0 2.5
80 11 0 3.0
276 3 0 3.75
100 7 0 3.0
133 7 0 3.0
32 2 0 1.5
238 25 0 3.75
17 14 0 3.0
304 15 0 1.5
223 22 0 1.5
155 13 0 3.75
146 16 0 2.5
46 61 0 3.25
181 21 0 1.75
216 0 0 3.25
324 21 0 2.5
59 25 0 3.0
201 4 0 3.0
55 4 0 3.5
184 26 0 1.75
156 16 0 2.25
325 2 0 4.0
33 -21 0 3.75
120 13 0 3.75
210 2 0 3.5
171 3 0 1.75
227 15 0 2.25
65 3 0 2.25
204 21 0 3.25
356 57 0 2.0
224 3 0 3.0
250 2 0 4.0
166 16 0 2.5
130 10 0 3.25
243 30 0 1.5
68 18 0 3.0
322 -4 0 1.5
243 6 0 2.25
310 30 0 3.25
42 30 0 1.5
286 16 0 2.25
86 40 0 4.0
92 0 0 2.25
354 -17 0 2.0
90 19 0 2.0
141 36 0 3.25
15 6 0 1.75
175 27 0 2.5
253 1 0 4.0
108 28 0 2.75
175 7 0 2.25
144 25 0 4.0
39 20 0 1.5
91 26 0 2.25
144 1 0 3.75
141 15 0 4.0
326 22 0 3.25
201 21 0 2.75
40 13 0 4.0
130 14 0 2.25
346 4 0 3.5
226 -24 0 3.25
146 49 0 1.75
135 13 0 2.25
160 25 0 3.75
346 7 0 3.0
213 1 0 2.5
93 22 0 1.75
107 19 0 1.75
295 28 0 3.5
234 17 0 1.5
162 14 0 3.5
248 6 0 1.5
262 14 0 2.0
45 11 0 2.25
227 16 0 2.25
13 11 0 2.0
275 16 0 2.0
274 8 0 2.0
304 21 0 3.0
296 2 0 3.25
42 34 0 4.0
56 29 0 4.0
238 13 0 1.75
163 19 0 2.25
103 28 0 3.75
150 -16 0 3.5
124 -1 0 3.25
181 22 0 3.5
229 -15 0 3.25
44 13 0 2.0
251 22 0 3.25
287 7 0 1.75
245 25 0 2.5
205 28 0 3.5
349 18 0 3.5
171 24 0 2.75
335 -37 0 2.75
130 23 0 1.75
234 18 0 2.75
217 12 0 3.5
313 10 0 3.0
107 22 0 1.75
182 21 0 3.0
147 17 0 1.5
140 6 0 2.5
167 11 0 2.75
142 30 0 1.75
14 17 0 1.75
115 18 0 1.75
158 -14 0 2.5
172 23 0 2.5
127 17 0 3.0
276 19 0 1.75
194 25 0 1.75
87 19 0 1.5
19 2 0 3.25
153 1 0 1.75
307 13 0 3.0
157 1 0 2.0
221 8 0 1.5
310 31 0 2.5
128 1 0 2.75
161 22 0 2.5
276 18 0 3.75
165 22 0 3.0
230 21 0 3.0
49 25 0 2.0
298 9 0 2.75
351 25 0 3.75
289 23 0 3.75
124 21 0 1.5
305 15 0 3.25
78 13 0 3.5
58 17 0 3.0
85 14 0 3.0
145 24 0 2.5
270 27 0 2.75
332 5 0 1.75
232 7 0 2.5
252 3 0 4.0
267 6 0 1.75
342 17 0 3.5
1 27 0 1.75
111 12 0 2.25
2 8 0 4.0
107 12 0 2.75
282 12 0 4.0
81 -21 0 2.75
139 7 0 3.25
257 -7 0 3.25
168 25 0 2.0
267 -13 0 3.25
284 6 0 3.5
203 28 0 1.75
133 39 0 1.75
133 22 0 3.75
193 22 0 2.5
128 25 0 3.25
91 -28 0 3.25
200 23 0 3.0
88 12 0 2.5
235 -10 0 1.75
274 45 0 2.75
53 18 0 1.5
225 5 0 2.5
224 25 0 1.75
89 29 0 2.75
309 25 0 3.5
227 0 0 2.5
12 25 0 2.5
44 16 0 3.25
260 27 0 3.0
238 30 0 3.75
175 17 0 1.75
77 15 0 3.25
231 21 0 1.75
197 1 0 3.75
113 -22 0 1.75
2 18 0 1.75
106 18 0 3.25
198 -13 0 2.0
175 11 0 2.5
279 -19 0 2.5
190 7 0 2.25
328 21 0 1.75
184 4 0 3.75
318 3 0 2.5
274 10 0 4.0
44 2 0 3.0
346 10 0 3.0
278 2 0 2.75
248 6 0 1.75
220 -13 0 3.25
342 9 0 2.25
147 16 0 2.75
278 7 0 4.0
74 67 0 3.0
289 13 0 3.75
344 10 0 1.5
205 -20 0 3.25
282 30 0 1.5
127 11 0 4.0
143 -12 0 3.5
198 22 0 2.25
92 20 0 4.0
197 30 0 3.5
327 5 0 2.0
5 16 0 1.5
29 0 0 2.75
26 15 0 1.5
52 23 0 1.75
209 29 0 3.5
158 27 0 2.75
149 20 0 3.0
332 25 0 4.0
287 27 0 2.75
65 31 0 2.75
101 17 0 4.0
301 4 0 3.75
277 24 0 2.5
68 25 0 2.5
253 3 0 2.25
53 1 0 3.75
124 -11 0 1.5
226 21 0 2.25
191 17 0 1.75
213 -40 0 3.25
315 -3 0 2.0
69 -2 0 2.0
190 25 0 4.0
350 1 0 3.5
120 -30 0 3.25
13 16 0 2.25
83 18 0 1.5
354 25 0 3.25
164 2 0 2.0
101 7 0 2.0
358 13 0 3.0
251 29 0 3.25
258 12 0 2.0
234 1 0 2.0
53 18 0 2.0
282 5 0 2.5
66 24 0 4.0
167 -26 0 3.75
