178 25 0 1.5
215 30 0 2.25
31 22 0 3.0
85 26 0 2.25
183 8 0 1.75
121 9 0 1.75
333 3 0 2.0
323 18 0 1.5
80 4 0 2.0
50 16 0 3.75
186 3 0 2.75
182 9 0 3.5
101 11 0 4.0
329 29 0 1.5
300 2 0 2.75
322 13 0 2.75
349 10 0 2.5
56 5 0 1.75
9 11 0 3.5
140 -1 0 3.25
86 20 0 4.0
57 13 0 2.25
333 8 0 3.25
312 8 0 2.5
187 -17 0 2.25
307 14 0 3.25
298 2 0 1.75
302 10 0 3.25
226 55 0 3.5
156 12 0 1.5
1 4 0 2.75
131 3 0 2.75
257 9 0 4.0
347 -36 0 1.5
23 11 0 3.75
270 26 0 2.5
112 30 0 4.0
109 23 0 4.0
259 8 0 3.25
229 5 0 2.75
156 9 0 2.0
18 19 0 3.0
265 0 0 3.75
187 -11 0 3.25
249 -46 0 1.5
302 15 0 4.0
260 9 0 4.0
296 4 0 2.25
200 29 0 2.5
65 20 0 2.0
102 2 0 2.25
67 1 0 2.5
123 2 0 2.0
280 17 0 1.75
323 4 0 2.75
213 20 0 4.0
123 0 0 2.5
329 5 0 3.5
4 17 0 1.75
331 0 0 2.5
195 24 0 2.0
108 20 0 3.0
144 2 0 3.25
71 29 0 3.75
142 16 0 1.5
95 -2 0 2.75
232 8 0 2.25
82 -33 0 3.5
263 16 0 1.5
206 14 0 3.75
180 12 0 3.25
282 34 0 3.75
249 16 0 2.5
308 8 0 2.5
60 58 0 3.5
265 20 0 4.0
323 26 0 1.75
298 19 0 3.5
138 24 0 2.5
11 5 0 2.75
180 17 0 3.0
107 26 0 3.5
229 15 0 2.0
207 1 0 2.5
236 -24 0 1.5
147 19 0 3.0
290 29 0 4.0
143 9 0 3.25
310 59 0 2.0
58 6 0 1.75
91 6 0 3.0
92 -21 0 3.25
283 18 0 2.25
325 -38 0 3.25
65 8 0 1.5
81 21 0 2.5
281 30 0 3.25
158 25 0 2.75
0 14 0 4.0
237 28 0 2.25
176 21 0 2.75
231 -15 0 3.75
37 -47 0 2.5
222 19 0 3.0
173 26 0 2.0
194 13 0 2.0
147 19 0 3.75
219 -24 0 1.5
326 5 0 3.75
345 0 0 4.0
108 26 0 1.75
329 20 0 3.75
307 27 0 3.0
206 6 0 3.0
281 3 0 1.75
229 27 0 3.25
133 23 0 1.75
91 30 0 1.75
339 14 0 2.75
111 26 0 2.25
261 -7 0 3.5
342 29 0 3.0
245 11 0 3.5
151 25 0 3.25
298 -39 0 2.75
300 8 0 1.5
220 27 0 1.75
196 27 0 1.5
77 5 0 1.75
356 21 0 1.5
7 50 0 4.0
132 25 0 2.0
249 -19 0 3.5
77 0 0 3.25
258 11 0 1.5
41 15 0 1.5
281 5 0 2.5
186 -21 0 2.5
212 30 0 3.75
265 26 0 2.0
237 29 0 3.5
142 26 0 2.25
37 12 0 2.25
225 27 0 2.5
240 17 0 3.0
171 24 0 3.25
327 19 0 2.5
278 -24 0 3.0
303 40 0 2.75
28 0 0 3.5
147 13 0 2.5
36 11 0 2.25
301 27 0 3.25
150 24 0 3.5
356 14 0 1.75
215 4 0 3.75
153 13 0 3.75
109 3 0 2.0
161 0 0 2.5
92 37 0 3.0
139 7 0 3.25
21 6 0 3.0
277 23 0 2.0
309 19 0 2.0
231 15 0 2.75
39 28 0 3.25
71 29 0 4.0
268 14 0 1.75
243 28 0 3.5
323 6 0 2.0
248 1 0 3.5
259 3 0 4.0
93 7 0 2.75
287 25 0 3.75
197 19 0 2.0
71 21 0 2.25
88 27 0 3.0
16 16 0 2.0
359 8 0 3.0
133 3 0 1.75
159 1 0 3.75
333 23 0 2.0
92 20 0 2.75
85 25 0 1.5
308 16 0 4.0
332 11 0 2.0
199 -24 0 1.5
12 30 0 3.25
5 0 0 4.0
39 21 0 1.75
172 28 0 2.5
23 17 0 3.75
109 19 0 2.0
223 29 0 3.75
143 20 0 3.25
347 9 0 2.25
98 -25 0 4.0
113 9 0 2.0
28 20 0 2.0
148 29 0 3.75
64 0 0 4.0
15 0 0 3.75
33 23 0 2.0
316 22 0 2.75
42 0 0 2.0
88 10 0 3.25
318 5 0 2.0
315 17 0 1.75
195 78 0 1.5
240 13 0 1.75
148 2 0 1.5
243 -3 0 1.75
19 12 0 3.0
139 14 0 1.75
266 17 0 3.75
38 9 0 4.0
66 11 0 2.25
231 -4 0 1.5
347 15 0 3.0
251 23 0 1.75
336 0 0 3.75
83 3 0 1.5
133 26 0 1.5
224 12 0 4.0
91 23 0 2.5
347 13 0 2.25
89 21 0 3.5
350 10 0 3.25
194 16 0 3.75
355 52 0 2.25
237 29 0 3.0
271 6 0 2.0
247 16 0 3.5
163 2 0 1.5
164 15 0 4.0
310 6 0 2.5
141 5 0 2.75
350 41 0 1.5
322 16 0 2.0
180 7 0 4.0
220 19 0 2.0
292 -3 0 4.0
193 4 0 3.75
220 23 0 3.75
178 -22 0 2.75
57 5 0 2.0
212 20 0 3.0
12 64 0 3.5
2 4 0 2.25
329 4 0 3.0
297 20 0 2.0
169 18 0 2.25
10 4 0 3.75
61 17 0 3.75
335 65 0 2.25
288 23 0 1.75
157 30 0 4.0
174 20 0 2.75
255 21 0 1.75
195 7 0 3.5
236 22 0 2.0
254 19 0 2.5
321 26 0 2.5
2 17 0 3.0
67 0 0 4.0
313 6 0 3.5
86 11 0 1.75
271 8 0 1.75
22 23 0 1.5
215 29 0 1.5
93 20 0 2.25
192 -16 0 1.5
1 22 0 2.75
310 -50 0 2.0
187 18 0 2.0
268 9 0 2.75
185 12 0 3.25
146 21 0 4.0
50 -12 0 2.0
190 27 0 2.75
201 17 0 3.5
300 -29 0 3.25
353 28 0 2.25
244 14 0 1.75
146 29 0 3.75
103 24 0 2.0
245 67 0 2.5
118 -37 0 2.75
63 -15 0 1.75
120 -28 0 3.75
59 20 0 1.5
94 2 0 1.75
327 -44 0 3.0
240 -11 0 1.75
275 16 0 1.75
58 21 0 1.75
203 3 0 2.25
42 26 0 2.75
91 22 0 1.5
166 15 0 2.25
112 25 0 2.5
10 0 0 3.75
152 24 0 3.5
254 23 0 2.25
170 73 0 1.5
3 0 0 2.5
189 10 0 1.75
156 7 0 1.5
228 11 0 2.25
96 5 0 2.75
326 9 0 1.75
296 56 0 2.75
65 15 0 3.75
109 28 0 2.75
163 8 0 1.5
276 25 0 1.75
327 12 0 1.5
280 15 0 2.25
281 2 0 4.0
127 5 0 4.0
193 20 0 1.75
178 30 0 3.5
36 12 0 2.5
107 17 0 1.75
238 5 0 3.0
160 18 0 3.25
204 14 0 3.75
320 11 0 3.75
9 10 0 4.0
55 12 0 4.0
285 23 0 2.25
205 30 0 2.0
111 4 0 4.0
69 16 0 2.25
135 15 0 2.0
269 7 0 2.5
29 9 0 3.5
56 4 0 2.0
219 0 0 1.5
134 9 0 3.5
85 5 0 2.0
150 0 0 1.5
101 68 0 3.25
128 1 0 3.25
263 6 0 3.5
206 30 0 2.75
49 27 0 1.75
144 27 0 3.0
217 17 0 2.75
245 -12 0 3.25
96 16 0 2.5
248 5 0 2.5
209 19 0 3.25
40 23 0 4.0
30 -14 0 3.25
233 1 0 4.0
135 10 0 2.75
75 -19 0 2.25
324 24 0 1.75
243 10 0 3.5
359 22 0 4.0
132 30 0 2.5
83 14 0 3.5
240 5 0 1.75
351 21 0 2.5
13 23 0 3.75
122 6 0 3.5
22 30 0 4.0
233 3 0 3.25
286 27 0 1.75
13 14 0 1.75
122 25 0 3.0
337 7 0 2.25
67 4 0 3.25
220 6 0 3.5
177 -15 0 1.5
81 32 0 2.5
185 4 0 4.0
340 24 0 2.25
240 30 0 3.0
300 19 0 2.5
313 2 0 3.25
352 3 0 2.5
223 23 0 3.5
172 12 0 3.75
239 21 0 2.0
267 18 0 3.5
260 11 0 3.25
123 4 0 1.75
303 21 0 3.5
352 -27 0 2.75
278 -4 0 1.5
98 16 0 3.75
123 24 0 2.25
255 19 0 3.25
184 -39 0 2.5
193 23 0 2.25
284 29 0 3.75
39 -13 0 2.25
266 16 0 3.0
316 23 0 3.0
24 9 0 3.0
217 23 0 2.25
351 0 0 3.0
323 20 0 3.25
82 50 0 2.75
251 -29 0 3.5
218 3 0 1.75
342 17 0 2.5
146 29 0 4.0
60 5 0 2.25
203 3 0 3.0
331 15 0 3.5
255 23 0 2.5
214 26 0 4.0
316 1 0 4.0
39 9 0 3.25
219 19 0 3.25
162 16 0 2.25
230 13 0 2.5
254 19 0 2.0
19 26 0 2.75
38 29 0 4.0
121 2 0 2.0
356 0 0 2.75
250 13 0 2.0
290 42 0 4.0
142 18 0 3.5
359 0 0 2.25
236 6 0 3.25
339 7 0 3.75
328 29 0 2.75
115 16 0 2.0
277 21 0 3.75
56 -12 0 1.5
84 28 0 2.5
92 17 0 2.25
354 23 0 2.75
117 -30 0 4.0
56 16 0 2.25
243 4 0 3.5
232 5 0 2.75
22 14 0 2.75
46 13 0 1.75
262 29 0 4.0
335 25 0 3.5
349 22 0 2.25
223 0 0 3.25
196 24 0 2.25
308 46 0 2.5
137 12 0 1.75
184 80 0 3.5
78 5 0 3.75
315 -12 0 3.75
107 28 0 3.5
115 1 0 1.75
61 21 0 3.25
167 -23 0 1.75
184 21 0 3.25
32 5 0 2.25
240 8 0 3.25
81 2 0 2.5
245 14 0 2.25
265 21 0 1.75
121 23 0 3.0
242 28 0 2.75
249 20 0 3.5
156 46 0 2.5
47 13 0 3.75
54 -20 0 2.75
208 14 0 3.75
262 9 0 2.75
120 21 0 1.5
224 3 0 1.5
62 29 0 3.75
217 22 0 2.5
195 27 0 1.75
88 -24 0 1.75
8 25 0 1.5
8 1 0 3.5
239 26 0 3.0
47 4 0 3.25
336 25 0 2.75
210 30 0 2.5
298 6 0 1.5
84 15 0 4.0
261 12 0 2.0
52 -42 0 2.5
45 -11 0 3.5
47 3 0 3.25
131 -14 0 3.5
108 5 0 1.75
145 5 0 3.25
75 12 0 4.0
274 27 0 3.25
194 28 0 3.0
337 10 0 3.5
300 13 0 2.75
171 -23 0 2.0
23 -16 0 2.0
137 5 0 2.5
340 10 0 3.0
313 4 0 2.75
124 29 0 3.75
279 28 0 1.5
335 3 0 2.25
359 9 0 2.0
214 37 0 3.25
221 52 0 2.5
119 -28 0 1.75
207 25 0 2.0
212 20 0 2.25
242 38 0 3.25
27 21 0 2.75
243 29 0 3.25
256 4 0 4.0
70 19 0 3.5
11 3 0 1.5
293 5 0 3.0
343 8 0 2.5
149 0 0 2.75
359 30 0 1.75
52 6 0 3.0
341 14 0 3.5
200 18 0 4.0
86 8 0 4.0
128 76 0 2.5
306 10 0 2.0
209 8 0 1.5
216 -15 0 3.75
75 12 0 3.25
177 18 0 4.0
74 2 0 3.25
286 12 0 1.75
284 18 0 4.0
38 25 0 3.0
49 13 0 2.75
101 12 0 1.5
255 20 0 3.75
90 6 0 1.75
69 4 0 2.5
352 5 0 2.0
228 26 0 3.0
337 15 0 3.25
84 3 0 2.25
170 8 0 3.25
261 13 0 3.25
336 28 0 2.0
204 9 0 3.5
348 -19 0 1.5
20 1 0 3.75
319 30 0 3.25
145 13 0 1.5
200 25 0 2.75
245 27 0 1.75
344 7 0 1.75
319 2 0 2.0
165 10 0 2.75
293 26 0 2.5
155 29 0 2.25
257 3 0 2.0
66 10 0 1.75
139 42 0 2.75
213 26 0 2.0
274 4 0 3.0
146 9 0 1.75
273 17 0 2.25
30 14 0 2.75
243 23 0 3.0
141 27 0 2.25
329 20 0 3.5
353 13 0 1.75
182 16 0 2.5
266 8 0 2.5
137 22 0 2.75
350 0 0 3.0
203 18 0 3.0
282 -3 0 1.5
329 3 0 1.5
207 5 0 3.75
131 62 0 3.25
66 21 0 1.75
51 3 0 1.75
246 -27 0 3.5
191 8 0 3.5
127 -14 0 1.75
106 -23 0 1.75
289 13 0 1.5
307 22 0 4.0
162 -27 0 1.75
40 48 0 2.5
94 54 0 3.75
322 4 0 3.5
189 45 0 3.0
338 -30 0 2.25
242 15 0 2.5
256 21 0 1.75
6 14 0 2.5
181 20 0 3.0
9 5 0 1.75
48 26 0 2.0
328 12 0 4.0
279 22 0 4.0
354 18 0 2.25
31 19 0 4.0
160 21 0 3.25
61 18 0 2.25
231 13 0 1.75
330 -19 0 2.0
277 19 0 2.0
177 27 0 2.75
233 -8 0 3.25
94 10 0 2.75
3 -42 0 2.5
350 -35 0 3.75
109 -18 0 2.75
133 25 0 1.5
121 5 0 2.5
54 9 0 2.25
51 29 0 2.75
326 19 0 3.25
100 66 0 1.5
276 24 0 3.25
302 30 0 3.75
176 2 0 3.25
256 10 0 3.75
49 29 0 3.0
240 -25 0 1.75
345 6 0 2.25
170 17 0 3.25
199 19 0 4.0
358 6 0 3.25
90 -25 0 2.0
126 3 0 2.75
355 19 0 2.25
17 14 0 3.25
347 4 0 3.75
10 16 0 3.75
154 15 0 3.0
200 -23 0 3.5
334 5 0 2.25
352 15 0 2.75
137 23 0 3.25
265 8 0 2.0
176 20 0 3.75
8 22 0 3.5
162 11 0 1.5
175 30 0 1.5
10 19 0 1.75
92 0 0 2.0
217 12 0 2.5
242 5 0 3.0
84 15 0 2.25
157 30 0 3.0
200 20 0 4.0
318 24 0 3.75
30 30 0 3.25
175 18 0 3.75
80 -3 0 3.75
85 23 0 3.75
24 11 0 3.0
279 13 0 2.0
16 23 0 3.5
244 12 0 1.75
266 24 0 1.5
339 8 0 3.5
120 26 0 4.0
193 16 0 1.75
252 22 0 2.5
295 9 0 2.75
163 0 0 2.5
221 16 0 2.25
262 24 0 3.5
175 22 0 3.25
149 18 0 2.25
110 17 0 2.0
163 60 0 2.75
168 15 0 3.75
249 4 0 2.0
56 2 0 3.75
147 -21 0 3.0
172 21 0 2.75
306 23 0 3.75
310 12 0 3.5
9 -30 0 3.25
61 28 0 3.5
41 7 0 3.25
222 22 0 2.0
31 18 0 3.25
33 -30 0 3.75
142 10 0 3.0
265 25 0 3.75
194 28 0 2.5
313 25 0 2.75
359 -29 0 3.25
253 29 0 2.75
212 22 0 4.0
4 -18 0 3.75
95 23 0 3.75
330 44 0 3.0
233 10 0 3.5
64 6 0 1.5
74 4 0 2.0
289 9 0 3.75
313 29 0 1.5
40 10 0 2.25
120 5 0 3.25
243 16 0 3.5
70 -20 0 2.25
236 9 0 1.5
19 17 0 3.25
152 7 0 3.5
41 -29 0 1.5
232 18 0 3.0
320 3 0 3.25
256 24 0 1.75
245 -9 0 1.75
326 13 0 3.0
233 19 0 2.5
141 9 0 1.75
271 -40 0 1.75
130 11 0 2.75
150 -24 0 2.0
26 2 0 1.5
191 29 0 3.0
262 20 0 3.0
305 13 0 3.25
64 21 0 3.0
53 7 0 3.75
282 -42 0 1.75
187 57 0 2.75
22 0 0 3.75
304 14 0 1.5
239 -2 0 4.0
97 30 0 2.25
18 5 0 3.0
129 15 0 2.0
118 -11 0 2.5
59 15 0 3.75
60 22 0 2.75
202 18 0 2.75
159 -25 0 1.5
35 11 0 4.0
135 29 0 4.0
92 15 0 3.75
289 6 0 3.75
258 -13 0 3.5
254 8 0 4.0
186 4 0 3.0
86 19 0 4.0
265 12 0 3.25
104 6 0 2.5
285 13 0 3.25
68 22 0 3.0
92 6 0 2.25
312 9 0 1.5
192 30 0 2.75
167 28 0 2.75
117 15 0 2.5
268 16 0 1.5
105 23 0 2.5
298 14 0 4.0
242 -43 0 2.25
45 7 0 2.75
75 19 0 4.0
100 30 0 3.25
38 13 0 2.5
222 13 0 1.75
208 11 0 3.25
257 13 0 3.75
60 5 0 1.75
348 26 0 4.0
259 9 0 2.5
276 10 0 3.0
46 12 0 2.5
342 11 0 3.0
214 25 0 2.25
258 12 0 4.0
261 13 0 3.5
88 13 0 1.5
58 23 0 2.75
353 25 0 3.5
263 29 0 3.25
34 25 0 1.5
303 2 0 1.5
112 7 0 3.75
157 6 0 3.5
254 8 0 1.75
107 26 0 4.0
223 76 0 2.0
201 11 0 2.75
244 9 0 1.5
212 25 0 1.5
65 -16 0 3.0
312 5 0 2.0
65 3 0 2.25
165 7 0 3.25
80 4 0 3.0
180 7 0 2.5
327 21 0 2.25
68 19 0 2.75
83 -28 0 2.0
230 10 0 3.0
214 9 0 3.75
253 4 0 2.0
109 10 0 2.5
250 0 0 4.0
35 18 0 1.75
356 23 0 3.0
12 13 0 3.0
265 20 0 2.75
271 25 0 3.75
51 -30 0 2.25
260 6 0 3.5
287 8 0 1.75
102 3 0 2.75
243 58 0 3.75
22 8 0 3.0
97 16 0 4.0
331 4 0 1.75
9 29 0 3.75
24 16 0 3.75
128 9 0 3.0
349 7 0 3.5
40 28 0 3.25
321 25 0 2.5
68 8 0 2.5
85 16 0 2.0
154 12 0 1.5
236 -27 0 4.0
119 29 0 2.75
36 -12 0 1.5
237 26 0 2.75
148 17 0 3.5
299 19 0 1.5
143 11 0 2.75
147 -23 0 3.0
46 22 0 2.25
323 10 0 3.0
229 28 0 4.0
123 24 0 4.0
299 22 0 2.0
64 29 0 2.75
46 24 0 4.0
260 28 0 4.0
206 1 0 4.0
18 2 0 3.5
18 -14 0 3.75
153 22 0 1.5
268 0 0 3.25
300 1 0 3.25
184 37 0 4.0
307 13 0 2.0
235 28 0 4.0
101 10 0 3.0
151 22 0 1.5
268 -18 0 2.25
78 8 0 4.0
132 23 0 2.0
152 31 0 2.25
36 19 0 1.5
51 19 0 1.5
139 4 0 1.75
104 19 0 1.5
338 -16 0 4.0
300 1 0 1.5
1 13 0 2.0
130 33 0 3.0
343 2 0 4.0
266 8 0 3.5
141 29 0 4.0
117 4 0 2.25
154 -25 0 4.0
258 20 0 2.5
88 3 0 3.25
165 27 0 1.75
202 27 0 3.5
336 27 0 2.75
101 15 0 1.75
252 11 0 3.25
53 11 0 2.5
164 -5 0 2.5
326 51 0 4.0
354 79 0 3.0
105 8 0 2.75
151 26 0 3.5
159 -21 0 1.75
206 79 0 2.0
344 1 0 1.5
108 0 0 2.25
84 10 0 2.75
347 12 0 3.0
313 13 0 3.75
16 16 0 1.5
276 20 0 3.0
14 1 0 1.5
202 30 0 2.5
64 7 0 3.5
192 10 0 1.5
31 25 0 3.75
168 0 0 4.0
353 18 0 2.5
13 52 0 1.5
126 10 0 3.5
281 -17 0 4.0
285 26 0 3.25
122 3 0 1.75
331 15 0 1.75
32 7 0 3.25
138 13 0 4.0
190 29 0 1.5
290 6 0 1.5
250 7 0 1.5
180 5 0 3.0
1 28 0 1.75
231 11 0 2.0
184 -17 0 1.5
272 60 0 1.5
182 10 0 2.0
86 62 0 3.75
235 32 0 1.75
289 -27 0 2.75
94 24 0 3.75
162 19 0 4.0
6 18 0 2.0
38 12 0 1.75
127 14 0 4.0
75 30 0 3.75
108 26 0 4.0
125 22 0 3.0
28 23 0 2.25
164 2 0 1.75
343 20 0 2.5
58 27 0 1.5
136 0 0 2.5
237 24 0 1.75
52 17 0 2.75
329 22 0 1.75
308 24 0 4.0
207 18 0 1.75
70 12 0 2.25
179 22 0 3.75
51 6 0 2.75
294 21 0 3.25
124 2 0 3.25
146 6 0 1.5
144 11 0 1.5
32 9 0 2.25
159 8 0 2.5
159 3 0 2.25
63 -18 0 4.0
191 24 0 3.25
12 2 0 3.0
77 17 0 3.0
203 -29 0 4.0
307 21 0 3.75
39 21 0 2.75
33 25 0 1.5
308 14 0 2.5
312 67 0 1.75
309 27 0 1.75
208 9 0 3.25
144 10 0 3.25
185 22 0 2.25
355 25 0 3.25
242 28 0 1.5
314 15 0 1.5
167 25 0 3.5
161 -15 0 3.0
273 28 0 3.5
304 30 0 3.25
182 11 0 4.0
189 6 0 3.5
349 41 0 1.5
214 12 0 3.75
94 3 0 4.0
263 15 0 2.5
174 -6 0 1.75
358 1 0 3.0
123 30 0 3.75
41 5 0 1.75
123 3 0 3.0
224 25 0 3.25
269 7 0 3.0
144 2 0 4.0
249 32 0 1.5
284 56 0 3.0
225 11 0 3.25
346 25 0 3.25
347 -26 0 2.75
219 5 0 2.0
131 19 0 3.0
7 14 0 3.0
39 22 0 2.75
263 25 0 1.75
32 17 0 3.5
338 29 0 3.25
312 58 0 4.0
76 15 0 3.0
159 18 0 2.0
106 17 0 1.75
78 30 0 2.0
306 22 0 2.5
290 30 0 2.75
239 -6 0 4.0
146 14 0 2.75
186 30 0 2.5
337 20 0 3.5
341 10 0 2.0
257 28 0 2.75
7 21 0 4.0
23 26 0 3.0
211 16 0 3.75
281 5 0 3.75
267 20 0 3.5
101 19 0 2.75
165 29 0 3.25
187 26 0 1.75
133 30 0 1.5
234 2 0 4.0
73 16 0 4.0
246 22 0 3.5
331 47 0 2.25
35 28 0 4.0
146 12 0 3.5
315 16 0 2.75
184 24 0 1.5
227 21 0 2.75
235 29 0 2.75
90 19 0 1.75
233 21 0 3.75
133 4 0 4.0
290 23 0 1.75
127 31 0 3.0
20 -17 0 1.5
284 1 0 4.0
318 -11 0 1.5
246 -16 0 1.5
301 29 0 1.75
34 23 0 1.75
94 7 0 2.5
11 -11 0 2.5
49 -33 0 3.0
342 20 0 3.0
79 -14 0 3.25
262 29 0 3.25
117 48 0 2.75
305 4 0 3.5
232 37 0 2.5
325 27 0 3.0
293 1 0 1.5
20 22 0 3.0
315 15 0 2.25
250 26 0 2.75
346 7 0 3.5
122 10 0 4.0
110 27 0 1.75
214 4 0 3.0
216 -27 0 2.5
205 1 0 3.75
165 27 0 1.5
39 3 0 1.75
56 3 0 3.5
151 16 0 3.5
155 19 0 1.75
343 27 0 2.0
76 25 0 1.75
272 -23 0 3.5
32 8 0 3.0
168 26 0 2.0
293 30 0 2.0
109 16 0 3.25
347 15 0 3.5
264 -25 0 3.25
336 3 0 2.75
122 16 0 2.0
317 27 0 1.5
285 30 0 3.25
224 24 0 4.0
78 5 0 1.5
170 13 0 2.5
99 68 0 2.0
16 11 0 3.25
131 30 0 3.5
50 9 0 1.5
66 38 0 3.25
246 9 0 3.0
205 18 0 2.5
43 6 0 2.5
113 24 0 4.0
82 0 0 3.75
269 27 0 4.0
335 18 0 2.25
144 -2 0 1.75
357 30 0 2.25
216 20 0 3.25
264 6 0 4.0
290 7 0 2.25
44 11 0 2.0
263 56 0 1.5
74 9 0 2.5
301 2 0 1.75
123 17 0 2.5
284 4 0 2.75
127 7 0 3.75
192 11 0 2.0
15 22 0 2.0
238 22 0 2.75
38 59 0 2.5
76 15 0 4.0
237 3 0 1.75
323 2 0 3.75
215 -28 0 3.5
253 0 0 3.5
250 21 0 3.25
219 24 0 2.5
5 16 0 1.5
232 47 0 2.25
159 -19 0 2.0
197 18 0 1.5
153 16 0 3.5
14 6 0 2.0
294 -19 0 2.25
76 -22 0 2.0
241 14 0 4.0
20 12 0 3.75
296 14 0 4.0
213 21 0 3.5
297 0 0 3.5
329 21 0 3.75
293 -26 0 2.25
147 17 0 2.5
293 13 0 3.5
155 22 0 3.25
97 -9 0 2.25
354 21 0 2.25
337 4 0 2.0
121 18 0 2.75
313 4 0 1.5
152 18 0 2.5
246 7 0 1.5
345 18 0 1.75
43 32 0 3.0
33 -47 0 3.0
168 10 0 3.25
270 5 0 3.0
335 8 0 3.25
149 1 0 2.25
114 6 0 2.5
50 18 0 1.5
314 16 0 2.5
338 10 0 3.75
18 59 0 3.0
339 25 0 2.75
119 29 0 1.75
83 18 0 2.5
16 -7 0 2.0
197 14 0 1.75
243 10 0 2.75
67 5 0 3.25
76 29 0 2.5
196 36 0 1.5
98 15 0 3.0
176 25 0 3.0
153 15 0 3.25
61 -11 0 3.5
152 -34 0 3.5
10 9 0 2.75
265 17 0 2.25
200 2 0 2.5
217 23 0 1.5
103 20 0 2.0
72 21 0 3.0
131 23 0 3.0
292 10 0 1.5
39 17 0 1.75
106 16 0 1.75
53 19 0 3.0
327 17 0 4.0
71 11 0 3.75
121 27 0 1.75
266 -19 0 2.0
109 24 0 2.5
232 19 0 3.0
165 24 0 2.75
190 8 0 4.0
325 10 0 3.0
262 13 0 3.25
183 22 0 3.5
128 5 0 3.25
34 13 0 3.5
179 10 0 1.75
92 23 0 3.5
93 -13 0 3.0
59 20 0 3.75
39 11 0 2.25
258 27 0 4.0
208 4 0 3.5
285 71 0 2.0
252 3 0 2.5
226 18 0 3.0
42 -22 0 2.75
242 16 0 3.25
260 18 0 3.75
185 31 0 3.0
265 22 0 3.5
189 7 0 4.0
171 9 0 2.25
121 0 0 2.5
264 10 0 4.0
155 7 0 1.75
25 9 0 3.5
58 18 0 4.0
274 16 0 1.5
81 22 0 1.5
257 60 0 3.0
8 24 0 3.75
96 28 0 2.5
99 7 0 3.25
234 26 0 3.0
65 -9 0 3.0
161 44 0 1.75
10 1 0 2.5
275 -43 0 3.0
310 30 0 2.25
129 4 0 2.0
31 59 0 3.25
138 5 0 3.75
192 14 0 2.25
249 10 0 1.5
129 0 0 1.75
2 24 0 3.5
176 17 0 4.0
275 -1 0 3.25
66 10 0 3.75
329 24 0 2.75
19 13 0 1.75
115 2 0 2.25
71 6 0 1.75
190 7 0 3.5
203 -9 0 1.5
43 3 0 1.75
321 10 0 2.75
37 0 0 3.0
37 28 0 3.75
55 28 0 2.5
162 8 0 3.5
114 23 0 2.75
93 28 0 1.5
80 2 0 2.0
332 -50 0 3.25
31 -10 0 1.5
223 3 0 4.0
243 23 0 3.5
283 17 0 3.25
202 11 0 2.75
25 6 0 1.5
24 6 0 2.5
158 4 0 2.25
93 3 0 4.0
123 5 0 4.0
353 -43 0 2.75
30 8 0 3.5
346 6 0 2.0
76 11 0 2.0
228 39 0 3.25
330 -1 0 3.0
112 10 0 2.0
282 21 0 4.0
216 16 0 3.75
18 18 0 3.75
89 9 0 3.75
69 25 0 3.5
56 18 0 2.75
1 17 0 2.0
229 19 0 3.5
296 29 0 2.0
294 23 0 3.0
263 18 0 2.25
152 2 0 2.75
223 28 0 2.25
239 8 0 3.75
230 23 0 1.5
236 13 0 1.5
33 12 0 3.25
25 -26 0 3.5
1 -27 0 2.25
149 43 0 4.0
185 30 0 3.75
8 50 0 3.0
345 9 0 3.25
347 19 0 3.25
181 22 0 3.0
98 26 0 2.5
30 6 0 4.0
183 15 0 2.25
161 16 0 1.5
261 22 0 3.75
59 22 0 2.0
321 22 0 2.5
307 2 0 2.5
341 11 0 1.75
7 16 0 4.0
238 4 0 3.75
158 3 0 2.5
335 23 0 3.25
331 3 0 3.25
21 14 0 3.5
92 25 0 2.75
74 24 0 2.25
39 15 0 2.25
275 28 0 3.75
94 11 0 2.75
218 9 0 2.0
323 22 0 2.25
1 16 0 1.5
62 17 0 3.25
306 9 0 3.25
50 14 0 3.25
282 7 0 3.75
216 25 0 3.0
142 -19 0 2.0
181 11 0 1.5
250 5 0 3.25
154 79 0 3.5
343 27 0 2.25
62 7 0 2.5
251 22 0 1.5
33 7 0 1.75
212 20 0 2.75
102 8 0 2.0
84 1 0 2.5
219 9 0 3.0
322 21 0 3.75
24 12 0 3.75
40 22 0 2.0
43 16 0 3.25
52 2 0 2.0
56 17 0 3.25
275 36 0 2.0
318 9 0 3.5
254 2 0 3.0
157 8 0 4.0
91 15 0 2.0
270 10 0 1.5
196 8 0 3.0
251 13 0 2.5
317 13 0 2.5
119 4 0 3.5
142 24 0 2.5
26 -29 0 3.5
0 50 0 3.25
208 -44 0 3.75
285 7 0 1.75
147 27 0 1.5
347 30 0 3.25
239 21 0 3.25
119 70 0 2.75
209 13 0 3.0
116 21 0 2.5
54 25 0 3.75
131 0 0 2.0
254 -32 0 3.25
62 19 0 3.25
118 19 0 1.5
88 28 0 4.0
201 17 0 3.75
314 17 0 3.5
340 18 0 3.0
82 49 0 3.25
117 -27 0 2.0
90 18 0 1.5
44 17 0 2.0
233 21 0 3.5
95 12 0 2.25
47 16 0 1.75
170 9 0 2.75
53 12 0 2.5
197 14 0 3.25
269 29 0 3.25
196 15 0 3.75
349 12 0 1.5
56 3 0 3.25
45 21 0 2.25
232 21 0 2.75
49 0 0 4.0
131 20 0 1.5
151 16 0 4.0
280 21 0 3.5
64 7 0 4.0
4 16 0 1.5
196 8 0 2.75
87 -28 0 2.0
52 15 0 2.0
93 17 0 3.5
20 18 0 2.75
65 9 0 2.25
224 -12 0 2.75
184 21 0 2.5
8 17 0 3.0
219 23 0 2.25
198 9 0 2.25
45 -25 0 3.75
70 22 0 3.25
121 -16 0 1.5
286 9 0 2.75
100 3 0 3.0
258 28 0 4.0
277 19 0 3.5
30 20 0 1.75
131 22 0 2.75
57 14 0 3.0
39 18 0 3.75
194 18 0 1.5
313 -37 0 2.5
245 8 0 1.75
256 2 0 2.25
7 2 0 2.0
146 21 0 1.75
216 17 0 3.5
16 30 0 1.75
317 6 0 2.75
105 6 0 3.0
325 28 0 2.0
255 -26 0 1.75
105 20 0 1.5
57 24 0 2.5
167 26 0 1.5
147 19 0 2.5
330 18 0 3.0
76 1 0 2.0
171 20 0 4.0
4 24 0 3.5
294 -3 0 3.25
33 27 0 2.75
349 25 0 2.25
17 55 0 2.5
341 -20 0 3.5
359 13 0 3.0
272 23 0 2.5
263 -4 0 2.75
81 25 0 2.25
5 -41 0 1.75
307 16 0 3.25
251 9 0 1.5
6 53 0 4.0
75 1 0 1.5
172 7 0 4.0
355 16 0 3.5
139 54 0 3.0
14 -2 0 3.5
243 5 0 2.0
239 22 0 3.0
69 27 0 1.5
137 -7 0 2.75
321 28 0 2.75
241 3 0 1.5
53 25 0 3.5
42 23 0 2.75
166 18 0 2.75
250 13 0 3.5
253 30 0 2.5
304 5 0 2.25
130 0 0 2.25
287 16 0 1.75
97 30 0 3.0
38 13 0 3.5
123 2 0 3.0
212 3 0 3.25
200 21 0 3.0
133 16 0 4.0
115 12 0 3.0
80 8 0 2.25
288 15 0 3.0
134 58 0 3.0
189 29 0 4.0
285 30 0 2.75
203 20 0 4.0
215 4 0 4.0
277 4 0 2.0
9 29 0 3.5
198 2 0 3.5
107 28 0 3.25
41 11 0 2.75
351 -3 0 2.25
0 10 0 3.0
78 7 0 2.0
58 -2 0 3.75
329 22 0 2.0
87 6 0 2.25
321 24 0 2.0
129 5 0 3.25
136 14 0 3.25
80 27 0 2.0
57 0 0 2.75
147 11 0 3.0
49 24 0 2.25
145 17 0 2.75
341 15 0 2.0
247 22 0 3.25
161 7 0 2.0
157 7 0 4.0
94 5 0 3.75
300 3 0 3.25
0 6 0 2.75
180 6 0 3.75
209 -39 0 4.0
33 -1 0 2.0
10 27 0 1.75
85 8 0 1.75
221 30 0 4.0
108 -14 0 3.5
50 1 0 3.5
359 12 0 2.25
162 26 0 2.0
149 16 0 2.5
145 2 0 3.5
331 28 0 2.75
1 6 0 3.5
38 28 0 1.5
324 12 0 3.75
107 19 0 2.5
313 23 0 3.5
52 -5 0 3.5
304 16 0 2.0
90 8 0 1.5
288 11 0 2.0
310 16 0 1.75
230 17 0 4.0
35 1 0 1.5
294 29 0 4.0
197 11 0 2.0
317 10 0 2.5
301 24 0 2.0
10 5 0 2.0
337 13 0 3.0
253 -19 0 3.25
326 -45 0 3.75
301 0 0 2.0
116 12 0 3.25
355 -29 0 1.75
287 20 0 3.0
256 18 0 4.0
257 27 0 2.75
241 25 0 2.5
322 19 0 2.5
110 14 0 1.5
69 27 0 3.75
165 -6 0 3.0
98 20 0 2.5
327 20 0 1.75
100 14 0 2.75
86 6 0 3.0
224 5 0 2.5
194 20 0 1.75
63 27 0 1.5
309 21 0 4.0
314 30 0 2.5
92 5 0 2.0
277 24 0 1.5
158 17 0 1.75
98 19 0 3.5
338 72 0 4.0
231 24 0 2.75
184 -42 0 2.0
166 -18 0 3.5
155 6 0 2.75
131 14 0 2.25
134 38 0 3.75
208 23 0 3.0
191 14 0 1.75
298 16 0 3.25
41 22 0 3.0
249 22 0 2.5
271 10 0 3.0
256 2 0 2.5
212 1 0 3.5
220 20 0 3.0
165 23 0 1.5
94 18 0 3.25
221 2 0 3.25
208 16 0 3.75
39 30 0 4.0
187 25 0 2.0
268 14 0 2.75
37 29 0 4.0
301 19 0 2.25
238 -17 0 3.5
332 14 0 3.25
82 10 0 2.0
196 25 0 2.75
339 13 0 3.5
74 26 0 2.5
275 10 0 2.25
306 22 0 3.25
177 1 0 3.25
40 9 0 4.0
243 7 0 1.5
182 19 0 2.25
59 0 0 3.75
232 27 0 1.75
127 37 0 2.75
108 12 0 3.0
245 28 0 3.5
146 15 0 2.25
228 7 0 2.0
281 6 0 2.0
340 3 0 1.5
175 -18 0 3.25
182 28 0 1.75
7 10 0 1.5
257 4 0 2.75
6 9 0 3.75
90 0 0 1.75
261 2 0 2.0
275 29 0 3.25
255 15 0 1.5
296 59 0 4.0
223 30 0 1.5
224 24 0 2.25
264 1 0 2.25
131 25 0 2.25
222 5 0 2.75
80 23 0 3.75
210 -36 0 1.5
253 14 0 2.5
185 -26 0 1.75
125 3 0 3.5
187 4 0 2.5
201 4 0 2.25
123 53 0 3.75
255 24 0 3.25
306 6 0 2.5
310 15 0 2.5
142 1 0 2.0
288 26 0 3.5
154 21 0 3.75
351 19 0 3.0
242 20 0 2.25
25 6 0 1.75
86 16 0 3.75
193 -30 0 3.25
292 14 0 3.75
93 13 0 3.75
287 20 0 3.75
165 7 0 4.0
227 1 0 3.25
93 24 0 3.0
19 -23 0 1.5
240 28 0 3.25
103 13 0 1.5
311 29 0 2.5
346 11 0 3.5
172 -8 0 3.5
274 19 0 2.25
52 20 0 3.5
315 12 0 1.75
127 3 0 3.25
68 20 0 3.5
39 19 0 2.5
256 22 0 4.0
193 29 0 2.0
87 1 0 4.0
207 27 0 3.5
145 10 0 1.75
94 5 0 1.5
75 14 0 3.25
69 22 0 1.5
17 20 0 2.5
6 25 0 1.5
13 29 0 2.0
195 5 0 1.75
53 54 0 3.0
145 -30 0 3.5
296 8 0 4.0
271 17 0 4.0
94 9 0 1.5
50 37 0 2.5
204 22 0 2.0
196 -50 0 2.25
198 0 0 1.75
227 16 0 2.5
149 15 0 2.0
40 3 0 1.5
149 7 0 3.5
125 14 0 4.0
286 14 0 1.75
243 16 0 4.0
87 23 0 3.0
220 3 0 3.5
53 29 0 1.75
108 3 0 3.5
280 24 0 1.75
202 13 0 1.75
87 12 0 2.25
88 30 0 3.5
317 20 0 4.0
53 22 0 1.75
161 12 0 3.5
309 -28 0 2.5
226 60 0 3.25
239 51 0 1.5
322 9 0 3.75
280 56 0 1.75
110 17 0 3.0
227 10 0 2.25
138 13 0 2.0
53 26 0 2.25
182 15 0 4.0
299 -2 0 3.75
258 20 0 2.0
315 7 0 2.25
128 26 0 3.75
185 -29 0 4.0
352 15 0 3.0
147 2 0 3.0
67 9 0 2.75
133 14 0 2.25
354 11 0 3.75
214 23 0 2.75
308 28 0 4.0
341 6 0 2.0
104 17 0 3.0
177 25 0 3.5
55 1 0 3.75
306 9 0 2.5
47 -39 0 3.0
271 6 0 1.5
25 5 0 3.25
140 16 0 3.0
312 16 0 2.25
106 48 0 2.0
31 27 0 4.0
313 -19 0 3.0
256 8 0 3.0
73 21 0 3.25
93 14 0 4.0
238 25 0 2.0
158 -22 0 3.25
321 -10 0 3.25
291 29 0 1.5
131 6 0 2.75
202 15 0 2.25
87 19 0 1.5
198 10 0 2.75
271 -16 0 2.25
321 30 0 3.5
119 15 0 4.0
51 11 0 3.5
88 0 0 2.5
323 16 0 2.25
311 0 0 4.0
152 30 0 2.0
40 24 0 3.0
78 8 0 2.25
95 17 0 3.25
334 14 0 2.75
75 30 0 3.25
207 25 0 3.75
40 -30 0 2.75
114 11 0 2.0
329 14 0 2.0
134 -28 0 2.25
143 30 0 2.0
18 1 0 3.75
312 15 0 3.0
215 11 0 1.5
226 25 0 3.5
193 14 0 2.5
218 10 0 3.75
73 30 0 3.0
76 10 0 1.75
295 4 0 2.25
291 15 0 2.25
83 25 0 2.0
78 25 0 3.25
252 76 0 1.75
188 30 0 2.5
265 27 0 3.0
139 15 0 1.75
200 23 0 3.25
326 29 0 3.75
207 23 0 4.0
18 12 0 1.5
211 -7 0 3.0
87 18 0 3.0
111 17 0 3.0
237 2 0 1.75
94 16 0 2.75
337 30 0 1.75
232 6 0 3.5
333 1 0 3.5
263 1 0 3.5
151 25 0 2.5
158 26 0 2.0
3 22 0 3.25
69 13 0 1.5
201 21 0 4.0
111 30 0 1.75
3 7 0 3.75
324 30 0 2.0
181 30 0 1.75
106 5 0 2.25
209 22 0 2.25
243 8 0 3.0
256 16 0 2.5
271 5 0 2.25
58 26 0 1.75
199 5 0 3.25
149 0 0 2.25
56 5 0 1.5
71 4 0 3.25
183 6 0 3.25
181 13 0 1.75
327 55 0 3.25
224 -40 0 2.75
285 5 0 3.25
310 25 0 2.75
252 19 0 2.0
318 7 0 1.75
72 2 0 3.0
26 24 0 4.0
238 26 0 1.5
231 19 0 3.25
15 16 0 3.75
131 18 0 3.25
67 3 0 2.0
98 24 0 3.5
176 7 0 1.5
243 21 0 2.5
57 1 0 2.75
337 18 0 4.0
246 25 0 3.5
229 25 0 2.25
289 14 0 1.75
311 12 0 2.25
235 19 0 2.0
22 22 0 2.25
322 40 0 2.25
107 18 0 3.75
279 16 0 2.25
279 30 0 1.5
287 -11 0 2.5
117 6 0 2.75
76 15 0 3.25
218 26 0 2.0
296 16 0 2.5
131 -6 0 2.75
53 16 0 2.0
95 13 0 2.25
163 25 0 1.5
284 16 0 2.25
175 0 0 3.5
222 8 0 3.25
339 30 0 3.5
205 19 0 3.5
170 15 0 3.0
38 8 0 1.5
229 57 0 1.75
192 26 0 2.0
150 5 0 2.0
237 61 0 1.75
305 6 0 2.75
317 15 0 3.75
108 21 0 1.75
343 52 0 2.25
209 17 0 2.5
126 25 0 1.5
181 0 0 2.75
267 1 0 3.0
161 8 0 2.5
84 0 0 2.5
58 22 0 1.5
61 -46 0 3.25
257 21 0 3.5
178 11 0 3.5
172 21 0 2.25
206 10 0 1.5
38 43 0 3.0
356 14 0 3.5
306 6 0 2.25
57 16 0 3.25
337 20 0 3.0
136 21 0 3.75
290 7 0 2.75
187 46 0 4.0
94 25 0 2.25
32 -18 0 2.75
139 7 0 1.5
18 22 0 3.25
294 25 0 3.75
29 -25 0 1.5
313 1 0 3.25
230 29 0 2.75
204 20 0 1.75
125 23 0 3.5
51 23 0 2.0
271 -30 0 4.0
65 50 0 3.5
220 -26 0 3.5
125 25 0 3.5
256 6 0 1.75
69 13 0 3.0
196 39 0 3.75
87 27 0 4.0
171 25 0 2.0
294 2 0 1.75
167 26 0 2.0
195 -14 0 2.5
327 37 0 4.0
144 23 0 2.75
104 20 0 3.5
205 18 0 2.25
249 2 0 4.0
216 -30 0 2.75
100 13 0 3.75
174 1 0 1.5
346 -4 0 4.0
150 6 0 2.0
76 0 0 4.0
290 19 0 2.75
247 24 0 4.0
104 1 0 2.25
40 7 0 3.5
279 3 0 2.75
197 12 0 2.0
298 23 0 3.0
303 28 0 2.5
124 9 0 2.75
163 17 0 3.75
6 0 0 3.25
351 6 0 1.75
271 18 0 2.5
79 21 0 3.5
43 14 0 1.5
61 42 0 2.25
8 44 0 2.5
183 7 0 2.5
245 20 0 2.5
303 27 0 2.75
111 24 0 3.75
2 -7 0 1.5
25 23 0 3.0
21 25 0 3.25
306 5 0 3.0
167 28 0 2.25
236 -21 0 2.0
24 26 0 3.75
98 4 0 1.5
202 15 0 4.0
291 24 0 3.75
208 11 0 1.5
234 3 0 3.5
178 11 0 2.75
176 13 0 4.0
130 11 0 3.0
147 -8 0 3.75
28 -10 0 2.0
17 16 0 3.25
269 4 0 1.75
133 24 0 1.5
276 -4 0 3.25
58 4 0 3.75
278 11 0 2.5
61 25 0 1.75
243 2 0 2.5
95 17 0 2.25
349 18 0 1.75
165 0 0 1.5
33 34 0 2.25
162 3 0 2.25
258 -6 0 3.75
245 17 0 2.75
172 -8 0 3.25
40 18 0 1.75
114 5 0 1.5
332 22 0 2.0
168 15 0 2.0
315 28 0 3.25
40 25 0 1.5
334 2 0 3.75
49 31 0 2.25
105 -2 0 3.25
33 0 0 1.5
11 27 0 3.75
195 2 0 2.75
36 16 0 1.75
118 44 0 2.25
129 6 0 1.75
192 18 0 2.5
223 9 0 3.25
113 19 0 4.0
148 15 0 3.75
102 1 0 4.0
126 29 0 3.75
112 22 0 1.5
76 22 0 3.5
349 30 0 3.25
71 22 0 1.5
325 18 0 2.0
272 12 0 4.0
345 1 0 3.25
36 22 0 3.75
275 0 0 2.75
222 4 0 3.75
105 28 0 3.75
165 7 0 2.5
335 2 0 2.0
0 6 0 3.25
218 -14 0 3.25
258 -14 0 1.5
8 30 0 3.0
38 28 0 3.5
45 20 0 3.5
96 28 0 1.75
157 59 0 1.5
167 10 0 2.0
66 5 0 1.75
105 -33 0 3.25
25 28 0 1.5
295 4 0 4.0
198 4 0 2.25
105 13 0 2.0
99 21 0 1.75
296 29 0 2.5
245 5 0 2.5
337 4 0 3.75
223 21 0 2.0
257 11 0 3.0
222 8 0 2.75
173 3 0 3.75
247 19 0 1.5
111 14 0 1.5
219 37 0 3.25
339 30 0 3.75
179 28 0 2.75
331 24 0 2.25
210 29 0 2.0
108 19 0 1.5
125 -17 0 2.75
181 20 0 3.5
166 16 0 2.0
250 28 0 2.75
257 -19 0 4.0
9 4 0 2.75
282 17 0 2.75
343 22 0 3.75
272 -25 0 2.25
341 23 0 3.5
161 14 0 2.75
255 24 0 1.75
168 14 0 2.25
298 2 0 2.0
223 3 0 1.5
268 1 0 2.0
108 4 0 3.25
175 12 0 2.5
28 9 0 3.75
55 -23 0 3.5
245 28 0 2.25
331 25 0 3.0
209 18 0 2.75
337 0 0 3.75
297 10 0 4.0
50 44 0 4.0
331 32 0 3.25
133 7 0 3.0
307 24 0 3.5
16 6 0 3.0
137 22 0 3.5
314 29 0 1.75
60 4 0 3.75
285 22 0 2.75
309 10 0 2.75
335 -23 0 3.75
250 56 0 3.25
1 26 0 3.5
186 13 0 2.25
116 15 0 2.25
357 3 0 4.0
51 19 0 2.25
58 1 0 3.0
269 30 0 2.5
262 15 0 2.75
275 22 0 3.25
168 7 0 2.0
18 0 0 1.75
133 16 0 2.25
311 8 0 3.75
156 14 0 1.75
98 -27 0 4.0
134 28 0 1.75
324 -27 0 3.5
155 -21 0 3.25
204 13 0 2.0
315 9 0 4.0
152 29 0 2.5
206 20 0 3.5
35 5 0 3.5
15 11 0 3.5
271 16 0 4.0
263 -24 0 4.0
245 30 0 3.75
339 3 0 2.5
157 30 0 2.25
56 14 0 1.5
355 27 0 2.5
31 7 0 1.5
293 3 0 4.0
149 6 0 1.5
48 2 0 2.5
227 -7 0 3.5
132 25 0 3.5
53 56 0 1.75
176 12 0 2.0
322 8 0 2.5
234 7 0 2.75
230 17 0 3.5
28 28 0 1.5
72 27 0 3.5
357 3 0 2.0
20 -7 0 2.0
266 15 0 2.25
331 25 0 3.25
180 -2 0 2.75
165 26 0 3.5
247 6 0 2.75
129 21 0 3.75
35 16 0 1.5
155 7 0 4.0
234 18 0 1.5
320 22 0 2.75
214 -1 0 2.5
222 12 0 4.0
70 23 0 2.25
70 29 0 3.25
291 -9 0 3.25
219 28 0 2.0
129 26 0 2.75
79 15 0 2.75
79 35 0 2.25
3 4 0 3.25
101 -3 0 1.75
144 7 0 3.75
198 -6 0 1.5
127 30 0 2.75
187 14 0 2.5
52 16 0 1.75
42 3 0 2.25
60 6 0 3.75
86 21 0 3.25
167 28 0 4.0
164 25 0 2.0
61 25 0 3.5
226 6 0 2.75
190 0 0 3.75
310 23 0 3.75
129 21 0 2.25
84 24 0 3.5
222 25 0 2.25
178 12 0 2.25
119 11 0 3.0
129 17 0 1.75
278 7 0 3.5
89 5 0 1.75
13 7 0 1.5
325 18 0 2.75
225 10 0 3.25
133 6 0 1.5
273 0 0 1.5
339 21 0 3.75
234 16 0 3.5
146 21 0 1.5
209 11 0 2.0
69 29 0 2.5
10 28 0 2.25
300 11 0 3.0
293 21 0 4.0
73 30 0 1.5
202 28 0 3.0
48 -16 0 2.0
247 12 0 2.25
175 1 0 2.0
119 4 0 4.0
245 2 0 1.5
19 1 0 3.75
229 0 0 2.5
45 19 0 2.5
358 8 0 2.25
338 4 0 4.0
229 17 0 2.75
39 25 0 1.5
260 30 0 2.0
286 27 0 4.0
49 25 0 2.75
110 7 0 2.5
220 15 0 1.75
18 25 0 2.0
231 6 0 1.75
140 9 0 4.0
41 0 0 3.5
329 2 0 1.5
273 4 0 2.25
149 5 0 3.5
84 16 0 3.0
291 29 0 3.25
228 21 0 2.25
240 29 0 3.5
139 13 0 1.75
238 16 0 2.0
80 25 0 2.25
82 27 0 2.0
267 7 0 2.25
257 10 0 4.0
7 19 0 3.25
315 13 0 2.25
275 25 0 3.0
282 30 0 2.25
130 7 0 1.5
47 28 0 2.25
201 74 0 3.5
212 2 0 2.25
260 1 0 2.25
272 53 0 2.75
307 -19 0 3.25
100 4 0 2.25
233 7 0 3.75
124 19 0 1.75
311 3 0 1.5
264 26 0 2.75
239 15 0 2.75
273 2 0 2.5
115 14 0 4.0
58 3 0 1.5
77 19 0 1.5
296 24 0 3.75
94 -22 0 1.5
200 7 0 2.25
246 30 0 2.0
91 22 0 3.0
287 4 0 2.0
174 30 0 3.75
19 21 0 2.25
209 -20 0 2.5
154 27 0 1.5
223 20 0 3.25
303 11 0 3.0
2 0 0 3.25
72 -6 0 3.75
242 8 0 1.5
336 28 0 1.5
286 14 0 3.5
47 58 0 2.25
297 0 0 2.5
170 21 0 3.25
292 24 0 3.5
62 12 0 3.0
29 44 0 3.75
271 24 0 1.5
50 14 0 2.25
225 70 0 3.25
97 22 0 2.0
182 14 0 2.75
251 23 0 2.0
45 17 0 3.25
225 7 0 3.0
254 -36 0 3.75
226 9 0 2.25
8 24 0 2.75
40 2 0 1.5
189 9 0 2.25
169 5 0 3.25
67 28 0 2.75
217 13 0 4.0
113 17 0 2.5
41 -47 0 1.5
144 27 0 1.5
245 6 0 1.75
336 8 0 4.0
286 6 0 2.75
8 29 0 3.25
209 20 0 2.25
151 3 0 2.0
297 26 0 2.25
132 32 0 3.25
132 -15 0 2.25
95 26 0 4.0
304 11 0 2.25
17 50 0 2.5
270 13 0 2.5
62 14 0 2.25
308 13 0 3.0
71 4 0 3.75
318 15 0 3.75
77 -13 0 3.0
275 14 0 3.0
94 21 0 3.5
210 27 0 2.0
143 5 0 2.75
28 71 0 2.75
332 28 0 2.0
211 -14 0 3.5
163 0 0 3.5
157 1 0 3.75
276 30 0 3.5
254 1 0 3.25
210 28 0 3.75
178 26 0 2.5
347 -9 0 3.75
247 60 0 1.75
354 13 0 2.75
97 20 0 2.0
208 20 0 2.0
89 10 0 1.75
160 34 0 3.0
89 5 0 2.5
62 6 0 2.25
98 5 0 2.75
121 26 0 1.75
270 28 0 2.75
330 14 0 1.5
27 2 0 4.0
239 0 0 1.5
251 11 0 3.5
271 4 0 3.75
51 22 0 3.5
13 21 0 2.25
62 0 0 1.75
307 17 0 2.25
16 11 0 1.75
72 17 0 2.5
114 17 0 1.75
231 28 0 1.5
291 -38 0 2.0
115 14 0 3.5
113 25 0 3.0
78 16 0 4.0
240 14 0 2.0
282 11 0 2.75
237 6 0 1.75
205 28 0 4.0
80 -41 0 3.0
329 13 0 3.25
203 22 0 2.25
123 19 0 4.0
170 25 0 3.5
351 8 0 1.75
85 17 0 1.5
251 3 0 2.5
1 -30 0 3.75
104 13 0 3.5
284 7 0 2.25
67 13 0 1.5
310 20 0 3.25
132 24 0 3.5
63 9 0 1.5
144 7 0 2.25
138 25 0 1.75
2 21 0 3.0
326 -8 0 4.0
110 7 0 2.75
96 16 0 3.75
207 24 0 4.0
66 52 0 2.0
349 19 0 3.75
86 15 0 2.5
78 29 0 2.0
22 3 0 2.0
179 2 0 3.75
356 64 0 2.25
144 26 0 2.75
111 -23 0 1.75
107 -24 0 3.25
299 6 0 2.0
293 14 0 2.0
84 17 0 3.25
292 3 0 3.75
121 24 0 3.75
126 80 0 2.25
322 44 0 3.5
253 -27 0 1.5
70 27 0 2.5
249 -24 0 2.25
216 3 0 3.0
48 8 0 3.0
354 1 0 2.5
247 10 0 3.0
322 25 0 3.25
346 18 0 1.5
134 6 0 4.0
231 23 0 3.75
220 9 0 2.25
202 16 0 4.0
295 25 0 1.5
117 17 0 3.25
290 1 0 3.5
232 1 0 4.0
354 21 0 3.75
64 15 0 3.0
196 20 0 3.25
123 1 0 3.0
87 7 0 2.75
352 13 0 2.5
169 27 0 4.0
335 30 0 3.75
207 21 0 3.5
240 21 0 1.75
153 0 0 1.5
171 27 0 3.75
335 15 0 4.0
274 29 0 3.0
262 20 0 2.5
274 14 0 1.5
49 30 0 2.5
127 19 0 2.0
266 14 0 3.25
351 22 0 2.75
328 17 0 3.75
226 21 0 1.5
337 59 0 2.25
359 21 0 2.5
88 6 0 3.5
329 18 0 2.75
275 1 0 3.75
66 22 0 2.5
246 45 0 2.5
329 11 0 1.75
91 19 0 2.0
162 17 0 3.25
266 13 0 4.0
291 11 0 1.5
291 4 0 4.0
7 9 0 2.0
138 28 0 1.5
326 0 0 2.25
305 29 0 2.5
311 1 0 1.75
119 4 0 3.25
205 -19 0 3.25
89 4 0 3.75
0 -19 0 2.5
249 17 0 2.25
127 29 0 1.5
123 28 0 4.0
158 15 0 3.25
327 63 0 3.25
153 19 0 3.5
261 -20 0 4.0
72 25 0 3.0
320 17 0 3.5
347 23 0 3.0
289 4 0 3.75
150 5 0 3.75
273 29 0 2.75
162 26 0 2.25
125 17 0 3.25
50 8 0 3.25
186 27 0 2.0
346 3 0 2.5
337 24 0 2.5
193 41 0 1.5
222 13 0 1.5
337 25 0 2.25
110 22 0 2.25
24 25 0 1.5
111 -10 0 3.5
289 9 0 4.0
353 26 0 3.0
315 15 0 3.5
346 15 0 3.0
98 19 0 1.5
101 24 0 2.0
188 -22 0 3.75
266 28 0 2.25
186 31 0 4.0
153 3 0 3.5
18 11 0 2.25
71 -12 0 3.0
230 -8 0 3.0
90 10 0 3.25
162 4 0 2.25
115 12 0 1.75
15 24 0 4.0
136 6 0 1.5
68 6 0 3.75
40 13 0 3.25
116 3 0 2.5
121 28 0 1.75
266 17 0 2.25
334 43 0 2.75
151 6 0 2.5
185 24 0 3.75
328 15 0 4.0
354 -12 0 3.75
164 6 0 4.0
349 45 0 2.5
321 11 0 2.0
264 7 0 2.0
185 5 0 3.0
59 20 0 3.5
47 12 0 1.75
226 20 0 2.25
263 8 0 3.5
332 7 0 2.0
355 20 0 2.25
302 15 0 3.5
37 23 0 2.5
311 -31 0 1.75
340 66 0 1.5
314 56 0 4.0
33 -17 0 1.75
305 1 0 3.25
133 42 0 1.5
48 11 0 2.75
150 9 0 3.75
120 18 0 3.25
293 -28 0 3.25
64 28 0 2.75
219 17 0 3.25
194 13 0 1.5
126 20 0 3.75
329 9 0 2.5
340 26 0 3.5
332 9 0 3.0
15 17 0 3.0
60 29 0 2.75
256 26 0 1.75
220 18 0 2.0
320 25 0 2.0
177 27 0 3.5
223 13 0 3.5
355 20 0 2.5
185 15 0 2.0
250 -14 0 2.0
203 -19 0 1.75
64 25 0 4.0
166 1 0 2.5
32 8 0 1.5
152 0 0 2.25
207 -14 0 2.0
108 25 0 1.5
271 3 0 1.75
129 9 0 3.75
335 21 0 4.0
166 0 0 2.0
131 10 0 3.5
144 25 0 1.5
88 20 0 3.0
112 27 0 2.0
186 25 0 2.5
322 9 0 4.0
255 28 0 2.5
330 4 0 1.5
97 0 0 1.75
168 22 0 2.25
189 9 0 2.75
239 29 0 3.0
155 18 0 4.0
291 26 0 1.5
49 10 0 1.75
53 1 0 1.5
213 24 0 2.75
124 21 0 2.25
191 8 0 2.0
97 12 0 3.0
253 1 0 2.0
141 16 0 3.0
191 -6 0 2.25
183 20 0 1.75
335 8 0 3.0
125 30 0 2.5
89 26 0 1.75
339 11 0 3.0
38 10 0 3.0
33 17 0 3.5
303 28 0 2.25
95 9 0 2.0
352 4 0 2.0
339 26 0 2.25
67 24 0 3.5
42 7 0 2.0
84 13 0 1.75
64 4 0 2.25
301 14 0 3.0
45 3 0 1.75
142 -46 0 1.5
96 15 0 2.75
255 -7 0 3.75
95 11 0 3.25
141 20 0 4.0
8 4 0 3.5
36 6 0 1.5
141 5 0 1.75
346 11 0 1.75
195 2 0 2.0
277 41 0 3.75
280 17 0 4.0
235 17 0 1.5
297 17 0 2.25
109 30 0 4.0
183 28 0 3.5
72 24 0 3.75
277 22 0 2.5
191 8 0 2.5
196 8 0 3.5
172 13 0 3.0
98 26 0 4.0
158 -34 0 3.75
312 26 0 2.5
248 7 0 2.25
148 11 0 2.25
81 20 0 3.0
304 17 0 1.5
233 15 0 1.75
28 20 0 3.0
25 69 0 3.25
14 25 0 1.5
100 24 0 2.0
261 1 0 2.75
220 11 0 3.0
270 45 0 3.0
202 7 0 3.75
137 10 0 3.5
10 16 0 3.25
69 58 0 4.0
161 28 0 1.5
57 12 0 3.25
144 6 0 3.5
262 18 0 2.25
31 26 0 1.5
277 -21 0 3.5
206 10 0 4.0
108 12 0 3.25
147 22 0 4.0
229 9 0 4.0
70 23 0 1.75
306 21 0 2.25
99 -19 0 3.5
32 16 0 2.0
303 0 0 1.5
203 -5 0 3.25
351 23 0 3.25
12 7 0 3.5
277 14 0 2.75
113 21 0 3.0
183 17 0 3.5
44 4 0 3.25
310 25 0 2.0
349 52 0 3.25
224 13 0 1.75
225 18 0 1.5
355 30 0 2.75
57 12 0 1.75
244 -7 0 1.75
337 23 0 3.5
351 20 0 3.5
62 22 0 3.25
155 23 0 2.25
203 21 0 2.25
295 -21 0 3.25
189 8 0 3.75
333 22 0 3.0
266 1 0 2.75
63 -43 0 3.75
113 23 0 3.5
352 3 0 3.5
249 -23 0 4.0
217 7 0 1.5
128 27 0 2.25
207 8 0 2.5
206 23 0 3.75
88 26 0 3.75
118 12 0 3.25
181 33 0 1.75
300 20 0 1.75
94 27 0 3.75
209 16 0 1.5
23 29 0 3.75
316 12 0 2.75
296 13 0 3.5
152 29 0 4.0
17 17 0 2.0
292 20 0 2.0
60 61 0 2.25
67 29 0 4.0
120 20 0 3.5
303 10 0 2.0
8 14 0 3.75
263 5 0 4.0
254 -25 0 2.5
146 18 0 1.75
213 2 0 3.25
328 29 0 1.75
65 13 0 1.75
211 22 0 1.5
210 18 0 3.25
254 16 0 3.25
172 2 0 2.5
341 5 0 2.75
315 8 0 1.5
4 8 0 2.75
235 27 0 2.75
4 17 0 3.5
245 -7 0 3.25
2 8 0 4.0
215 60 0 3.25
34 24 0 3.25
161 16 0 2.75
193 28 0 1.5
266 -14 0 2.75
137 20 0 1.5
324 30 0 1.75
186 8 0 4.0
129 27 0 2.0
209 -15 0 1.5
214 4 0 4.0
6 27 0 3.75
195 2 0 4.0
209 11 0 3.75
94 19 0 2.25
276 24 0 1.75
340 49 0 1.75
176 14 0 3.75
175 39 0 2.0
60 0 0 1.75
219 22 0 4.0
30 15 0 3.0
320 21 0 2.75
8 11 0 2.75
253 20 0 3.25
321 16 0 2.75
27 21 0 3.25
43 28 0 1.75
247 49 0 3.5
91 9 0 1.5
194 0 0 2.25
184 13 0 3.25
72 12 0 3.75
290 24 0 2.25
34 16 0 3.5
253 18 0 2.25
264 43 0 3.75
244 37 0 2.75
266 1 0 2.5
88 -1 0 1.75
327 25 0 3.75
155 25 0 3.75
171 0 0 2.0
342 -28 0 1.75
143 26 0 3.0
89 7 0 3.25
181 -4 0 2.5
107 19 0 3.5
87 13 0 3.75
311 4 0 3.75
7 20 0 3.5
105 8 0 3.75
96 5 0 2.0
55 9 0 2.0
75 25 0 3.0
340 18 0 3.5
63 26 0 2.5
132 24 0 2.75
263 2 0 2.5
295 15 0 2.5
110 11 0 2.75
245 0 0 2.5
78 12 0 3.5
26 17 0 2.5
154 29 0 3.75
214 9 0 3.25
110 14 0 3.5
317 0 0 1.75
56 16 0 2.0
204 22 0 4.0
156 14 0 2.5
2 -6 0 1.75
241 15 0 2.0
273 3 0 3.0
56 16 0 3.0
189 23 0 3.25
10 29 0 1.75
178 28 0 4.0
287 7 0 3.0
265 11 0 3.25
83 27 0 3.25
102 14 0 4.0
29 11 0 2.5
36 16 0 2.0
94 27 0 1.75
224 12 0 1.75
229 11 0 2.5
70 7 0 3.0
265 24 0 2.75
6 30 0 2.25
3 16 0 3.0
10 14 0 3.5
3 31 0 1.75
348 25 0 2.5
244 15 0 2.0
282 -2 0 4.0
286 8 0 1.75
193 30 0 3.5
243 5 0 1.75
272 4 0 3.25
319 8 0 2.5
9 18 0 3.75
52 5 0 3.75
220 6 0 3.75
81 19 0 1.5
217 -37 0 4.0
152 18 0 2.0
202 0 0 1.5
260 19 0 3.0
187 -45 0 2.25
346 28 0 2.25
359 13 0 1.5
251 16 0 2.25
213 28 0 2.75
316 28 0 1.75
183 -8 0 2.0
264 -13 0 3.5
119 0 0 1.75
276 12 0 1.75
285 12 0 1.75
72 -3 0 4.0
261 10 0 3.0
309 29 0 1.5
255 6 0 2.25
279 9 0 3.0
294 24 0 3.25
314 -20 0 3.0
62 2 0 2.75
338 18 0 3.25
238 11 0 2.0
109 70 0 1.5
138 18 0 1.5
72 23 0 2.5
177 -5 0 3.25
175 -4 0 1.75
131 -22 0 1.75
180 18 0 2.25
106 13 0 3.5
34 21 0 3.0
314 7 0 3.0
79 -41 0 3.0
278 24 0 4.0
44 -20 0 2.5
352 1 0 3.75
287 -10 0 1.75
210 10 0 4.0
88 9 0 4.0
133 29 0 2.5
261 11 0 2.0
112 10 0 3.5
167 3 0 3.25
223 -37 0 1.5
201 -30 0 3.0
290 3 0 3.0
88 24 0 3.0
204 11 0 2.0
322 2 0 1.75
319 17 0 1.75
78 23 0 3.75
296 28 0 2.25
321 25 0 4.0
81 -21 0 4.0
63 12 0 2.0
51 10 0 4.0
1 25 0 2.75
59 2 0 2.0
259 24 0 1.5
288 5 0 2.75
39 1 0 1.75
198 29 0 3.25
357 8 0 4.0
237 10 0 3.25
179 21 0 3.0
145 19 0 4.0
205 -21 0 1.75
37 11 0 2.5
71 5 0 2.5
112 19 0 2.75
334 30 0 3.25
342 15 0 1.5
263 0 0 3.5
8 -24 0 2.5
146 16 0 1.75
151 4 0 3.0
142 28 0 3.75
306 8 0 2.5
123 -27 0 2.5
223 11 0 3.0
10 15 0 3.75
134 30 0 2.5
67 27 0 2.0
4 25 0 2.0
250 15 0 1.75
205 23 0 1.75
351 4 0 3.25
171 27 0 4.0
101 30 0 3.0
22 5 0 3.25
112 3 0 3.5
260 -10 0 1.5
51 28 0 2.75
111 30 0 4.0
338 9 0 2.75
110 1 0 2.75
322 -19 0 3.5
15 17 0 3.25
139 18 0 4.0
207 5 0 3.5
9 24 0 2.5
358 0 0 3.5
54 -21 0 2.0
204 17 0 1.5
322 30 0 4.0
49 25 0 3.25
34 2 0 3.0
41 9 0 1.75
240 11 0 2.75
107 10 0 4.0
41 27 0 2.25
75 17 0 3.25
152 12 0 1.75
272 4 0 2.5
329 15 0 3.25
284 28 0 3.75
100 29 0 2.0
122 3 0 3.25
131 14 0 2.75
245 8 0 4.0
353 30 0 2.0
315 5 0 2.5
74 1 0 3.5
72 2 0 2.25
213 26 0 4.0
206 18 0 2.75
177 20 0 3.75
334 19 0 2.0
344 20 0 2.75
291 12 0 1.5
105 28 0 2.5
7 0 0 3.0
349 13 0 3.5
72 6 0 1.75
126 10 0 2.5
187 60 0 2.75
294 21 0 2.25
230 -26 0 1.5
327 21 0 1.75
177 13 0 3.0
190 18 0 4.0
108 9 0 2.5
158 4 0 1.5
101 44 0 3.5
219 66 0 3.25
327 15 0 1.5
247 39 0 3.25
208 26 0 1.5
237 3 0 1.5
297 27 0 4.0
189 25 0 3.25
16 28 0 3.25
325 -15 0 1.5
308 10 0 1.75
331 16 0 1.5
55 29 0 1.75
68 4 0 4.0
81 22 0 2.75
99 23 0 3.75
248 2 0 4.0
191 33 0 3.75
63 30 0 3.25
66 -8 0 3.0
299 26 0 2.25
274 45 0 1.5
93 25 0 1.75
196 40 0 3.0
350 18 0 2.25
13 8 0 2.75
78 52 0 2.75
223 29 0 2.75
254 6 0 3.0
184 23 0 2.0
189 7 0 3.25
78 67 0 3.0
187 58 0 3.5
220 18 0 3.0
127 8 0 2.5
258 29 0 3.25
31 23 0 1.5
116 22 0 3.25
356 2 0 1.75
98 16 0 3.0
335 24 0 3.75
100 8 0 3.5
295 13 0 3.5
26 24 0 3.25
290 12 0 3.25
257 24 0 2.0
181 13 0 3.5
217 20 0 2.25
62 25 0 2.0
186 22 0 2.5
122 42 0 3.25
196 5 0 3.75
338 55 0 2.0
247 13 0 3.0
327 14 0 2.75
52 4 0 4.0
157 19 0 1.75
317 15 0 2.0
147 30 0 4.0
342 25 0 2.5
305 5 0 3.5
306 7 0 3.5
149 18 0 4.0
274 3 0 2.25
156 27 0 2.5
317 4 0 3.0
356 55 0 3.75
51 -47 0 3.75
173 -24 0 3.0
246 7 0 2.0
152 3 0 3.0
108 -11 0 3.75
104 6 0 2.75
36 -1 0 3.75
349 25 0 1.5
99 14 0 3.75
141 14 0 2.75
334 0 0 3.0
248 5 0 3.25
69 13 0 2.25
72 7 0 2.75
45 25 0 1.5
288 10 0 3.5
37 8 0 1.5
212 -31 0 4.0
347 22 0 2.75
154 -1 0 2.5
70 11 0 1.5
352 7 0 1.75
159 12 0 4.0
181 15 0 3.25
265 29 0 3.75
230 -22 0 2.0
220 30 0 3.75
284 29 0 3.5
207 -11 0 4.0
334 0 0 2.25
213 33 0 2.5
184 4 0 4.0
281 6 0 3.5
291 10 0 3.5
258 30 0 3.0
262 29 0 3.0
209 4 0 2.75
279 42 0 2.25
316 17 0 1.5
63 14 0 2.25
318 18 0 3.25
259 20 0 3.5
182 7 0 1.5
140 19 0 3.75
134 24 0 3.75
35 8 0 2.5
321 2 0 2.75
11 37 0 2.25
180 5 0 3.5
11 8 0 2.75
333 25 0 4.0
9 -46 0 2.75
134 21 0 3.5
70 -5 0 3.25
309 3 0 2.5
14 28 0 4.0
188 18 0 2.5
38 15 0 2.75
316 21 0 3.5
338 17 0 1.5
208 -12 0 3.25
276 21 0 3.5
213 8 0 2.25
231 30 0 1.75
169 25 0 4.0
69 9 0 1.5
117 -5 0 2.5
135 22 0 3.0
128 -32 0 1.5
275 16 0 3.25
289 -41 0 2.25
171 18 0 4.0
276 -50 0 2.0
51 25 0 3.5
185 3 0 3.5
270 6 0 3.0
104 3 0 1.5
250 10 0 2.5
193 16 0 3.0
123 5 0 2.0
155 7 0 3.0
206 28 0 4.0
234 -3 0 2.75
281 18 0 1.5
340 -7 0 3.25
183 42 0 3.75
280 26 0 2.0
212 18 0 3.5
177 20 0 3.25
330 22 0 3.75
355 13 0 4.0
189 21 0 2.0
250 19 0 4.0
113 22 0 1.75
38 39 0 1.5
119 19 0 2.75
248 24 0 2.0
116 12 0 1.5
194 -5 0 3.25
322 13 0 2.0
297 2 0 2.5
283 38 0 4.0
158 22 0 2.0
215 28 0 4.0
252 15 0 4.0
16 -30 0 3.75
165 12 0 3.5
272 15 0 2.5
34 6 0 3.5
257 7 0 2.5
337 28 0 1.75
180 22 0 3.25
83 15 0 1.5
115 15 0 2.75
208 4 0 2.0
183 29 0 2.25
146 10 0 1.75
208 19 0 2.25
214 24 0 4.0
320 12 0 3.75
123 25 0 3.0
274 2 0 2.5
208 19 0 3.5
14 29 0 2.25
133 15 0 3.75
293 25 0 2.75
107 17 0 3.0
200 7 0 2.0
352 21 0 2.5
108 14 0 1.75
84 8 0 3.75
274 14 0 3.5
30 -27 0 1.5
72 22 0 1.5
45 71 0 1.75
80 13 0 3.5
2 -25 0 3.75
359 -30 0 1.75
325 64 0 2.75
155 -19 0 3.25
104 57 0 1.5
120 27 0 3.0
178 22 0 4.0
74 -13 0 3.0
28 -27 0 2.25
196 1 0 3.5
170 15 0 2.5
12 -26 0 3.25
109 8 0 3.0
329 10 0 2.25
130 21 0 3.5
13 7 0 2.0
285 14 0 1.5
309 6 0 1.75
272 18 0 2.75
254 24 0 2.0
72 15 0 3.5
270 2 0 2.25
104 7 0 3.25
111 43 0 3.0
10 25 0 2.75
136 14 0 3.75
108 -2 0 3.5
234 19 0 2.75
291 8 0 3.5
332 25 0 2.75
56 -2 0 2.75
149 -21 0 2.75
153 11 0 1.75
296 -21 0 1.5
232 14 0 1.75
125 22 0 1.5
166 27 0 4.0
143 20 0 2.75
282 3 0 3.25
142 -9 0 1.5
1 21 0 3.25
52 5 0 2.0
118 27 0 3.75
83 29 0 3.75
14 19 0 1.75
170 -8 0 2.0
259 28 0 1.75
107 0 0 3.25
30 27 0 3.0
38 15 0 2.0
35 25 0 2.25
91 10 0 3.0
4 -23 0 1.5
308 27 0 3.0
311 53 0 3.25
321 10 0 2.25
232 0 0 3.75
144 15 0 2.75
173 17 0 2.75
356 28 0 1.5
263 -29 0 2.0
168 13 0 2.75
231 12 0 2.0
198 30 0 2.0
160 27 0 2.75
61 -18 0 1.5
273 20 0 3.25
201 -10 0 2.5
270 26 0 3.75
40 18 0 2.25
142 32 0 2.5
248 47 0 2.75
316 14 0 1.5
137 23 0 3.75
257 27 0 3.0
38 9 0 3.0
199 23 0 3.75
160 10 0 3.5
333 18 0 4.0
81 15 0 2.5
246 21 0 2.0
131 16 0 3.75
327 7 0 3.25
188 3 0 2.75
168 30 0 2.75
35 19 0 3.75
256 14 0 3.0
281 19 0 2.5
264 9 0 3.0
252 5 0 2.0
169 13 0 1.75
239 32 0 1.5
87 14 0 1.5
61 3 0 4.0
184 5 0 1.5
196 -29 0 4.0
30 26 0 3.0
50 18 0 2.5
23 25 0 2.75
198 2 0 1.5
14 -7 0 2.0
90 9 0 3.25
306 24 0 3.75
186 21 0 1.75
189 27 0 2.25
62 17 0 3.75
183 1 0 3.25
136 25 0 3.25
315 8 0 2.25
52 0 0 2.25
268 2 0 1.5
207 1 0 1.75
304 24 0 2.25
351 25 0 3.0
263 29 0 3.0
328 -14 0 3.0
282 19 0 3.25
308 18 0 4.0
172 76 0 2.75
159 19 0 3.5
292 20 0 1.5
204 6 0 3.5
44 27 0 2.75
217 4 0 1.5
196 15 0 2.75
257 28 0 2.25
50 4 0 3.75
110 22 0 3.75
166 24 0 3.25
248 8 0 3.5
63 21 0 3.75
342 2 0 3.75
212 1 0 2.0
88 9 0 2.75
103 26 0 2.25
183 15 0 3.75
92 39 0 3.25
270 25 0 3.25
334 26 0 1.5
342 17 0 2.75
150 41 0 3.5
59 6 0 2.25
337 18 0 3.0
166 11 0 3.75
130 25 0 3.0
245 15 0 2.25
118 26 0 1.5
217 25 0 4.0
245 21 0 3.25
151 12 0 3.75
39 1 0 2.75
297 15 0 3.0
329 23 0 3.75
215 7 0 2.75
44 19 0 3.0
223 23 0 3.25
127 18 0 1.75
255 8 0 2.25
128 19 0 3.0
19 2 0 3.5
279 8 0 2.0
218 17 0 1.5
334 0 0 1.75
218 19 0 2.0
334 22 0 3.75
129 -15 0 2.75
141 10 0 3.0
295 30 0 4.0
265 13 0 2.75
188 29 0 2.25
97 5 0 3.25
111 20 0 3.0
331 21 0 4.0
211 7 0 3.0
119 26 0 2.75
307 6 0 3.25
145 10 0 2.75
51 2 0 1.75
322 56 0 2.25
77 78 0 4.0
40 6 0 3.75
320 8 0 1.75
196 38 0 3.5
43 18 0 3.25
135 16 0 3.0
213 13 0 4.0
154 17 0 2.75
185 24 0 4.0
24 22 0 4.0
153 5 0 2.0
271 11 0 2.75
259 14 0 1.75
33 5 0 2.5
235 -26 0 3.0
36 3 0 3.25
318 3 0 1.75
68 -2 0 2.0
234 -16 0 4.0
171 23 0 2.5
230 24 0 3.75
165 13 0 3.25
202 21 0 3.25
58 9 0 4.0
101 1 0 3.0
193 27 0 3.5
200 17 0 3.25
226 15 0 4.0
321 -24 0 1.75
209 19 0 2.25
111 30 0 3.25
56 12 0 1.5
130 35 0 2.25
352 2 0 2.5
320 9 0 1.5
348 -24 0 3.25
19 -28 0 3.0
300 9 0 2.25
300 14 0 3.0
234 29 0 2.25
243 79 0 2.5
96 -16 0 2.0
23 30 0 2.25
55 18 0 4.0
50 1 0 3.25
163 10 0 2.25
309 58 0 1.75
186 3 0 4.0
252 1 0 3.0
323 25 0 3.75
238 25 0 3.5
100 15 0 1.75
331 1 0 1.75
271 -21 0 2.25
13 18 0 3.0
167 36 0 2.75
99 15 0 2.0
14 22 0 3.25
172 4 0 2.25
92 8 0 3.0
315 19 0 1.5
99 23 0 1.75
294 17 0 3.75
354 -7 0 2.25
140 16 0 2.0
21 27 0 2.25
56 28 0 3.25
129 12 0 3.5
353 4 0 2.5
302 26 0 2.5
74 20 0 3.25
149 30 0 1.5
116 11 0 3.0
358 6 0 4.0
134 9 0 3.0
240 22 0 2.25
37 -17 0 2.75
335 11 0 3.75
348 6 0 2.75
304 26 0 2.25
149 7 0 2.75
331 7 0 3.75
106 14 0 3.0
219 17 0 1.75
251 28 0 2.25
150 23 0 3.75
17 25 0 2.0
308 13 0 4.0
50 4 0 2.0
2 27 0 3.75
3 20 0 2.25
36 5 0 3.0
265 -11 0 1.5
105 14 0 3.25
151 11 0 3.5
345 17 0 2.5
185 5 0 2.25
16 12 0 4.0
7 6 0 2.25
210 5 0 3.75
21 18 0 2.0
9 15 0 2.75
85 4 0 3.75
125 12 0 2.0
55 11 0 1.5
12 -28 0 1.5
291 6 0 4.0
274 3 0 2.0
69 20 0 2.75
287 11 0 2.25
350 28 0 2.25
48 -43 0 2.75
228 0 0 4.0
51 -33 0 4.0
285 64 0 3.5
330 7 0 2.5
178 26 0 3.5
188 9 0 1.5
229 27 0 3.0
300 18 0 1.75
60 30 0 3.5
241 23 0 1.75
97 6 0 2.0
239 5 0 1.5
184 7 0 1.75
110 19 0 3.75
264 19 0 3.0
82 30 0 2.25
155 25 0 2.75
335 25 0 2.75
351 20 0 2.0
269 10 0 2.25
138 36 0 2.0
172 24 0 2.25
186 2 0 3.75
25 2 0 3.25
45 1 0 2.0
238 24 0 2.5
262 -13 0 1.75
120 -19 0 2.0
224 4 0 2.0
154 21 0 2.0
337 16 0 4.0
263 24 0 4.0
95 15 0 4.0
124 8 0 3.0
40 16 0 3.75
150 22 0 2.25
317 22 0 1.75
208 -22 0 2.5
100 22 0 2.75
324 16 0 2.0
26 4 0 1.75
282 29 0 4.0
279 4 0 2.25
329 -5 0 4.0
320 -25 0 1.5
302 28 0 1.5
136 16 0 3.25
62 15 0 4.0
200 36 0 2.5
59 25 0 1.5
226 2 0 3.25
284 5 0 2.75
278 27 0 3.0
351 27 0 1.75
53 20 0 3.5
236 12 0 1.75
262 4 0 3.25
131 58 0 1.75
213 20 0 1.5
264 16 0 1.75
230 22 0 2.0
142 15 0 2.5
77 15 0 2.25
14 16 0 2.0
249 30 0 4.0
358 10 0 3.0
32 25 0 3.25
172 8 0 3.0
234 16 0 2.0
130 17 0 2.5
160 12 0 3.0
136 29 0 4.0
252 18 0 3.75
257 6 0 3.0
261 28 0 3.0
359 24 0 4.0
282 3 0 3.5
317 10 0 2.0
262 66 0 3.75
69 41 0 1.75
66 6 0 3.0
11 27 0 2.25
115 10 0 4.0
251 5 0 3.25
124 24 0 4.0
253 12 0 4.0
302 29 0 3.0
97 5 0 1.75
298 17 0 1.5
335 1 0 2.5
293 1 0 2.5
314 4 0 1.75
35 2 0 3.0
103 7 0 2.0
177 1 0 1.5
196 -30 0 3.25
196 1 0 2.5
16 44 0 3.25
71 18 0 1.5
46 3 0 4.0
247 20 0 2.75
350 8 0 3.5
309 1 0 3.5
99 24 0 3.5
220 0 0 3.25
349 13 0 2.75
224 4 0 1.75
132 27 0 1.5
136 5 0 3.25
24 17 0 2.25
335 18 0 2.5
151 27 0 4.0
27 -11 0 2.5
55 18 0 2.25
83 73 0 1.75
119 -30 0 2.75
58 5 0 2.75
158 3 0 2.25
25 -5 0 4.0
35 13 0 2.25
8 18 0 2.25
69 54 0 3.5
325 35 0 1.75
181 21 0 4.0
48 20 0 2.75
241 29 0 3.0
328 30 0 3.5
302 -23 0 4.0
159 15 0 4.0
205 22 0 1.75
299 24 0 2.0
292 -12 0 3.5
40 44 0 3.5
109 28 0 1.5
353 19 0 3.0
353 6 0 2.25
206 24 0 2.5
8 13 0 4.0
123 9 0 4.0
5 27 0 2.25
255 19 0 3.0
280 6 0 3.75
178 5 0 2.75
286 23 0 3.5
166 66 0 3.25
197 23 0 3.75
340 10 0 2.0
233 27 0 1.75
37 3 0 1.75
174 11 0 1.75
38 4 0 3.5
224 12 0 1.5
151 5 0 2.0
216 10 0 4.0
298 8 0 2.5
113 6 0 2.0
252 6 0 2.75
30 21 0 3.0
230 16 0 3.25
63 17 0 2.5
170 22 0 4.0
25 3 0 2.25
335 15 0 3.5
242 -21 0 3.25
347 20 0 2.0
70 11 0 3.5
272 -26 0 3.75
232 9 0 3.0
298 10 0 1.75
292 -29 0 2.0
117 1 0 3.25
220 8 0 3.0
177 10 0 2.5
135 28 0 2.25
140 22 0 3.25
247 -3 0 3.75
75 20 0 3.5
23 14 0 2.25
272 -30 0 2.75
217 1 0 3.0
315 11 0 3.5
119 14 0 2.5
49 25 0 1.5
309 32 0 2.75
346 50 0 3.5
354 26 0 1.5
308 12 0 2.75
69 3 0 1.75
3 12 0 4.0
109 11 0 2.75
275 4 0 2.5
104 29 0 3.5
106 17 0 2.75
105 23 0 3.75
288 35 0 3.5
218 7 0 1.5
338 27 0 2.25
292 13 0 2.0
34 -18 0 2.0
307 -16 0 3.75
153 4 0 3.75
317 26 0 3.0
64 22 0 3.25
250 1 0 3.0
188 9 0 3.25
262 29 0 1.5
61 11 0 3.25
350 25 0 3.5
355 8 0 3.75
4 14 0 3.25
187 34 0 2.0
230 10 0 3.25
305 15 0 1.5
6 24 0 3.5
16 19 0 2.5
331 29 0 3.75
161 8 0 2.25
104 5 0 4.0
352 4 0 3.75
330 19 0 1.5
337 24 0 2.75
286 13 0 2.0
147 20 0 2.75
51 13 0 2.75
134 28 0 2.75
199 17 0 2.5
4 3 0 3.25
3 1 0 1.5
48 17 0 1.5
21 26 0 3.5
37 19 0 2.0
187 19 0 2.0
157 30 0 2.5
311 16 0 3.5
155 25 0 2.5
157 19 0 2.5
124 75 0 2.0
3 -20 0 2.5
290 26 0 2.25
279 12 0 2.25
188 6 0 3.75
283 0 0 2.75
192 0 0 1.5
344 6 0 3.25
232 0 0 2.75
139 -41 0 3.5
24 5 0 1.75
167 2 0 2.0
175 38 0 3.75
212 10 0 3.75
87 3 0 1.5
221 20 0 1.5
121 24 0 1.75
236 27 0 1.5
170 18 0 2.25
328 11 0 3.0
313 5 0 3.5
351 4 0 3.5
37 27 0 3.5
116 -15 0 1.5
112 2 0 1.75
8 20 0 3.5
77 -17 0 2.0
288 16 0 1.5
50 19 0 3.0
223 15 0 4.0
61 10 0 1.5
235 25 0 2.0
338 11 0 3.0
350 1 0 2.0
52 27 0 2.25
103 15 0 2.5
112 12 0 3.25
67 8 0 2.5
355 42 0 2.75
9 26 0 2.75
127 14 0 2.25
11 25 0 3.25
230 -10 0 4.0
311 6 0 2.0
359 20 0 2.0
45 17 0 4.0
116 45 0 3.5
348 5 0 2.75
11 25 0 4.0
3 3 0 2.5
138 30 0 1.5
33 28 0 4.0
116 5 0 2.75
52 18 0 1.5
231 16 0 2.75
132 8 0 4.0
164 25 0 2.75
325 7 0 2.25
161 13 0 3.0
71 23 0 4.0
251 9 0 3.25
246 15 0 1.5
296 8 0 1.75
236 -21 0 3.0
289 8 0 2.25
6 -2 0 2.0
347 2 0 2.5
306 1 0 3.5
5 60 0 2.25
107 22 0 2.25
61 8 0 3.75
265 -15 0 2.25
140 2 0 2.75
97 0 0 3.25
130 7 0 2.75
287 23 0 2.75
203 6 0 3.5
256 29 0 3.75
212 23 0 2.5
233 23 0 4.0
23 25 0 2.0
186 8 0 3.5
265 24 0 3.25
63 18 0 2.75
27 -6 0 1.75
1 8 0 2.75
302 14 0 2.25
29 -20 0 1.75
340 22 0 2.25
238 21 0 1.5
297 -7 0 1.5
105 26 0 4.0
197 16 0 2.0
335 30 0 4.0
232 9 0 2.75
56 42 0 2.5
314 14 0 2.0
168 13 0 2.0
270 15 0 1.75
80 6 0 2.5
19 2 0 1.75
16 7 0 2.0
250 24 0 2.0
24 -29 0 4.0
17 79 0 3.75
55 23 0 1.75
129 10 0 3.5
43 21 0 3.0
25 0 0 3.75
38 27 0 2.75
9 74 0 2.75
17 17 0 4.0
148 -22 0 3.25
29 4 0 2.25
134 -29 0 1.75
134 -3 0 3.75
307 13 0 2.25
102 12 0 2.25
214 23 0 3.0
327 8 0 2.75
354 24 0 2.0
241 26 0 1.75
60 24 0 3.0
293 80 0 3.25
358 72 0 2.75
252 -13 0 1.75
105 11 0 4.0
266 29 0 1.5
96 -7 0 1.75
186 15 0 1.5
286 -18 0 3.5
61 10 0 2.75
65 3 0 3.0
347 5 0 2.75
178 19 0 4.0
115 23 0 1.5
236 5 0 3.5
97 17 0 2.0
25 22 0 3.25
304 8 0 3.25
86 16 0 4.0
347 37 0 1.75
271 9 0 3.25
339 21 0 4.0
322 12 0 3.25
50 -20 0 1.5
321 17 0 2.25
333 33 0 2.75
33 8 0 4.0
317 14 0 3.25
167 17 0 1.75
210 9 0 2.75
154 12 0 2.75
239 4 0 2.75
89 29 0 4.0
130 10 0 2.25
216 16 0 1.75
39 22 0 3.75
178 26 0 1.5
341 19 0 2.5
157 18 0 3.75
271 4 0 3.25
236 16 0 1.5
50 12 0 3.0
348 16 0 3.25
55 7 0 2.5
150 0 0 1.75
225 3 0 2.5
193 21 0 3.5
22 12 0 2.75
57 2 0 3.0
278 16 0 3.5
119 2 0 2.25
34 26 0 1.5
312 9 0 4.0
21 71 0 2.0
327 18 0 1.75
13 7 0 3.0
33 14 0 1.75
304 -12 0 3.5
265 19 0 3.0
102 20 0 3.25
268 27 0 3.5
288 28 0 3.0
334 16 0 3.75
157 2 0 3.0
10 17 0 3.5
220 0 0 1.75
258 12 0 1.75
294 27 0 3.25
84 6 0 1.75
323 1 0 3.0
191 20 0 2.75
341 26 0 3.5
138 29 0 3.25
349 24 0 1.5
144 0 0 1.5
282 47 0 3.5
213 25 0 2.75
338 1 0 3.75
204 15 0 2.75
63 3 0 4.0
216 27 0 4.0
276 25 0 2.25
144 6 0 3.25
114 42 0 4.0
133 22 0 3.0
102 30 0 1.75
118 5 0 1.75
195 17 0 2.5
227 17 0 2.5
320 20 0 1.5
72 6 0 3.5
219 10 0 4.0
82 3 0 2.25
89 4 0 2.5
191 11 0 4.0
315 23 0 2.75
342 2 0 3.0
353 6 0 3.25
187 23 0 1.5
355 16 0 1.5
130 -26 0 2.25
80 29 0 3.5
190 -8 0 2.75
221 1 0 2.5
210 23 0 2.25
312 11 0 1.5
65 12 0 1.75
165 0 0 2.75
306 14 0 1.5
136 6 0 4.0
83 1 0 3.75
26 22 0 2.0
86 14 0 1.75
244 26 0 3.25
87 11 0 3.75
113 28 0 3.0
295 13 0 2.0
54 23 0 3.0
298 11 0 2.25
296 24 0 2.75
277 10 0 2.0
236 0 0 2.25
125 7 0 3.5
317 16 0 3.5
221 -10 0 2.5
150 6 0 4.0
197 30 0 4.0
302 23 0 2.0
66 14 0 1.75
234 17 0 1.5
310 18 0 1.5
130 22 0 3.0
248 7 0 3.25
36 28 0 3.75
25 -2 0 3.5
329 11 0 2.75
256 2 0 2.75
286 25 0 3.5
229 19 0 1.5
126 -17 0 2.75
129 24 0 2.75
3 1 0 2.5
77 20 0 2.5
327 27 0 1.5
235 17 0 3.75
168 29 0 1.5
17 14 0 2.25
113 4 0 3.0
79 29 0 2.0
334 17 0 1.5
