188 7 0 3.0
347 65 0 2.0
212 2 0 1.0
186 3 0 1.75
131 27 0 3.25
273 10 0 2.25
282 21 0 2.0
140 11 0 3.5
137 5 0 1.5
257 10 0 1.75
180 22 0 1.25
190 13 0 4.0
209 36 0 3.5
351 12 0 2.25
278 10 0 2.5
89 20 0 1.75
112 8 0 3.5
321 23 0 1.0
220 24 0 1.0
153 10 0 2.25
169 13 0 4.0
80 1 0 3.75
277 30 0 3.0
4 0 0 4.0
193 22 0 3.0
135 7 0 3.25
199 11 0 3.0
54 10 0 1.5
352 27 0 2.0
355 21 0 1.25
289 20 0 3.25
172 25 0 1.5
160 22 0 3.75
135 2 0 2.75
294 7 0 4.0
90 7 0 2.25
179 5 0 4.0
336 20 0 2.75
231 0 0 3.75
315 6 0 3.25
157 63 0 2.25
113 7 0 2.75
224 11 0 3.5
126 15 0 3.0
52 17 0 3.0
15 13 0 1.5
39 3 0 1.0
287 8 0 3.75
7 59 0 3.75
51 12 0 3.25
313 9 0 3.75
349 14 0 1.25
162 16 0 3.5
221 1 0 2.75
294 23 0 1.25
153 13 0 1.25
9 6 0 3.5
262 19 0 1.5
34 25 0 1.0
175 25 0 2.0
16 64 0 4.0
277 17 0 2.0
334 52 0 3.5
317 14 0 1.75
109 14 0 1.75
194 12 0 3.0
189 16 0 3.75
2 10 0 2.5
106 1 0 2.5
56 21 0 1.5
139 30 0 3.5
69 3 0 3.5
227 21 0 2.0
191 27 0 3.0
137 20 0 4.0
214 10 0 2.0
160 30 0 3.0
221 66 0 1.25
30 18 0 1.75
268 27 0 3.75
131 45 0 1.25
214 6 0 2.75
198 27 0 3.5
284 21 0 4.0
73 10 0 4.0
283 20 0 1.75
286 1 0 3.25
128 9 0 2.5
158 16 0 3.75
138 8 0 4.0
153 29 0 1.25
42 14 0 4.0
159 5 0 3.5
294 77 0 2.25
301 24 0 1.75
122 10 0 2.25
288 21 0 2.75
252 27 0 3.25
120 3 0 1.75
72 0 0 2.5
52 18 0 3.0
203 16 0 3.0
248 1 0 4.0
143 41 0 2.5
185 26 0 2.5
116 17 0 3.75
69 10 0 2.5
197 30 0 1.75
347 4 0 3.75
91 22 0 4.0
120 8 0 1.0
328 13 0 1.25
217 30 0 3.75
67 57 0 1.0
214 6 0 2.0
331 4 0 1.0
269 6 0 3.5
275 45 0 2.25
23 9 0 3.75
352 8 0 2.75
287 11 0 1.25
299 12 0 3.25
230 5 0 3.5
266 6 0 1.75
171 25 0 1.25
289 4 0 3.25
358 22 0 1.25
90 15 0 2.75
85 1 0 2.5
177 21 0 1.25
197 25 0 2.75
85 49 0 1.5
180 50 0 1.0
245 7 0 3.25
3 1 0 1.0
24 25 0 1.75
266 7 0 2.5
152 13 0 3.25
29 29 0 2.0
17 16 0 3.75
16 4 0 3.5
296 23 0 3.0
145 21 0 1.0
65 18 0 2.75
94 27 0 2.0
34 33 0 2.0
274 6 0 1.0
259 45 0 4.0
95 10 0 2.0
314 11 0 4.0
95 32 0 2.75
133 22 0 1.25
195 30 0 3.5
256 2 0 4.0
168 30 0 1.75
222 3 0 3.5
315 1 0 1.25
314 57 0 3.25
322 12 0 1.25
270 16 0 3.75
147 7 0 2.5
115 34 0 2.75
125 3 0 3.0
151 0 0 3.0
26 23 0 4.0
152 16 0 2.0
209 27 0 3.0
298 55 0 1.75
271 22 0 4.0
239 36 0 3.75
299 43 0 4.0
227 17 0 1.5
143 42 0 4.0
3 21 0 4.0
181 11 0 2.25
299 30 0 3.5
354 5 0 2.0
202 37 0 2.5
342 17 0 1.5
71 79 0 4.0
183 10 0 1.5
328 30 0 2.75
166 15 0 3.0
249 14 0 3.75
101 26 0 1.75
194 5 0 3.0
326 2 0 1.5
65 25 0 3.0
312 22 0 1.25
60 11 0 2.75
211 2 0 2.75
324 18 0 1.5
299 23 0 2.25
263 0 0 3.0
27 25 0 1.25
115 23 0 1.25
296 16 0 3.0
66 18 0 2.25
149 5 0 1.75
48 21 0 1.5
170 25 0 2.0
301 25 0 3.25
305 12 0 1.25
335 30 0 1.5
116 26 0 3.0
142 19 0 1.75
17 21 0 1.5
141 17 0 1.25
55 7 0 1.75
226 7 0 2.5
169 29 0 2.5
278 27 0 1.75
56 10 0 1.0
121 31 0 2.75
277 2 0 1.75
264 6 0 3.25
245 9 0 2.0
9 17 0 1.75
281 10 0 3.25
175 12 0 3.75
88 3 0 2.0
81 4 0 1.0
334 21 0 3.25
275 27 0 1.75
151 3 0 1.75
215 24 0 1.0
131 55 0 3.0
140 16 0 1.5
173 24 0 3.75
140 5 0 2.75
341 0 0 2.0
99 31 0 2.0
25 75 0 3.0
301 25 0 3.5
19 27 0 1.5
244 13 0 1.25
112 1 0 2.25
300 27 0 3.0
10 4 0 3.75
14 56 0 1.25
189 14 0 3.5
62 28 0 2.75
326 1 0 1.75
277 30 0 3.25
210 4 0 2.5
211 7 0 1.75
70 36 0 2.75
12 46 0 2.25
28 1 0 3.75
313 39 0 3.0
130 6 0 2.0
87 29 0 4.0
302 15 0 4.0
338 30 0 2.75
50 65 0 2.5
236 27 0 4.0
214 12 0 3.25
310 16 0 3.5
122 6 0 2.0
260 27 0 2.75
21 3 0 3.75
246 28 0 1.0
298 7 0 4.0
131 24 0 4.0
267 19 0 3.0
214 59 0 3.25
51 29 0 3.25
253 11 0 1.75
147 30 0 3.75
184 44 0 1.0
188 27 0 2.75
319 1 0 2.5
116 27 0 1.25
109 28 0 2.25
278 2 0 4.0
99 15 0 2.0
75 55 0 3.75
337 19 0 3.0
2 21 0 2.25
132 24 0 3.75
44 21 0 1.75
265 29 0 1.5
167 23 0 3.5
321 20 0 1.0
249 17 0 1.25
37 14 0 3.25
198 20 0 4.0
208 28 0 3.75
54 21 0 2.25
75 29 0 2.25
148 23 0 1.75
236 16 0 3.75
235 21 0 2.0
125 17 0 2.75
244 18 0 1.0
221 10 0 2.0
35 2 0 3.75
303 60 0 2.25
212 67 0 2.5
76 30 0 3.0
62 27 0 2.5
228 18 0 1.5
250 30 0 1.5
223 7 0 4.0
150 24 0 1.0
159 2 0 2.75
3 30 0 3.5
314 22 0 1.25
287 1 0 2.5
212 8 0 2.25
220 0 0 1.75
78 15 0 2.75
295 7 0 1.0
40 14 0 1.25
141 11 0 3.75
285 1 0 2.5
329 49 0 3.5
17 20 0 1.75
182 19 0 3.25
115 16 0 2.0
62 8 0 2.75
89 7 0 1.0
17 13 0 1.0
141 7 0 2.25
348 5 0 1.5
66 22 0 2.5
170 63 0 3.5
205 21 0 3.75
110 20 0 1.75
328 54 0 3.5
155 15 0 2.0
275 19 0 2.75
144 48 0 2.25
246 21 0 4.0
57 27 0 2.0
83 46 0 2.75
92 10 0 2.5
356 7 0 1.25
318 16 0 1.5
223 6 0 2.75
41 5 0 1.0
287 7 0 2.0
262 25 0 1.0
144 18 0 2.0
228 80 0 1.0
69 21 0 2.5
306 27 0 1.0
162 45 0 3.25
208 3 0 1.5
37 1 0 1.25
149 3 0 2.0
208 14 0 1.25
14 21 0 4.0
274 7 0 3.5
134 55 0 2.5
232 8 0 2.25
176 9 0 1.5
186 17 0 1.0
255 11 0 4.0
255 1 0 3.5
239 16 0 3.75
16 27 0 1.25
237 2 0 1.0
196 22 0 3.0
26 0 0 1.25
52 11 0 3.5
208 4 0 2.5
184 30 0 1.5
244 7 0 1.75
156 26 0 1.25
164 50 0 2.25
111 23 0 2.25
187 9 0 1.25
224 11 0 3.25
88 24 0 3.5
271 7 0 1.5
147 14 0 4.0
272 30 0 1.0
289 44 0 1.5
301 16 0 3.75
242 17 0 4.0
155 26 0 2.25
15 29 0 4.0
109 8 0 1.5
246 1 0 4.0
259 11 0 1.75
178 22 0 2.75
29 13 0 1.0
149 6 0 4.0
58 21 0 3.0
264 52 0 1.5
170 23 0 4.0
11 26 0 2.0
222 8 0 1.25
155 7 0 2.5
261 12 0 3.0
347 13 0 3.25
303 16 0 2.25
341 0 0 3.0
84 22 0 3.5
102 25 0 1.5
299 16 0 1.25
160 16 0 1.75
283 10 0 1.5
269 7 0 2.75
11 15 0 2.75
199 4 0 2.0
222 18 0 3.75
313 9 0 1.5
333 0 0 3.5
68 1 0 3.25
99 19 0 1.0
54 25 0 1.75
349 4 0 3.25
304 3 0 2.25
14 20 0 3.5
92 0 0 2.75
195 30 0 1.0
64 57 0 2.75
186 8 0 1.75
283 22 0 1.0
34 3 0 3.0
316 22 0 1.5
185 4 0 2.75
9 2 0 4.0
277 17 0 3.0
134 7 0 4.0
13 69 0 2.0
350 20 0 3.25
283 35 0 2.5
79 14 0 3.25
296 7 0 2.25
201 22 0 3.75
156 9 0 3.75
181 30 0 1.75
335 15 0 1.75
298 23 0 3.75
31 66 0 2.75
43 5 0 1.0
175 3 0 3.0
52 1 0 4.0
13 23 0 1.5
257 19 0 3.5
55 8 0 1.75
292 27 0 2.25
76 7 0 1.0
137 17 0 3.25
23 5 0 1.75
120 1 0 1.0
338 0 0 1.5
303 28 0 2.25
217 21 0 3.75
189 27 0 1.0
262 20 0 2.25
326 2 0 2.75
152 10 0 3.0
28 16 0 2.75
343 3 0 1.5
87 11 0 1.75
342 1 0 2.75
47 28 0 4.0
248 15 0 3.75
353 20 0 2.5
223 49 0 3.25
280 9 0 2.5
335 24 0 1.5
319 26 0 1.25
111 12 0 2.0
253 16 0 3.75
126 16 0 4.0
229 20 0 1.25
294 27 0 3.0
16 6 0 1.75
163 10 0 2.75
278 24 0 3.5
205 19 0 3.5
66 32 0 3.75
158 2 0 1.0
300 24 0 3.0
104 15 0 1.5
153 9 0 3.75
349 17 0 3.5
160 23 0 4.0
60 3 0 3.25
329 30 0 3.0
189 24 0 1.0
124 28 0 3.5
137 9 0 3.75
185 1 0 1.75
242 6 0 3.25
293 19 0 2.25
244 8 0 1.5
159 3 0 1.25
281 3 0 3.0
242 61 0 3.0
90 21 0 4.0
266 42 0 3.75
170 23 0 1.0
59 11 0 1.0
33 24 0 3.5
59 42 0 1.25
282 1 0 2.75
204 17 0 4.0
300 1 0 4.0
305 13 0 4.0
334 4 0 3.0
222 23 0 2.0
343 18 0 1.25
277 22 0 2.0
270 15 0 2.5
282 44 0 4.0
46 1 0 1.75
9 6 0 4.0
139 49 0 3.5
70 28 0 2.75
250 25 0 3.5
32 28 0 2.75
328 4 0 1.75
250 3 0 3.75
305 15 0 1.75
113 34 0 2.5
76 49 0 1.0
204 10 0 3.25
261 44 0 2.0
251 24 0 3.5
128 0 0 3.0
131 17 0 2.25
127 23 0 1.5
314 11 0 3.5
31 16 0 3.5
266 7 0 2.75
182 1 0 3.25
29 19 0 3.5
294 18 0 4.0
243 11 0 1.0
153 24 0 3.5
171 23 0 1.0
30 66 0 1.0
240 10 0 1.75
73 14 0 3.25
203 57 0 1.0
62 4 0 1.0
226 54 0 1.5
185 27 0 1.0
77 23 0 1.5
72 18 0 1.0
148 13 0 3.25
7 30 0 3.0
124 26 0 3.5
33 44 0 2.5
111 39 0 4.0
65 19 0 1.75
121 18 0 2.25
85 18 0 1.75
159 18 0 4.0
299 25 0 2.0
252 0 0 2.75
330 13 0 1.25
181 24 0 2.0
41 19 0 4.0
1 68 0 2.25
121 5 0 3.0
298 15 0 3.75
352 23 0 2.75
264 5 0 3.75
23 23 0 2.0
316 80 0 3.5
61 79 0 3.25
226 4 0 1.5
288 16 0 1.25
190 10 0 3.0
183 20 0 3.5
53 23 0 2.25
91 37 0 1.75
82 10 0 1.25
59 59 0 3.75
53 4 0 1.0
122 74 0 1.0
42 1 0 2.75
229 31 0 1.5
297 27 0 1.5
3 49 0 1.5
123 23 0 2.5
214 9 0 3.75
164 5 0 1.0
248 5 0 2.0
176 6 0 1.5
175 37 0 1.25
59 40 0 1.0
135 2 0 2.0
253 29 0 1.0
83 16 0 4.0
58 5 0 3.25
319 25 0 1.5
244 36 0 4.0
176 14 0 1.25
198 61 0 3.0
191 35 0 2.25
201 1 0 1.5
296 13 0 3.75
351 29 0 4.0
297 19 0 2.5
122 20 0 2.0
12 30 0 3.75
274 20 0 3.0
33 9 0 1.5
196 14 0 1.5
175 66 0 2.5
221 21 0 2.25
60 27 0 1.5
35 32 0 1.25
142 47 0 4.0
252 29 0 1.5
63 14 0 2.0
42 5 0 1.5
115 30 0 1.25
10 30 0 1.25
130 24 0 3.25
110 13 0 1.5
239 21 0 3.0
318 15 0 3.25
349 7 0 1.25
102 13 0 2.25
355 3 0 2.0
28 10 0 1.5
162 11 0 1.25
188 0 0 3.25
185 4 0 3.0
43 28 0 4.0
191 17 0 2.25
7 14 0 3.75
310 9 0 3.0
99 29 0 3.25
88 22 0 1.25
277 22 0 1.75
291 1 0 2.75
132 3 0 3.0
296 10 0 3.0
356 24 0 2.25
112 27 0 3.5
213 50 0 3.25
138 50 0 4.0
34 28 0 3.0
234 63 0 2.5
64 28 0 1.25
208 18 0 3.0
186 1 0 2.25
336 0 0 3.5
236 0 0 4.0
349 7 0 2.5
1 18 0 1.0
119 14 0 1.75
353 1 0 2.5
232 29 0 1.5
325 28 0 2.25
271 17 0 2.5
215 17 0 1.25
167 29 0 3.5
175 18 0 3.5
255 6 0 4.0
135 30 0 4.0
167 1 0 1.0
342 2 0 3.5
233 9 0 1.25
104 13 0 1.75
280 15 0 3.25
295 16 0 3.75
234 0 0 3.75
141 9 0 2.75
144 25 0 3.5
264 5 0 2.75
325 49 0 1.75
61 51 0 3.0
73 21 0 1.75
5 24 0 3.5
165 27 0 2.5
177 10 0 3.0
260 26 0 2.5
242 0 0 2.75
163 21 0 2.0
7 29 0 3.75
185 19 0 1.75
10 24 0 2.75
31 29 0 1.25
345 19 0 2.5
98 17 0 4.0
319 76 0 3.5
286 20 0 1.5
70 13 0 1.25
54 25 0 2.5
332 59 0 1.75
341 26 0 2.25
251 26 0 3.25
143 8 0 3.25
106 11 0 3.0
72 22 0 3.25
232 39 0 1.75
248 70 0 3.25
313 11 0 1.25
222 21 0 1.5
58 3 0 2.5
345 22 0 1.25
10 14 0 1.5
149 30 0 4.0
174 39 0 2.25
307 17 0 1.25
298 24 0 1.5
268 7 0 2.5
146 27 0 2.75
255 58 0 4.0
189 9 0 2.5
46 26 0 3.75
274 29 0 1.5
84 25 0 3.75
78 66 0 1.0
244 1 0 1.25
94 13 0 1.25
310 5 0 3.25
259 5 0 3.5
74 14 0 1.75
288 35 0 1.0
332 2 0 2.5
348 14 0 3.25
335 25 0 2.25
91 5 0 2.5
262 8 0 2.0
116 18 0 1.0
312 29 0 4.0
359 34 0 2.25
231 10 0 2.5
275 14 0 4.0
189 16 0 1.75
34 4 0 3.75
187 9 0 1.0
74 22 0 1.5
304 28 0 2.0
322 25 0 1.5
358 24 0 2.75
37 11 0 2.75
207 21 0 1.25
295 1 0 2.25
131 21 0 3.0
141 22 0 3.75
174 20 0 3.5
12 22 0 2.5
7 29 0 4.0
339 3 0 3.25
231 29 0 1.25
261 5 0 3.5
192 19 0 3.5
75 5 0 2.25
158 12 0 2.25
190 14 0 1.75
242 24 0 3.25
183 54 0 1.25
331 2 0 2.5
72 28 0 2.5
225 28 0 2.0
238 16 0 3.0
142 4 0 1.5
138 2 0 3.25
291 10 0 2.0
289 26 0 1.5
217 11 0 1.25
216 70 0 1.5
69 24 0 3.0
147 12 0 3.75
22 24 0 2.25
284 36 0 3.0
92 8 0 1.75
53 67 0 1.5
235 29 0 3.5
72 5 0 1.25
155 15 0 2.25
239 15 0 3.5
217 3 0 3.25
4 9 0 3.5
221 21 0 1.75
172 16 0 1.5
303 5 0 3.0
88 5 0 2.75
106 28 0 1.0
203 55 0 2.75
214 5 0 3.25
263 2 0 3.25
342 36 0 1.25
90 40 0 1.5
0 13 0 3.75
6 1 0 1.25
73 9 0 2.25
14 5 0 1.25
349 25 0 2.5
211 18 0 3.5
130 8 0 2.25
260 17 0 1.5
113 8 0 3.25
266 11 0 1.25
245 17 0 1.25
343 6 0 1.25
321 10 0 2.75
306 13 0 1.0
238 26 0 3.25
216 25 0 3.5
336 7 0 1.0
16 25 0 3.5
97 15 0 1.0
195 23 0 2.75
84 16 0 3.75
68 9 0 3.75
145 4 0 1.75
311 17 0 2.25
339 26 0 2.25
85 27 0 3.0
239 24 0 3.0
87 10 0 1.75
226 30 0 1.25
308 9 0 2.0
20 22 0 3.0
221 2 0 2.0
63 30 0 2.75
164 17 0 4.0
347 6 0 4.0
67 9 0 1.25
156 16 0 1.0
117 10 0 2.75
318 10 0 2.75
82 29 0 3.25
277 5 0 3.25
64 23 0 3.0
228 6 0 3.75
178 35 0 2.5
88 29 0 4.0
45 25 0 3.75
80 7 0 3.75
1 15 0 2.0
334 6 0 2.0
77 21 0 1.5
342 4 0 2.25
102 13 0 1.0
173 23 0 3.5
118 55 0 3.0
109 28 0 1.5
125 11 0 2.0
222 28 0 3.5
201 11 0 2.75
267 13 0 1.5
186 4 0 3.75
250 19 0 2.5
158 24 0 3.5
217 14 0 3.0
182 53 0 2.5
51 53 0 4.0
38 1 0 4.0
149 10 0 2.5
73 1 0 1.5
15 66 0 1.0
110 49 0 2.25
309 13 0 3.25
75 9 0 3.5
139 28 0 1.5
52 14 0 1.25
318 2 0 1.25
199 1 0 4.0
55 53 0 1.0
104 21 0 3.25
87 11 0 1.25
189 1 0 3.0
270 3 0 2.0
236 5 0 1.25
108 12 0 4.0
271 30 0 3.25
157 25 0 1.0
113 25 0 3.0
74 17 0 3.75
170 14 0 2.0
334 1 0 3.0
322 20 0 3.75
20 19 0 3.0
152 6 0 1.0
106 11 0 1.75
164 23 0 3.75
64 27 0 2.5
86 4 0 3.0
198 6 0 3.75
220 4 0 1.25
167 7 0 1.75
245 34 0 1.5
294 10 0 1.5
172 11 0 1.0
308 14 0 1.0
348 14 0 1.25
339 1 0 3.75
8 3 0 1.0
220 27 0 2.5
231 15 0 1.5
159 70 0 2.25
147 27 0 2.5
147 17 0 1.0
356 24 0 4.0
100 27 0 1.75
113 14 0 4.0
291 15 0 1.25
105 17 0 2.75
197 55 0 3.5
173 24 0 3.25
43 17 0 3.75
34 2 0 3.5
126 22 0 2.0
38 30 0 2.5
208 21 0 2.75
41 16 0 1.5
29 2 0 2.75
216 23 0 4.0
247 27 0 2.0
191 2 0 1.75
116 7 0 1.0
139 21 0 3.75
0 26 0 3.25
212 24 0 1.25
193 35 0 1.25
129 14 0 3.5
69 1 0 4.0
248 8 0 4.0
277 42 0 3.5
221 2 0 3.25
195 5 0 2.5
224 25 0 2.25
179 0 0 2.25
218 57 0 3.0
311 4 0 3.25
233 14 0 2.25
176 14 0 4.0
44 2 0 1.0
278 19 0 3.5
270 26 0 2.75
162 38 0 3.0
302 20 0 4.0
314 16 0 3.0
309 6 0 3.75
79 59 0 3.5
260 15 0 1.75
239 18 0 2.0
353 7 0 3.0
335 25 0 1.5
151 0 0 3.25
272 10 0 2.75
284 30 0 3.25
272 16 0 4.0
217 4 0 3.0
96 23 0 3.75
2 30 0 4.0
87 26 0 1.75
77 65 0 3.5
86 7 0 2.75
187 30 0 1.5
200 31 0 3.25
332 52 0 3.5
41 21 0 2.5
140 4 0 1.5
227 23 0 2.0
111 0 0 1.75
212 4 0 2.25
335 12 0 1.75
262 10 0 2.0
342 7 0 2.75
314 20 0 3.25
207 72 0 3.5
356 21 0 2.25
182 13 0 3.75
280 9 0 1.0
54 1 0 1.75
76 12 0 1.5
358 26 0 2.0
113 7 0 3.25
104 20 0 3.75
276 0 0 1.5
190 24 0 1.5
110 19 0 3.75
14 17 0 1.75
336 77 0 1.25
359 21 0 1.5
44 0 0 3.0
123 3 0 3.5
97 30 0 2.5
132 2 0 2.5
42 7 0 2.25
79 46 0 2.75
268 8 0 2.75
151 4 0 2.5
2 7 0 1.5
351 30 0 2.0
105 20 0 3.5
201 13 0 2.25
346 19 0 1.75
232 9 0 2.25
25 42 0 3.5
246 22 0 3.5
103 20 0 3.75
29 10 0 3.75
304 1 0 3.5
46 8 0 3.5
244 10 0 3.25
322 30 0 3.25
236 4 0 2.25
83 0 0 2.25
98 22 0 3.5
248 6 0 3.5
190 9 0 1.0
326 19 0 1.25
285 15 0 2.25
230 8 0 2.0
224 30 0 3.25
244 21 0 4.0
285 7 0 3.0
105 14 0 2.75
220 15 0 3.5
182 52 0 1.5
340 12 0 1.5
309 28 0 3.25
239 16 0 3.25
187 22 0 1.5
155 49 0 1.5
25 43 0 2.75
192 4 0 1.75
156 6 0 3.0
57 35 0 3.75
205 23 0 2.0
324 5 0 3.25
13 22 0 1.0
157 12 0 1.5
144 55 0 1.5
165 1 0 4.0
265 28 0 3.75
88 11 0 1.5
227 54 0 1.0
308 7 0 3.0
34 6 0 2.5
117 3 0 2.25
133 10 0 1.0
55 6 0 2.25
118 17 0 3.0
251 2 0 3.0
139 17 0 1.25
101 6 0 2.5
22 0 0 2.5
197 7 0 3.0
239 15 0 4.0
300 10 0 3.0
129 9 0 1.75
353 5 0 2.0
172 17 0 4.0
145 4 0 2.0
70 30 0 1.75
48 4 0 2.0
192 7 0 2.25
10 27 0 1.0
122 10 0 1.0
156 18 0 4.0
143 5 0 2.75
271 11 0 2.25
325 8 0 2.5
195 27 0 4.0
128 9 0 1.0
182 24 0 4.0
166 1 0 2.25
164 26 0 3.0
118 15 0 3.5
277 71 0 3.25
321 2 0 1.0
321 20 0 2.0
328 4 0 3.25
300 21 0 1.75
315 9 0 2.25
317 28 0 1.25
224 1 0 3.25
131 1 0 2.75
262 51 0 3.0
202 10 0 1.5
334 6 0 1.0
174 30 0 2.25
107 27 0 2.75
282 21 0 1.5
335 23 0 1.75
300 10 0 1.0
183 25 0 4.0
16 33 0 3.5
153 22 0 2.0
328 11 0 2.0
177 42 0 3.5
50 29 0 3.25
104 21 0 2.25
229 27 0 1.5
211 8 0 4.0
78 22 0 1.75
209 7 0 4.0
348 4 0 3.0
222 0 0 3.25
289 23 0 3.25
234 11 0 2.25
273 29 0 1.75
297 2 0 2.0
203 20 0 2.5
259 12 0 2.0
79 27 0 2.5
138 1 0 1.5
295 1 0 2.75
184 4 0 3.5
37 17 0 3.5
304 12 0 3.5
104 9 0 1.5
134 79 0 3.25
275 25 0 1.0
233 10 0 1.75
352 11 0 1.25
339 8 0 2.5
250 18 0 4.0
325 10 0 4.0
15 14 0 4.0
354 4 0 4.0
136 24 0 1.75
109 7 0 2.0
33 17 0 1.25
253 17 0 2.5
249 25 0 3.5
186 1 0 3.25
17 13 0 2.25
279 20 0 3.25
71 3 0 3.25
271 4 0 1.25
60 7 0 2.0
324 16 0 1.5
263 12 0 4.0
212 7 0 2.0
147 17 0 1.75
195 10 0 1.25
72 29 0 1.5
137 21 0 1.5
295 0 0 2.75
308 9 0 2.25
130 6 0 3.0
226 13 0 3.0
289 21 0 3.75
51 24 0 3.25
43 14 0 3.75
89 30 0 2.75
238 21 0 3.0
106 7 0 1.5
152 18 0 2.0
96 13 0 3.0
357 43 0 1.25
342 2 0 1.0
104 20 0 2.5
60 20 0 2.25
139 16 0 1.25
289 1 0 3.5
241 39 0 3.25
103 21 0 1.0
232 22 0 4.0
41 28 0 3.25
359 47 0 4.0
131 27 0 3.75
45 25 0 1.75
327 17 0 2.0
14 17 0 1.5
319 2 0 4.0
137 2 0 1.25
206 4 0 1.75
206 2 0 1.5
124 25 0 1.25
197 21 0 3.75
254 30 0 3.0
141 18 0 4.0
308 19 0 1.0
207 4 0 2.25
358 5 0 1.75
354 21 0 1.0
358 1 0 1.5
275 21 0 2.5
79 13 0 1.75
147 5 0 2.5
91 78 0 2.0
318 15 0 3.0
111 1 0 3.5
161 1 0 3.25
38 16 0 3.5
225 29 0 3.75
269 1 0 1.75
92 10 0 2.0
280 1 0 1.0
111 27 0 3.25
197 30 0 1.0
234 28 0 1.25
83 22 0 3.25
147 20 0 3.25
101 29 0 2.5
109 76 0 1.75
134 5 0 1.75
108 16 0 2.0
277 17 0 1.0
358 9 0 1.5
310 16 0 3.75
173 7 0 3.0
13 7 0 1.5
299 11 0 2.25
86 1 0 4.0
25 8 0 3.5
261 20 0 4.0
131 15 0 1.5
64 7 0 1.0
31 1 0 3.0
173 8 0 3.75
61 21 0 4.0
244 11 0 1.5
307 3 0 3.5
344 13 0 1.5
311 28 0 2.5
43 13 0 1.0
190 7 0 1.0
181 1 0 2.75
281 20 0 3.0
214 4 0 2.25
296 18 0 2.25
247 5 0 1.0
273 4 0 3.25
180 22 0 3.25
199 4 0 3.5
73 8 0 2.5
108 2 0 3.75
286 56 0 1.25
270 13 0 3.75
103 18 0 2.5
263 0 0 1.5
353 26 0 1.0
233 4 0 3.0
114 27 0 2.0
0 30 0 1.25
169 51 0 2.5
135 3 0 3.5
44 18 0 3.25
276 26 0 3.75
66 21 0 3.75
350 16 0 1.0
60 4 0 3.5
343 63 0 1.5
115 21 0 2.25
217 21 0 1.25
240 12 0 2.5
315 3 0 3.5
258 3 0 3.5
127 50 0 3.5
222 44 0 4.0
201 19 0 1.75
39 30 0 3.75
345 27 0 4.0
222 24 0 2.75
164 19 0 1.5
40 24 0 1.75
260 27 0 1.5
268 4 0 2.0
62 37 0 1.75
166 49 0 2.75
308 8 0 1.25
181 13 0 1.25
333 20 0 2.25
207 29 0 3.0
139 29 0 3.25
13 29 0 3.5
244 24 0 3.25
82 53 0 1.25
323 10 0 3.5
18 65 0 3.75
304 24 0 2.75
200 11 0 2.5
309 13 0 1.25
28 2 0 2.75
180 21 0 3.0
83 12 0 3.0
336 27 0 1.75
181 17 0 4.0
271 13 0 4.0
246 3 0 3.75
255 10 0 1.0
173 21 0 3.5
276 21 0 2.75
102 6 0 3.0
320 26 0 4.0
93 0 0 4.0
229 18 0 3.0
30 13 0 3.25
313 23 0 3.25
154 23 0 2.75
38 3 0 2.5
38 26 0 2.25
278 14 0 1.5
140 19 0 3.5
259 14 0 2.25
186 5 0 1.0
326 6 0 1.5
181 9 0 3.25
176 1 0 1.25
40 28 0 1.75
60 9 0 4.0
84 23 0 3.75
249 24 0 1.75
272 27 0 1.25
45 22 0 2.0
262 27 0 1.25
287 2 0 3.5
92 29 0 1.5
322 4 0 2.25
207 4 0 3.5
277 22 0 2.75
164 7 0 3.75
203 27 0 1.75
93 19 0 2.0
156 11 0 3.75
225 34 0 3.5
312 2 0 3.25
70 6 0 3.75
63 23 0 2.25
307 4 0 2.75
345 13 0 2.5
147 30 0 2.25
216 30 0 1.75
221 61 0 2.25
39 1 0 4.0
188 15 0 2.5
148 3 0 1.5
142 44 0 4.0
217 0 0 3.0
23 49 0 1.75
258 15 0 2.5
92 26 0 2.0
18 30 0 1.75
9 28 0 2.25
97 23 0 2.75
216 0 0 2.5
278 23 0 2.5
297 1 0 3.5
304 26 0 4.0
109 80 0 1.5
301 11 0 1.75
42 22 0 1.25
294 13 0 1.25
85 21 0 3.25
1 5 0 3.25
256 73 0 1.0
190 17 0 1.5
15 2 0 1.5
33 28 0 2.5
165 46 0 2.5
235 29 0 3.75
351 6 0 1.5
347 46 0 1.25
228 6 0 2.5
334 7 0 2.25
111 57 0 4.0
192 16 0 1.0
237 0 0 2.75
62 8 0 1.0
211 72 0 2.75
126 13 0 4.0
8 18 0 3.25
237 11 0 1.25
303 38 0 3.0
0 18 0 2.75
224 26 0 2.5
215 21 0 1.75
201 25 0 2.5
304 11 0 1.5
59 22 0 1.75
215 6 0 4.0
167 23 0 1.0
224 30 0 3.0
348 60 0 2.25
98 6 0 3.25
200 15 0 2.75
78 21 0 2.75
242 12 0 1.5
111 14 0 2.25
294 2 0 3.0
180 10 0 1.25
266 24 0 2.25
206 11 0 1.25
182 19 0 2.0
338 23 0 1.0
128 28 0 1.5
2 13 0 3.25
12 6 0 1.75
235 10 0 3.25
187 5 0 4.0
173 11 0 3.25
162 30 0 1.75
0 26 0 2.75
79 11 0 2.75
88 0 0 2.0
324 27 0 3.75
165 5 0 1.5
50 23 0 1.25
241 10 0 3.25
334 1 0 1.25
131 1 0 2.0
288 23 0 3.75
321 7 0 1.25
318 3 0 3.0
107 6 0 3.25
301 8 0 1.0
60 22 0 3.75
206 11 0 2.75
48 1 0 2.5
356 22 0 3.5
129 29 0 3.25
69 26 0 1.75
120 51 0 4.0
134 25 0 4.0
137 15 0 2.25
161 58 0 3.0
347 14 0 2.75
340 16 0 2.0
180 2 0 2.5
253 4 0 1.0
174 17 0 1.25
18 27 0 1.25
171 15 0 3.5
178 26 0 1.75
186 5 0 3.25
173 16 0 3.25
151 23 0 1.5
262 16 0 2.0
120 20 0 1.5
20 8 0 1.25
282 10 0 2.0
21 0 0 4.0
125 38 0 3.0
217 21 0 2.5
199 40 0 1.75
29 26 0 3.0
9 24 0 2.5
6 29 0 2.0
300 24 0 2.75
68 37 0 4.0
65 7 0 2.75
270 1 0 2.75
359 9 0 4.0
261 58 0 4.0
215 19 0 3.5
43 17 0 2.25
34 17 0 1.75
11 55 0 2.75
165 53 0 2.5
260 41 0 1.0
16 22 0 2.75
261 24 0 2.75
65 48 0 3.25
275 19 0 1.0
196 23 0 3.25
337 78 0 2.75
163 16 0 3.75
7 2 0 3.0
77 13 0 1.75
45 0 0 1.25
72 21 0 1.25
191 19 0 1.5
43 10 0 1.0
158 8 0 1.5
227 7 0 1.75
237 15 0 3.5
348 1 0 1.5
37 17 0 3.75
285 1 0 1.0
170 25 0 2.25
204 0 0 1.0
350 8 0 1.75
104 5 0 1.5
278 12 0 1.0
183 17 0 1.0
257 29 0 3.0
340 20 0 1.25
266 11 0 3.0
276 29 0 3.25
46 15 0 3.75
123 5 0 1.5
9 29 0 2.5
255 23 0 1.25
113 4 0 3.0
344 6 0 4.0
179 30 0 1.5
314 6 0 2.25
280 10 0 1.5
78 28 0 2.5
128 20 0 1.75
187 14 0 3.5
39 21 0 3.5
353 15 0 3.25
322 21 0 4.0
197 8 0 1.25
130 21 0 1.0
20 22 0 3.75
113 11 0 1.75
336 80 0 4.0
248 19 0 3.75
272 25 0 1.5
192 20 0 3.75
186 46 0 3.75
340 19 0 3.25
103 28 0 2.25
67 68 0 3.75
239 23 0 2.5
37 22 0 3.0
334 55 0 2.5
207 15 0 1.75
336 10 0 3.0
109 9 0 2.0
11 9 0 2.5
55 8 0 2.25
304 15 0 1.25
123 9 0 1.5
4 29 0 2.5
201 4 0 1.0
275 26 0 3.5
52 52 0 3.75
303 16 0 3.5
227 5 0 2.5
212 4 0 2.0
207 10 0 1.5
145 3 0 2.0
149 27 0 3.25
54 19 0 2.75
98 29 0 3.25
27 55 0 2.25
180 10 0 3.25
67 59 0 3.5
288 67 0 2.75
359 56 0 1.5
95 23 0 2.0
67 38 0 1.0
279 48 0 1.5
240 4 0 1.0
319 56 0 3.0
22 26 0 3.0
259 2 0 1.5
190 8 0 3.75
63 3 0 2.25
310 30 0 4.0
125 28 0 1.75
94 28 0 2.75
217 59 0 2.25
66 12 0 1.5
61 23 0 3.5
273 10 0 2.75
92 23 0 3.25
258 28 0 3.5
208 25 0 2.0
127 29 0 2.25
164 27 0 2.5
252 11 0 3.5
110 25 0 1.0
282 0 0 2.25
23 19 0 1.25
359 17 0 2.25
114 11 0 2.25
170 41 0 3.0
132 19 0 2.5
84 13 0 2.0
183 28 0 2.0
256 18 0 1.0
76 29 0 1.0
357 18 0 1.5
116 28 0 2.25
189 13 0 1.0
348 21 0 3.5
184 10 0 1.5
187 59 0 3.25
53 7 0 3.75
331 18 0 2.25
263 19 0 1.25
351 10 0 3.25
125 3 0 3.5
318 24 0 3.25
183 20 0 4.0
79 21 0 3.0
248 2 0 4.0
315 21 0 3.5
28 30 0 3.25
313 8 0 4.0
213 72 0 2.0
183 27 0 3.5
83 28 0 1.75
259 24 0 2.75
73 17 0 1.75
153 27 0 4.0
174 30 0 1.5
308 2 0 3.0
243 22 0 4.0
322 16 0 2.75
276 42 0 1.0
57 3 0 3.25
127 3 0 1.75
0 27 0 2.0
255 30 0 1.25
227 9 0 1.75
254 29 0 2.25
97 25 0 2.75
267 2 0 3.25
311 23 0 2.25
82 0 0 2.75
118 4 0 2.25
70 3 0 2.5
169 7 0 2.0
292 14 0 4.0
226 13 0 3.25
139 38 0 2.0
283 15 0 1.0
260 45 0 1.0
164 7 0 1.25
316 30 0 4.0
116 16 0 1.25
313 25 0 2.25
175 21 0 2.5
115 10 0 1.0
127 27 0 3.25
13 22 0 3.0
96 24 0 1.5
218 2 0 2.25
260 0 0 3.5
329 54 0 1.0
89 15 0 1.75
84 14 0 4.0
14 26 0 3.5
65 18 0 2.25
344 10 0 2.0
181 5 0 2.0
266 1 0 3.75
81 26 0 3.75
286 20 0 1.0
158 28 0 4.0
151 39 0 4.0
218 22 0 3.5
73 22 0 1.75
348 13 0 3.5
245 10 0 2.0
299 22 0 3.75
48 22 0 3.25
301 19 0 3.0
118 27 0 1.25
114 24 0 1.0
280 4 0 2.25
213 1 0 1.5
253 54 0 1.0
203 25 0 3.75
340 19 0 3.5
218 22 0 4.0
252 7 0 1.5
131 16 0 1.5
136 14 0 2.5
197 19 0 3.0
353 26 0 4.0
259 30 0 2.0
342 15 0 2.0
215 27 0 3.0
58 20 0 1.25
304 24 0 3.0
257 23 0 3.0
353 26 0 1.75
293 6 0 1.25
89 17 0 1.5
53 17 0 3.0
55 51 0 2.75
0 21 0 3.25
55 10 0 1.25
214 1 0 3.75
171 24 0 1.5
269 19 0 2.25
179 22 0 2.0
238 18 0 1.0
72 3 0 1.5
131 30 0 2.75
118 2 0 3.0
350 4 0 3.0
78 26 0 3.5
134 19 0 1.0
118 27 0 2.75
256 18 0 4.0
183 9 0 3.25
264 3 0 2.5
239 27 0 1.0
291 25 0 1.75
32 17 0 3.75
54 24 0 1.5
213 5 0 1.5
159 59 0 2.25
298 27 0 3.0
97 30 0 2.75
85 49 0 4.0
346 20 0 2.0
194 25 0 2.5
94 15 0 4.0
89 3 0 1.0
90 8 0 2.25
294 29 0 3.75
216 22 0 2.75
182 18 0 3.25
315 18 0 2.0
71 30 0 2.25
103 43 0 3.75
195 4 0 1.25
132 1 0 1.5
315 11 0 2.75
331 3 0 1.0
78 18 0 1.25
123 14 0 2.5
337 10 0 2.0
357 75 0 3.5
255 6 0 1.75
75 8 0 4.0
90 77 0 3.0
100 4 0 2.5
77 5 0 3.25
130 4 0 3.0
290 10 0 1.25
148 17 0 3.5
103 11 0 1.0
169 10 0 2.5
116 20 0 3.0
228 1 0 3.25
207 14 0 2.0
190 24 0 1.75
45 29 0 3.0
145 25 0 4.0
153 0 0 3.25
176 6 0 4.0
158 25 0 3.75
341 26 0 1.25
227 2 0 3.75
300 2 0 2.75
243 19 0 2.0
37 19 0 3.75
281 10 0 1.25
252 28 0 2.25
288 30 0 4.0
69 14 0 4.0
291 20 0 3.25
111 14 0 3.25
296 30 0 3.75
101 29 0 4.0
130 37 0 2.75
212 5 0 3.0
112 8 0 2.25
298 22 0 1.5
354 19 0 1.0
301 17 0 1.25
226 17 0 1.75
154 30 0 1.75
213 21 0 1.5
89 15 0 2.0
120 19 0 3.5
140 28 0 2.5
210 5 0 1.0
242 8 0 2.5
77 8 0 3.5
104 24 0 3.5
209 13 0 3.0
279 4 0 4.0
48 9 0 3.75
143 1 0 3.75
240 29 0 2.25
172 13 0 1.25
315 14 0 3.75
249 23 0 3.0
5 17 0 2.5
114 7 0 2.75
284 3 0 3.25
293 10 0 1.0
205 15 0 3.75
220 9 0 2.25
244 15 0 2.0
9 13 0 4.0
143 37 0 2.5
50 17 0 3.25
162 1 0 2.0
98 18 0 3.5
267 3 0 4.0
351 4 0 3.5
184 35 0 3.25
322 24 0 2.75
204 10 0 2.5
55 7 0 4.0
283 8 0 4.0
231 25 0 1.25
119 27 0 1.75
357 16 0 1.75
128 27 0 1.75
299 7 0 3.75
343 55 0 4.0
243 15 0 3.75
156 9 0 1.5
48 13 0 4.0
274 13 0 3.75
257 28 0 1.25
38 27 0 1.0
226 26 0 2.25
54 15 0 1.0
160 5 0 2.75
141 29 0 2.0
178 22 0 2.5
50 21 0 1.75
13 4 0 1.5
50 19 0 3.0
324 29 0 2.5
51 55 0 3.0
196 0 0 2.25
263 21 0 3.75
13 24 0 3.75
27 13 0 2.5
157 2 0 1.5
327 20 0 3.0
126 0 0 1.0
238 5 0 3.25
195 2 0 1.0
170 27 0 2.5
180 14 0 4.0
322 6 0 1.0
150 7 0 2.75
16 11 0 3.75
95 21 0 1.75
85 1 0 1.0
144 25 0 3.25
283 26 0 2.75
0 16 0 3.0
107 24 0 2.0
5 25 0 3.0
319 18 0 1.25
311 29 0 4.0
276 68 0 1.5
266 4 0 1.75
67 5 0 2.25
57 13 0 3.5
326 23 0 2.0
267 18 0 1.0
93 28 0 4.0
325 14 0 3.5
111 26 0 2.75
1 10 0 4.0
257 5 0 1.25
52 6 0 4.0
51 15 0 3.25
191 23 0 3.25
120 12 0 3.75
154 17 0 2.75
127 10 0 4.0
205 30 0 2.25
76 0 0 2.0
133 18 0 1.0
306 52 0 4.0
345 24 0 2.0
285 8 0 3.75
218 41 0 4.0
317 29 0 1.5
294 38 0 2.25
67 6 0 1.0
253 10 0 2.5
316 15 0 1.25
69 16 0 3.0
1 13 0 4.0
107 26 0 1.25
134 15 0 3.75
198 0 0 1.0
225 4 0 1.0
296 25 0 2.25
63 37 0 1.25
227 38 0 1.75
169 78 0 3.0
304 24 0 3.5
223 6 0 2.25
73 7 0 1.5
326 49 0 2.75
138 13 0 1.5
268 23 0 2.0
19 6 0 3.0
33 7 0 1.5
7 25 0 1.25
184 23 0 1.5
299 25 0 2.75
210 19 0 3.5
157 16 0 1.75
273 15 0 1.25
351 4 0 1.0
235 24 0 2.25
196 16 0 2.5
235 17 0 1.75
261 23 0 1.0
272 21 0 3.25
200 26 0 2.0
256 8 0 3.0
278 27 0 1.5
75 7 0 3.5
78 4 0 3.75
85 11 0 3.5
191 16 0 1.5
226 11 0 1.25
111 11 0 4.0
218 5 0 3.75
15 16 0 2.75
171 11 0 2.5
294 23 0 3.25
307 16 0 2.75
34 20 0 4.0
198 23 0 2.25
97 9 0 2.5
260 3 0 3.5
353 2 0 3.5
209 20 0 2.75
235 17 0 3.0
269 12 0 1.75
281 23 0 3.5
173 17 0 4.0
87 52 0 1.75
233 26 0 1.5
161 8 0 4.0
339 21 0 2.0
214 9 0 2.0
269 24 0 3.5
38 72 0 1.5
302 17 0 3.5
320 6 0 2.0
292 4 0 3.5
155 27 0 4.0
66 26 0 3.0
171 0 0 1.25
311 1 0 3.75
307 26 0 1.75
339 13 0 2.25
10 9 0 2.75
48 27 0 2.75
52 29 0 1.5
39 18 0 1.0
310 37 0 3.5
164 19 0 2.25
174 55 0 1.25
253 3 0 1.25
299 30 0 3.25
252 27 0 4.0
252 1 0 3.0
103 9 0 1.75
239 4 0 2.25
7 11 0 1.75
263 15 0 3.25
120 17 0 2.75
336 75 0 3.25
338 38 0 1.5
189 0 0 3.5
151 8 0 1.75
261 10 0 3.0
222 9 0 4.0
8 22 0 2.75
324 27 0 2.0
99 16 0 4.0
153 27 0 3.5
293 54 0 4.0
59 18 0 4.0
202 1 0 1.75
261 45 0 3.75
332 10 0 3.5
201 19 0 1.5
93 3 0 1.0
168 24 0 3.25
168 20 0 1.0
27 2 0 3.75
165 2 0 3.0
95 3 0 1.25
338 9 0 4.0
174 30 0 3.0
186 7 0 2.25
222 27 0 3.5
66 21 0 1.75
205 15 0 3.25
90 58 0 3.25
253 2 0 1.25
173 15 0 3.0
56 19 0 3.5
117 30 0 3.25
122 5 0 3.0
80 18 0 4.0
147 18 0 4.0
196 18 0 4.0
154 14 0 1.25
165 20 0 1.75
282 2 0 2.75
203 80 0 2.5
12 23 0 2.25
169 1 0 1.75
298 13 0 3.0
56 15 0 1.0
141 2 0 3.5
16 28 0 2.75
126 13 0 3.75
99 12 0 1.0
355 46 0 3.5
157 15 0 2.0
27 4 0 4.0
318 4 0 2.25
88 21 0 3.5
2 29 0 3.75
82 1 0 3.25
143 12 0 3.25
83 23 0 2.75
200 20 0 1.5
26 25 0 3.0
345 20 0 1.75
201 30 0 1.75
88 24 0 1.5
26 31 0 3.25
168 15 0 3.5
5 15 0 1.0
249 7 0 3.5
195 7 0 2.75
227 30 0 3.75
210 11 0 1.75
145 23 0 2.0
179 0 0 3.0
355 9 0 2.5
85 27 0 1.0
118 5 0 1.0
285 12 0 3.25
354 30 0 3.0
21 16 0 3.0
181 4 0 1.5
300 19 0 1.75
272 10 0 1.0
321 27 0 3.5
284 0 0 3.75
248 3 0 3.25
352 10 0 2.75
154 54 0 2.75
183 22 0 4.0
242 27 0 2.25
107 10 0 1.25
288 2 0 1.5
100 13 0 3.25
96 6 0 2.5
19 13 0 4.0
222 27 0 1.25
307 16 0 4.0
166 17 0 3.5
9 7 0 2.75
227 29 0 1.5
53 22 0 2.5
200 30 0 3.25
72 0 0 3.25
51 29 0 4.0
89 13 0 3.5
164 0 0 3.0
31 21 0 1.0
92 27 0 3.0
159 15 0 2.5
147 25 0 1.75
302 22 0 3.75
337 27 0 2.5
164 20 0 2.75
56 1 0 1.75
119 13 0 2.25
161 11 0 3.0
88 23 0 1.0
115 1 0 3.0
88 16 0 3.5
207 2 0 3.5
101 12 0 3.0
312 14 0 1.25
116 25 0 2.0
115 22 0 3.25
214 8 0 1.0
198 15 0 3.0
159 27 0 1.0
153 27 0 1.5
64 62 0 1.75
16 23 0 1.25
138 21 0 1.25
67 7 0 2.25
216 30 0 1.0
168 3 0 2.0
274 6 0 4.0
194 10 0 3.75
299 57 0 1.0
291 20 0 1.0
297 10 0 3.5
194 26 0 3.0
304 3 0 4.0
135 29 0 2.25
27 13 0 1.75
257 2 0 4.0
27 5 0 2.0
66 22 0 3.0
71 10 0 2.25
321 8 0 2.5
80 10 0 2.25
143 5 0 3.25
25 9 0 4.0
221 10 0 3.75
159 5 0 3.25
327 3 0 2.25
187 18 0 2.75
232 29 0 3.0
343 25 0 1.0
71 0 0 1.5
118 21 0 1.75
204 29 0 3.25
277 23 0 1.75
117 14 0 1.75
220 12 0 2.0
162 17 0 1.0
312 32 0 1.0
341 21 0 1.5
245 21 0 3.5
8 0 0 4.0
9 6 0 2.5
27 50 0 3.5
35 3 0 1.5
176 55 0 1.0
276 48 0 2.5
232 9 0 1.75
151 14 0 2.0
144 17 0 3.75
314 27 0 3.5
32 33 0 2.5
244 2 0 2.25
239 7 0 1.0
117 21 0 1.25
213 4 0 1.5
58 26 0 4.0
355 29 0 1.5
156 11 0 1.5
26 44 0 3.75
45 6 0 1.0
100 11 0 2.75
169 14 0 2.5
340 17 0 2.0
89 28 0 2.75
193 18 0 3.25
48 21 0 3.75
238 7 0 2.5
80 20 0 3.25
328 8 0 3.5
262 18 0 3.25
105 51 0 1.5
240 23 0 1.5
304 15 0 2.0
281 23 0 2.25
14 11 0 1.25
338 8 0 1.0
3 6 0 4.0
292 17 0 1.25
1 26 0 3.0
222 7 0 3.0
1 12 0 2.0
314 7 0 3.75
111 21 0 2.25
222 19 0 1.0
340 30 0 2.75
196 8 0 3.75
146 8 0 2.75
64 27 0 3.5
212 18 0 3.75
152 16 0 3.0
218 24 0 3.5
52 30 0 3.0
207 30 0 2.5
185 52 0 3.75
278 17 0 2.25
136 27 0 1.0
120 22 0 2.25
309 27 0 2.5
308 8 0 3.0
146 20 0 3.5
211 3 0 1.5
264 46 0 2.5
200 27 0 3.25
62 4 0 4.0
173 41 0 3.5
92 24 0 3.75
299 4 0 1.25
165 75 0 3.25
80 8 0 1.0
243 25 0 1.0
80 6 0 1.25
256 14 0 3.25
27 32 0 4.0
11 10 0 4.0
275 25 0 2.25
249 7 0 4.0
286 22 0 2.0
258 21 0 2.5
160 8 0 2.25
3 17 0 1.25
145 7 0 4.0
142 16 0 3.25
318 9 0 4.0
75 45 0 2.25
25 11 0 3.5
312 1 0 3.25
108 3 0 1.75
102 25 0 1.75
154 3 0 2.25
89 28 0 2.0
266 5 0 3.5
135 16 0 2.0
229 22 0 2.75
26 7 0 1.5
150 13 0 3.0
105 17 0 1.5
10 7 0 2.25
52 9 0 1.0
278 23 0 2.25
115 30 0 2.75
175 29 0 3.0
312 17 0 3.75
41 28 0 4.0
114 16 0 4.0
64 55 0 1.0
65 19 0 3.25
326 15 0 3.25
143 29 0 2.5
220 44 0 2.5
10 9 0 3.75
215 13 0 2.25
16 21 0 1.0
175 1 0 1.5
297 2 0 1.25
197 22 0 2.0
43 13 0 3.25
96 23 0 4.0
330 0 0 2.5
93 63 0 3.25
79 0 0 2.75
133 2 0 2.0
329 2 0 3.0
87 1 0 3.0
211 3 0 2.75
32 0 0 3.25
222 14 0 2.75
0 29 0 3.5
175 0 0 2.75
41 4 0 2.0
52 12 0 3.25
198 3 0 2.5
222 14 0 2.0
142 14 0 1.5
184 66 0 2.25
109 1 0 1.25
209 7 0 2.25
7 28 0 3.25
241 22 0 2.5
34 46 0 1.0
128 20 0 2.25
167 1 0 2.5
261 29 0 1.75
358 19 0 3.75
113 12 0 3.0
59 11 0 3.25
223 3 0 1.0
188 1 0 3.75
93 23 0 2.0
34 7 0 2.0
86 18 0 2.25
157 13 0 1.25
283 8 0 3.25
253 50 0 2.5
349 19 0 3.5
47 11 0 4.0
278 1 0 1.25
328 3 0 3.25
258 1 0 3.75
300 3 0 2.5
105 55 0 2.25
23 1 0 3.75
50 26 0 1.25
306 2 0 3.25
5 7 0 3.5
279 6 0 3.25
236 26 0 4.0
320 68 0 1.25
155 0 0 3.5
180 8 0 3.25
267 2 0 1.0
332 27 0 2.25
12 49 0 1.75
34 12 0 3.5
326 20 0 1.75
352 0 0 3.5
180 21 0 4.0
350 17 0 1.75
337 19 0 2.25
192 30 0 4.0
286 9 0 2.5
135 52 0 2.75
58 3 0 2.0
108 27 0 1.0
354 2 0 3.5
56 21 0 2.25
181 23 0 3.5
148 17 0 2.25
106 9 0 3.25
22 24 0 1.5
71 4 0 3.5
354 6 0 3.25
15 28 0 1.25
126 2 0 3.5
42 0 0 3.25
207 1 0 4.0
323 3 0 1.75
209 7 0 1.5
34 13 0 1.25
37 1 0 2.0
154 29 0 2.5
67 22 0 1.5
238 59 0 2.0
311 19 0 2.5
132 11 0 2.75
153 16 0 3.0
66 30 0 1.25
291 4 0 3.0
128 17 0 1.0
332 29 0 3.75
35 6 0 3.5
9 15 0 2.0
242 28 0 2.75
43 22 0 2.0
68 26 0 1.25
93 23 0 1.0
294 44 0 3.25
130 24 0 3.5
160 9 0 3.25
189 5 0 3.5
156 28 0 2.5
98 27 0 4.0
10 26 0 3.75
184 22 0 1.75
228 1 0 4.0
335 19 0 2.25
278 11 0 1.5
333 28 0 1.25
75 12 0 2.75
214 27 0 3.75
207 12 0 2.75
278 28 0 2.0
246 22 0 2.5
188 32 0 2.75
354 17 0 3.5
226 34 0 1.0
194 20 0 1.25
205 25 0 1.5
356 26 0 2.0
205 4 0 1.0
152 1 0 1.0
106 21 0 1.0
93 45 0 2.25
213 11 0 2.0
115 14 0 3.75
193 19 0 2.75
189 30 0 2.75
228 20 0 1.5
201 74 0 1.75
253 24 0 1.75
37 23 0 2.75
80 19 0 4.0
107 14 0 1.5
301 15 0 1.75
302 0 0 4.0
129 0 0 1.75
224 12 0 3.75
36 15 0 1.75
359 20 0 3.0
1 9 0 1.5
7 7 0 2.0
240 3 0 2.75
24 15 0 3.75
48 19 0 1.75
177 60 0 3.25
272 16 0 3.5
167 7 0 3.5
74 11 0 1.25
277 15 0 1.5
144 2 0 2.75
3 59 0 3.75
269 25 0 3.75
332 41 0 1.0
58 25 0 3.0
306 1 0 1.75
219 7 0 1.5
81 29 0 3.5
89 24 0 2.5
348 6 0 1.25
150 27 0 3.75
166 4 0 3.5
73 27 0 2.5
349 30 0 1.25
65 1 0 2.5
34 4 0 2.25
66 19 0 3.75
292 29 0 2.25
51 54 0 1.0
216 28 0 3.5
256 26 0 2.75
309 14 0 1.5
126 5 0 2.5
339 18 0 2.5
124 0 0 2.25
355 29 0 3.75
99 22 0 3.0
158 20 0 4.0
263 30 0 1.25
169 15 0 1.75
121 28 0 3.25
313 27 0 3.75
220 6 0 2.0
104 17 0 4.0
252 1 0 1.5
265 11 0 3.5
98 5 0 4.0
334 11 0 2.75
188 23 0 1.0
281 29 0 2.25
246 25 0 1.75
54 35 0 2.75
299 0 0 1.75
105 10 0 3.75
52 10 0 1.5
121 2 0 1.75
276 3 0 3.0
170 18 0 2.25
359 2 0 3.5
262 2 0 2.25
269 29 0 3.0
337 24 0 2.5
243 28 0 2.0
77 18 0 3.75
82 28 0 3.75
153 24 0 1.5
1 11 0 2.0
203 30 0 3.5
343 15 0 3.75
174 22 0 4.0
90 26 0 3.25
185 15 0 3.75
153 23 0 1.0
335 71 0 2.75
108 30 0 1.25
77 3 0 2.0
220 6 0 1.25
18 20 0 3.25
266 28 0 3.75
41 51 0 1.25
115 9 0 2.5
339 13 0 2.75
141 12 0 3.5
97 26 0 3.25
182 15 0 4.0
10 6 0 3.75
179 6 0 1.75
79 25 0 1.0
260 22 0 3.0
277 71 0 2.75
252 7 0 2.0
33 11 0 3.0
122 6 0 2.75
161 20 0 3.5
12 18 0 4.0
177 13 0 3.25
203 14 0 2.25
305 11 0 2.75
32 47 0 3.0
59 1 0 1.0
265 4 0 1.5
69 30 0 2.5
5 0 0 3.25
342 22 0 2.75
343 8 0 3.75
210 77 0 3.25
347 0 0 2.5
111 5 0 3.5
58 18 0 1.25
121 27 0 3.75
267 27 0 2.5
22 0 0 1.25
199 10 0 1.75
56 53 0 1.25
348 27 0 2.75
211 1 0 2.5
214 12 0 3.5
0 29 0 1.25
291 41 0 2.25
207 30 0 1.5
195 45 0 2.5
101 7 0 1.0
163 30 0 2.25
44 20 0 2.5
271 25 0 3.75
31 14 0 3.75
105 29 0 1.0
314 23 0 3.5
233 26 0 1.75
143 25 0 1.5
83 11 0 3.75
7 5 0 3.75
359 18 0 3.5
55 59 0 2.0
72 2 0 3.25
230 29 0 3.25
351 17 0 2.0
352 21 0 1.75
301 22 0 3.0
250 6 0 2.5
234 26 0 3.25
123 2 0 2.5
256 27 0 3.75
93 1 0 4.0
178 16 0 2.0
176 24 0 2.75
148 0 0 4.0
6 18 0 1.75
339 3 0 3.75
150 13 0 4.0
107 30 0 2.25
342 16 0 3.75
240 46 0 1.5
54 14 0 4.0
242 64 0 1.25
316 1 0 3.0
167 77 0 3.5
310 3 0 3.75
156 22 0 1.75
129 48 0 1.75
258 15 0 3.0
182 13 0 1.0
191 6 0 1.75
325 30 0 3.25
77 27 0 3.0
101 39 0 2.75
31 20 0 2.5
53 10 0 2.5
171 28 0 3.0
266 64 0 2.0
285 25 0 3.25
198 9 0 1.0
134 1 0 1.5
161 29 0 2.25
85 5 0 2.0
158 41 0 1.5
292 24 0 3.75
319 21 0 4.0
275 19 0 2.25
225 17 0 1.75
208 13 0 4.0
353 28 0 1.5
68 34 0 1.0
305 20 0 2.5
51 29 0 1.5
86 19 0 3.0
148 52 0 1.5
222 9 0 1.0
166 30 0 3.75
243 13 0 2.75
347 13 0 2.0
349 2 0 1.0
137 4 0 1.25
49 13 0 4.0
127 3 0 2.25
108 24 0 2.5
359 27 0 3.0
251 4 0 3.0
121 27 0 2.5
105 29 0 2.0
98 9 0 1.25
357 1 0 3.75
127 8 0 3.25
184 7 0 3.75
220 14 0 2.75
322 5 0 2.75
178 27 0 3.0
277 10 0 2.5
328 14 0 2.0
313 3 0 3.0
319 4 0 3.25
173 13 0 1.75
200 37 0 1.75
127 18 0 3.0
311 25 0 1.0
93 7 0 1.25
330 26 0 3.25
272 3 0 1.5
329 61 0 1.5
357 22 0 1.25
84 28 0 1.75
58 18 0 3.5
343 2 0 2.25
309 24 0 3.75
286 54 0 2.75
277 28 0 1.0
320 31 0 2.0
180 3 0 3.75
81 1 0 3.75
283 6 0 2.5
287 29 0 2.75
345 19 0 2.0
4 22 0 3.0
91 1 0 3.5
77 77 0 1.75
24 35 0 1.75
250 20 0 3.0
314 6 0 3.75
145 4 0 3.25
209 22 0 1.25
311 1 0 4.0
191 12 0 1.0
302 29 0 1.75
102 23 0 2.5
159 4 0 1.75
339 6 0 3.0
130 8 0 3.0
102 16 0 3.5
344 16 0 3.0
318 14 0 1.5
98 12 0 2.5
352 40 0 3.5
2 48 0 1.25
204 3 0 3.0
142 8 0 2.75
26 9 0 4.0
82 25 0 1.0
125 1 0 3.0
127 6 0 2.75
313 17 0 1.25
45 6 0 1.75
76 19 0 1.25
280 12 0 3.75
122 4 0 4.0
266 24 0 2.5
12 12 0 1.0
190 24 0 4.0
101 48 0 2.5
300 20 0 2.0
182 4 0 3.0
125 31 0 4.0
173 17 0 3.25
295 25 0 1.75
312 28 0 1.0
329 8 0 2.75
301 17 0 2.75
184 0 0 4.0
227 24 0 3.0
92 6 0 2.5
48 30 0 3.25
291 21 0 1.25
16 6 0 1.25
269 18 0 3.75
4 26 0 2.5
244 25 0 3.25
191 18 0 2.25
326 29 0 3.5
274 9 0 4.0
306 19 0 3.25
353 29 0 3.75
342 12 0 3.0
135 37 0 2.75
290 1 0 3.25
75 6 0 1.5
336 2 0 3.75
344 16 0 3.75
41 13 0 1.25
141 15 0 3.5
185 19 0 3.75
187 15 0 2.0
243 22 0 2.75
122 7 0 1.25
298 23 0 1.25
103 12 0 2.25
61 10 0 3.75
10 22 0 2.25
353 2 0 2.0
62 25 0 3.0
255 5 0 1.75
299 5 0 1.25
105 28 0 2.0
107 0 0 2.25
108 1 0 3.75
210 1 0 2.5
314 2 0 4.0
45 8 0 2.75
44 29 0 4.0
347 8 0 3.25
37 17 0 2.0
117 13 0 3.5
185 8 0 2.0
46 11 0 3.5
254 30 0 3.25
72 10 0 1.25
199 11 0 2.0
264 26 0 3.5
358 3 0 2.5
47 7 0 2.75
92 9 0 3.0
76 5 0 3.25
24 5 0 3.75
74 28 0 1.5
274 13 0 2.75
308 27 0 2.25
217 27 0 2.75
258 22 0 3.75
72 19 0 1.25
5 18 0 4.0
150 11 0 3.25
149 17 0 1.75
181 16 0 3.25
119 9 0 2.75
233 15 0 1.0
83 4 0 3.5
181 25 0 3.5
112 8 0 3.0
103 7 0 2.75
92 51 0 3.75
334 13 0 2.25
347 29 0 1.25
354 11 0 1.75
32 14 0 2.75
305 18 0 3.5
65 0 0 2.75
30 31 0 2.25
187 7 0 3.0
145 1 0 2.5
214 42 0 3.75
278 15 0 3.75
89 10 0 1.0
255 8 0 4.0
109 3 0 2.75
141 16 0 3.5
319 30 0 3.75
159 25 0 1.25
0 28 0 2.25
281 2 0 2.0
180 8 0 3.75
39 13 0 1.5
249 15 0 3.0
192 28 0 3.75
70 23 0 2.0
77 18 0 1.25
150 7 0 2.5
224 50 0 3.5
95 26 0 3.0
84 2 0 3.25
261 2 0 2.25
206 13 0 3.5
20 22 0 2.75
162 7 0 1.25
182 16 0 1.0
210 23 0 1.25
125 3 0 2.25
95 2 0 1.0
277 13 0 2.25
170 24 0 1.5
319 2 0 2.5
157 26 0 1.5
145 16 0 1.5
131 13 0 1.5
110 28 0 3.0
24 2 0 3.5
250 41 0 2.5
108 1 0 2.5
189 3 0 1.0
208 21 0 3.0
295 24 0 2.25
27 20 0 3.0
40 2 0 2.0
107 22 0 2.75
22 26 0 1.25
194 12 0 2.5
259 3 0 3.25
205 35 0 1.5
114 9 0 3.25
228 2 0 1.75
122 22 0 3.0
215 13 0 2.0
81 21 0 2.25
342 7 0 2.5
142 0 0 2.0
69 19 0 3.75
165 4 0 1.5
313 39 0 1.75
317 18 0 3.75
258 29 0 3.5
155 7 0 3.75
332 78 0 3.5
85 24 0 1.5
248 12 0 3.75
146 14 0 1.25
275 79 0 3.0
134 56 0 2.5
354 8 0 1.75
266 16 0 3.25
208 15 0 2.5
66 22 0 2.25
218 7 0 2.0
82 27 0 3.5
166 22 0 2.75
130 8 0 1.0
76 8 0 1.5
154 2 0 3.5
271 8 0 2.0
253 58 0 1.75
298 4 0 3.0
51 14 0 3.5
132 4 0 3.75
144 50 0 3.25
178 31 0 3.5
188 11 0 3.0
345 17 0 3.0
323 6 0 2.25
317 16 0 3.25
137 52 0 3.75
34 6 0 1.0
200 0 0 1.0
327 11 0 2.75
170 7 0 3.0
216 28 0 1.5
167 25 0 3.0
101 11 0 1.25
25 3 0 1.5
292 3 0 3.5
97 15 0 2.5
70 27 0 2.0
113 27 0 2.25
17 9 0 1.5
82 15 0 2.5
134 28 0 2.75
34 44 0 1.5
160 30 0 3.25
218 18 0 3.5
325 4 0 3.75
134 15 0 3.25
150 4 0 1.75
191 9 0 2.75
161 55 0 1.25
242 26 0 2.5
99 18 0 2.5
266 4 0 1.25
4 16 0 3.75
226 28 0 3.25
152 24 0 2.75
175 21 0 1.25
131 26 0 3.25
13 42 0 4.0
147 31 0 4.0
126 11 0 2.5
26 20 0 1.75
339 6 0 2.0
344 12 0 2.5
245 59 0 2.5
46 19 0 3.75
61 12 0 2.0
76 9 0 1.25
80 10 0 1.25
127 26 0 1.75
191 21 0 1.5
2 19 0 2.25
232 15 0 2.75
226 10 0 3.75
26 30 0 2.75
190 3 0 3.0
63 3 0 3.75
134 1 0 3.5
97 2 0 3.0
264 9 0 1.25
205 13 0 3.0
2 15 0 3.0
107 1 0 1.75
354 28 0 2.25
8 6 0 2.5
13 0 0 3.0
329 20 0 4.0
31 6 0 3.5
197 28 0 1.5
86 13 0 2.75
53 20 0 4.0
78 10 0 2.5
81 12 0 1.25
259 24 0 1.25
339 4 0 4.0
214 80 0 1.0
286 17 0 3.25
150 27 0 1.5
8 21 0 1.75
223 14 0 1.75
49 10 0 1.75
249 0 0 3.75
193 54 0 3.0
183 44 0 1.75
350 15 0 4.0
198 4 0 2.75
182 26 0 1.25
314 17 0 1.25
185 33 0 2.0
141 6 0 3.5
185 10 0 3.5
355 25 0 3.5
217 19 0 3.75
112 20 0 2.5
137 14 0 2.5
321 5 0 1.25
241 11 0 3.25
141 12 0 3.75
18 5 0 4.0
165 3 0 3.25
32 26 0 1.0
134 44 0 2.75
87 3 0 3.75
151 30 0 4.0
43 12 0 2.5
193 4 0 1.5
114 9 0 3.75
40 14 0 3.0
154 12 0 1.25
191 25 0 2.5
5 17 0 3.5
282 25 0 3.5
103 9 0 3.5
319 21 0 2.25
255 16 0 2.5
72 11 0 3.25
152 32 0 1.5
173 24 0 1.0
163 26 0 1.75
285 16 0 4.0
56 19 0 2.25
212 4 0 1.75
256 10 0 2.75
95 29 0 2.5
95 35 0 2.75
279 13 0 3.75
293 18 0 2.5
261 21 0 2.25
192 13 0 2.5
278 28 0 2.25
1 4 0 1.5
190 23 0 3.0
147 10 0 4.0
185 9 0 1.75
59 12 0 3.25
239 13 0 1.5
35 37 0 2.25
40 70 0 2.5
354 21 0 1.5
39 1 0 3.5
49 13 0 3.5
114 18 0 2.5
161 16 0 2.25
1 1 0 3.25
121 55 0 1.5
52 12 0 1.5
339 14 0 3.25
119 30 0 3.0
46 22 0 4.0
171 21 0 2.5
230 17 0 3.5
259 0 0 3.5
128 6 0 2.5
156 7 0 3.25
320 12 0 1.5
194 14 0 3.0
332 18 0 2.25
163 48 0 1.25
63 1 0 1.75
231 29 0 2.0
116 8 0 3.25
167 10 0 2.75
142 9 0 1.0
98 8 0 1.5
208 26 0 2.25
262 27 0 2.25
325 27 0 3.25
249 9 0 1.5
168 4 0 3.5
162 39 0 1.5
260 12 0 1.25
139 16 0 3.25
257 49 0 3.75
280 15 0 1.5
34 34 0 3.75
134 6 0 1.25
249 9 0 1.0
259 18 0 4.0
185 7 0 2.25
44 13 0 2.75
337 4 0 2.0
110 14 0 1.25
307 30 0 3.0
267 7 0 3.25
343 18 0 3.75
44 6 0 4.0
151 24 0 3.75
336 7 0 1.25
232 27 0 1.75
74 20 0 3.25
175 41 0 2.25
346 17 0 1.75
168 18 0 1.5
57 30 0 1.0
296 6 0 3.25
97 14 0 2.75
174 7 0 3.5
227 13 0 2.5
76 46 0 2.25
155 28 0 4.0
338 48 0 2.0
138 0 0 4.0
235 29 0 3.0
226 8 0 1.75
117 54 0 3.5
342 14 0 3.75
10 24 0 4.0
329 1 0 1.75
222 0 0 2.75
247 27 0 1.75
317 5 0 2.25
167 10 0 1.5
30 27 0 1.5
149 5 0 3.0
222 22 0 4.0
198 12 0 3.5
21 22 0 4.0
211 40 0 1.75
215 59 0 3.25
354 56 0 1.75
115 15 0 2.75
279 28 0 1.0
205 19 0 2.0
93 21 0 1.25
103 12 0 2.75
120 22 0 1.75
262 9 0 2.75
220 14 0 2.0
218 22 0 1.5
135 34 0 1.75
157 0 0 1.0
149 0 0 3.75
97 51 0 2.75
4 62 0 3.75
348 3 0 1.0
246 4 0 2.5
24 6 0 1.75
21 72 0 3.0
210 29 0 2.5
63 30 0 3.0
154 26 0 2.5
327 29 0 1.75
277 26 0 1.25
244 3 0 1.5
183 15 0 3.0
263 16 0 1.0
132 8 0 1.25
71 21 0 2.75
41 20 0 1.25
313 11 0 1.75
276 9 0 1.5
270 10 0 2.0
218 21 0 3.75
5 37 0 2.0
43 29 0 4.0
253 21 0 3.75
206 20 0 1.5
199 4 0 3.0
161 18 0 3.0
267 6 0 2.25
163 12 0 3.0
168 13 0 4.0
268 4 0 1.5
34 24 0 3.5
227 4 0 1.75
125 21 0 3.0
195 12 0 1.5
237 22 0 1.75
130 19 0 1.75
74 20 0 4.0
40 28 0 2.0
267 4 0 3.25
67 6 0 3.25
258 19 0 3.0
299 3 0 4.0
83 23 0 1.0
332 30 0 2.75
353 14 0 1.0
124 8 0 2.25
338 21 0 3.25
258 5 0 1.5
81 21 0 1.5
98 11 0 2.25
91 26 0 3.75
47 21 0 2.0
322 15 0 2.0
49 20 0 1.0
132 23 0 3.5
250 9 0 2.0
247 12 0 4.0
52 45 0 2.75
248 1 0 3.75
98 1 0 1.0
297 6 0 3.25
31 22 0 1.75
302 15 0 2.0
154 23 0 2.5
15 45 0 1.0
134 10 0 3.0
103 5 0 4.0
323 19 0 2.25
347 23 0 2.5
283 30 0 2.5
123 26 0 1.25
28 54 0 2.5
207 26 0 2.75
99 27 0 2.0
219 26 0 2.75
138 14 0 3.0
307 28 0 3.0
25 20 0 3.75
274 25 0 1.0
163 0 0 1.25
261 18 0 1.0
345 15 0 3.5
130 51 0 4.0
151 2 0 1.0
315 12 0 2.75
306 30 0 1.25
83 4 0 2.5
85 7 0 4.0
217 16 0 3.0
4 59 0 3.75
52 40 0 1.0
40 21 0 3.25
255 15 0 1.5
29 19 0 1.0
35 14 0 1.75
159 5 0 2.75
44 26 0 4.0
338 0 0 3.75
179 23 0 2.75
296 1 0 2.0
24 7 0 2.75
100 24 0 4.0
207 6 0 3.0
39 7 0 2.25
80 4 0 3.0
206 25 0 2.0
192 5 0 1.25
46 33 0 2.75
168 15 0 1.0
154 2 0 1.5
181 20 0 4.0
238 60 0 1.0
35 24 0 2.5
143 27 0 1.5
267 13 0 3.25
62 19 0 1.5
82 14 0 3.5
343 19 0 4.0
254 2 0 2.75
351 30 0 1.5
121 10 0 1.25
185 11 0 4.0
277 9 0 3.25
125 2 0 2.0
240 21 0 1.5
39 25 0 1.25
83 26 0 3.5
255 27 0 2.0
270 29 0 3.5
162 5 0 4.0
132 20 0 2.0
166 19 0 1.25
45 29 0 1.5
278 24 0 3.75
305 2 0 1.25
307 14 0 2.25
126 23 0 3.0
310 20 0 3.25
247 20 0 2.25
208 12 0 3.75
262 3 0 2.75
222 34 0 4.0
146 12 0 1.25
54 1 0 1.0
304 23 0 3.0
202 53 0 2.25
123 17 0 2.25
17 25 0 2.75
90 8 0 3.25
278 18 0 4.0
351 10 0 1.5
71 8 0 3.25
26 11 0 1.5
311 16 0 1.5
336 1 0 2.75
112 29 0 1.25
144 25 0 3.0
67 5 0 1.5
49 19 0 2.75
5 6 0 2.0
319 1 0 3.25
12 25 0 1.0
165 25 0 3.75
96 16 0 1.5
239 15 0 1.0
201 4 0 3.5
38 7 0 2.75
254 15 0 3.0
122 8 0 3.25
160 26 0 4.0
216 5 0 1.0
57 20 0 3.25
62 61 0 1.75
210 45 0 3.0
90 1 0 3.0
172 24 0 1.75
105 56 0 2.5
85 13 0 1.0
123 27 0 1.0
242 8 0 2.0
196 26 0 2.75
0 52 0 2.0
125 13 0 4.0
338 18 0 3.0
95 20 0 1.75
353 24 0 2.5
58 1 0 3.5
270 72 0 3.75
156 20 0 3.75
4 14 0 1.75
276 16 0 3.5
202 27 0 2.75
252 14 0 3.0
100 18 0 2.25
79 32 0 2.0
148 16 0 2.25
173 9 0 3.0
50 10 0 4.0
43 27 0 2.5
221 26 0 4.0
321 4 0 1.25
203 1 0 3.75
320 9 0 3.0
32 19 0 2.75
258 8 0 1.75
345 27 0 2.0
10 42 0 3.75
139 22 0 1.0
231 7 0 2.5
247 29 0 4.0
21 23 0 3.0
255 8 0 1.75
219 25 0 1.75
37 4 0 4.0
295 17 0 1.25
309 34 0 3.75
318 29 0 2.25
79 64 0 2.0
75 11 0 2.0
25 29 0 1.75
143 23 0 2.25
320 20 0 1.75
220 22 0 1.5
217 0 0 3.75
155 2 0 2.25
230 30 0 1.5
233 22 0 2.25
245 28 0 3.0
352 10 0 2.25
5 1 0 3.75
102 12 0 3.75
58 2 0 1.75
20 5 0 1.5
203 28 0 4.0
223 1 0 3.0
119 25 0 3.75
16 25 0 2.5
239 4 0 4.0
111 14 0 2.5
7 19 0 4.0
152 0 0 4.0
48 7 0 2.75
94 29 0 3.75
284 8 0 2.75
324 26 0 3.5
304 80 0 1.25
299 22 0 2.5
86 0 0 1.25
180 4 0 2.25
251 28 0 2.0
329 29 0 2.5
106 28 0 2.25
45 6 0 3.25
144 12 0 2.0
297 18 0 2.0
136 49 0 2.0
135 8 0 1.5
261 14 0 2.5
23 13 0 1.25
310 0 0 3.0
288 10 0 4.0
18 29 0 1.75
81 21 0 1.25
80 30 0 3.5
260 11 0 2.0
170 27 0 2.25
305 1 0 1.0
66 16 0 3.5
206 1 0 3.25
310 21 0 1.25
167 70 0 3.75
295 13 0 2.0
5 12 0 2.5
219 2 0 2.5
89 15 0 2.5
2 17 0 2.25
32 60 0 1.25
286 19 0 1.75
41 17 0 1.25
68 6 0 2.5
307 6 0 1.5
290 11 0 3.25
351 3 0 2.75
291 17 0 2.0
31 20 0 3.75
196 17 0 2.5
162 0 0 2.0
339 9 0 3.25
199 56 0 3.25
43 24 0 3.25
54 32 0 2.5
95 4 0 3.5
90 12 0 2.0
160 17 0 1.5
170 3 0 2.75
139 27 0 4.0
272 0 0 1.25
245 27 0 1.5
254 0 0 1.25
46 23 0 3.0
63 10 0 2.5
12 25 0 2.0
46 22 0 3.25
92 22 0 3.5
130 14 0 3.75
142 12 0 1.75
128 30 0 2.5
129 8 0 3.25
294 42 0 1.25
354 9 0 2.5
146 2 0 2.0
54 6 0 2.5
2 21 0 1.5
353 48 0 2.75
76 50 0 1.5
320 26 0 3.25
172 16 0 4.0
14 20 0 2.25
74 36 0 1.5
66 10 0 2.0
320 22 0 1.75
3 24 0 2.25
43 12 0 2.75
36 2 0 2.5
68 2 0 3.5
259 4 0 1.0
179 16 0 2.75
89 4 0 4.0
252 3 0 2.5
119 7 0 2.0
239 1 0 1.25
114 5 0 1.75
107 30 0 2.75
334 4 0 4.0
264 8 0 1.0
101 7 0 2.25
355 1 0 4.0
262 2 0 4.0
98 13 0 1.75
328 28 0 3.5
103 21 0 2.75
355 3 0 3.0
91 18 0 2.5
218 17 0 2.25
304 9 0 3.25
156 12 0 4.0
47 16 0 1.0
28 25 0 1.0
321 28 0 3.5
340 55 0 1.0
214 41 0 1.75
167 4 0 1.0
295 15 0 1.75
269 5 0 3.75
291 3 0 1.25
291 15 0 1.0
317 14 0 3.5
335 13 0 1.75
139 10 0 3.25
254 13 0 1.5
102 16 0 1.0
105 3 0 1.5
114 6 0 2.25
134 0 0 2.5
202 0 0 3.5
277 8 0 1.25
287 37 0 3.75
75 6 0 3.5
34 21 0 2.0
355 12 0 3.0
176 30 0 3.5
225 22 0 3.5
11 15 0 1.25
86 8 0 3.0
328 14 0 3.5
197 12 0 2.5
164 22 0 4.0
187 29 0 2.25
337 12 0 4.0
257 17 0 1.25
243 27 0 3.0
260 47 0 1.0
324 47 0 4.0
161 3 0 1.0
48 3 0 2.5
239 20 0 2.75
282 14 0 1.5
146 29 0 1.5
143 3 0 1.25
55 23 0 2.75
22 8 0 1.75
326 20 0 1.5
249 25 0 3.25
26 0 0 3.0
118 60 0 1.0
139 3 0 2.25
286 27 0 2.0
205 0 0 2.75
146 23 0 2.25
225 30 0 2.75
119 22 0 3.0
226 29 0 1.75
327 14 0 2.75
79 13 0 2.5
237 53 0 2.5
39 20 0 1.75
296 0 0 3.0
260 58 0 1.5
289 28 0 2.25
265 2 0 1.0
77 6 0 3.25
264 24 0 1.0
135 3 0 2.75
29 24 0 4.0
225 8 0 2.75
183 25 0 2.5
331 26 0 3.0
109 28 0 3.75
333 76 0 4.0
211 28 0 2.0
132 4 0 3.5
279 1 0 2.0
325 40 0 4.0
31 28 0 3.75
206 22 0 3.75
345 10 0 1.0
331 14 0 2.0
262 14 0 3.0
23 27 0 3.5
160 11 0 3.25
44 6 0 2.75
352 25 0 1.25
243 5 0 1.5
275 14 0 2.25
29 8 0 2.75
291 7 0 1.25
143 7 0 3.25
159 14 0 4.0
330 1 0 2.5
113 3 0 2.25
141 58 0 2.75
267 4 0 1.0
303 23 0 1.75
2 15 0 1.25
63 23 0 4.0
344 30 0 2.25
19 10 0 3.75
145 30 0 3.5
208 0 0 1.0
196 33 0 2.25
162 21 0 1.25
7 9 0 3.0
41 30 0 3.5
183 15 0 2.75
91 7 0 1.25
207 21 0 2.75
79 1 0 1.75
119 75 0 1.0
194 6 0 4.0
125 58 0 1.0
56 21 0 4.0
206 8 0 3.5
329 9 0 1.75
264 2 0 1.0
27 2 0 1.0
69 13 0 2.75
54 30 0 3.75
223 53 0 2.5
242 20 0 1.25
307 1 0 3.5
8 18 0 2.75
232 6 0 3.25
212 6 0 4.0
303 25 0 1.0
270 4 0 1.25
196 0 0 3.5
225 18 0 2.5
223 16 0 2.25
306 31 0 2.5
205 23 0 1.75
251 4 0 2.0
311 15 0 2.0
159 3 0 3.75
221 31 0 2.0
287 26 0 2.75
89 78 0 1.5
276 17 0 3.25
271 19 0 3.75
92 13 0 2.25
34 20 0 2.0
6 3 0 2.75
177 24 0 1.5
31 0 0 4.0
316 16 0 1.25
231 39 0 1.75
284 25 0 1.75
230 0 0 1.75
72 27 0 3.5
220 78 0 3.5
135 16 0 2.75
191 17 0 3.0
100 12 0 2.25
345 6 0 3.5
68 4 0 3.25
149 28 0 2.0
59 19 0 3.0
271 28 0 2.0
269 12 0 1.25
43 63 0 1.0
322 8 0 4.0
338 12 0 1.25
336 18 0 1.25
160 22 0 1.5
65 6 0 3.25
31 64 0 1.75
7 17 0 3.0
88 7 0 1.25
207 10 0 2.5
44 22 0 3.5
226 26 0 1.75
70 9 0 3.5
340 21 0 2.75
50 5 0 1.75
0 4 0 4.0
84 9 0 1.5
116 5 0 2.0
73 10 0 1.75
74 17 0 3.25
315 18 0 1.75
312 16 0 3.25
319 9 0 4.0
126 9 0 4.0
165 4 0 1.25
176 2 0 3.25
354 34 0 3.75
196 20 0 2.25
146 7 0 1.0
205 13 0 1.25
134 25 0 1.5
128 30 0 3.75
308 23 0 1.25
359 17 0 3.0
132 21 0 1.25
199 28 0 3.0
107 11 0 1.5
348 43 0 4.0
244 20 0 3.5
280 17 0 2.25
350 21 0 1.5
15 29 0 2.0
163 19 0 3.0
267 3 0 2.25
222 50 0 2.25
8 15 0 4.0
79 3 0 3.5
258 16 0 3.25
312 29 0 3.0
73 18 0 2.25
9 29 0 1.25
37 55 0 2.0
6 56 0 1.0
170 72 0 2.5
240 19 0 3.75
43 24 0 2.75
320 22 0 3.75
289 29 0 3.0
108 22 0 2.5
233 11 0 3.25
30 26 0 3.75
32 10 0 1.0
46 19 0 3.5
197 10 0 1.0
41 12 0 2.75
8 59 0 2.0
154 3 0 3.5
120 26 0 2.0
177 27 0 3.0
178 27 0 3.75
218 26 0 2.0
253 8 0 3.25
283 20 0 2.75
222 11 0 2.0
32 5 0 1.0
16 9 0 3.0
156 37 0 3.0
68 44 0 1.75
245 23 0 3.0
282 12 0 3.0
90 44 0 3.25
293 60 0 3.0
190 15 0 1.25
338 30 0 2.0
21 4 0 3.5
270 16 0 3.25
93 66 0 1.75
196 15 0 1.0
155 30 0 3.25
24 4 0 2.0
248 23 0 3.0
86 49 0 3.75
117 29 0 2.0
283 9 0 2.0
343 13 0 3.5
349 0 0 3.5
263 17 0 2.25
301 30 0 1.0
152 27 0 3.25
220 18 0 3.75
49 13 0 3.75
228 16 0 2.0
179 30 0 2.25
16 7 0 2.5
351 28 0 1.5
112 16 0 1.5
292 2 0 2.75
307 22 0 3.0
298 12 0 2.5
84 17 0 2.75
351 23 0 2.0
156 8 0 1.25
154 17 0 1.0
84 58 0 2.5
37 56 0 2.0
185 3 0 2.75
110 9 0 1.25
94 24 0 1.75
207 15 0 1.0
229 21 0 3.75
43 30 0 1.5
246 22 0 2.0
235 24 0 2.0
47 51 0 2.75
242 34 0 2.5
43 1 0 3.0
335 5 0 1.25
138 29 0 1.25
335 21 0 1.5
14 4 0 4.0
210 6 0 3.0
62 6 0 2.75
102 58 0 2.75
35 23 0 1.0
325 5 0 3.5
112 20 0 4.0
293 29 0 3.5
46 21 0 1.75
40 29 0 2.5
307 23 0 2.0
55 3 0 3.0
104 15 0 2.0
339 30 0 2.5
274 20 0 2.25
66 26 0 1.0
205 19 0 3.75
124 18 0 2.5
9 18 0 2.0
181 15 0 2.75
356 0 0 2.75
94 7 0 1.75
340 13 0 2.25
358 59 0 1.0
28 16 0 1.75
23 28 0 2.0
56 24 0 1.5
197 16 0 3.75
53 27 0 2.5
124 38 0 3.5
316 29 0 3.25
67 17 0 2.75
146 27 0 3.75
228 26 0 2.75
51 13 0 4.0
113 24 0 3.5
180 7 0 2.5
114 8 0 3.5
121 8 0 3.25
70 20 0 2.0
355 11 0 1.0
163 13 0 2.5
32 31 0 2.5
166 2 0 4.0
207 10 0 1.75
111 7 0 3.75
194 15 0 3.5
42 27 0 2.5
228 15 0 2.5
326 0 0 3.5
169 20 0 2.75
227 10 0 1.75
301 15 0 3.5
70 0 0 4.0
39 28 0 3.25
349 2 0 2.75
159 16 0 2.25
202 24 0 3.75
120 4 0 1.5
67 3 0 3.75
5 74 0 4.0
209 14 0 3.5
305 12 0 1.0
193 16 0 4.0
86 21 0 3.0
330 4 0 2.75
344 10 0 3.75
207 13 0 2.75
234 21 0 3.5
342 54 0 2.5
77 16 0 1.75
271 45 0 1.0
352 10 0 2.5
71 17 0 3.25
251 24 0 2.75
357 2 0 1.0
94 27 0 1.25
181 40 0 2.5
31 10 0 2.25
87 18 0 2.0
26 18 0 1.0
342 30 0 2.25
337 1 0 1.25
129 48 0 4.0
146 11 0 4.0
123 30 0 2.25
54 6 0 1.25
180 10 0 2.75
244 2 0 4.0
344 46 0 3.0
92 24 0 2.5
76 10 0 3.5
30 19 0 3.0
212 29 0 1.0
284 5 0 2.25
256 3 0 1.75
170 11 0 3.0
53 22 0 1.0
124 21 0 3.25
42 65 0 1.75
232 25 0 1.25
237 12 0 4.0
57 70 0 2.5
78 9 0 2.75
348 2 0 3.0
120 4 0 2.25
355 1 0 1.75
80 4 0 2.0
257 18 0 3.0
10 22 0 3.75
145 27 0 2.25
38 24 0 1.75
221 19 0 2.5
215 29 0 2.75
62 13 0 4.0
265 3 0 3.5
69 30 0 2.0
75 0 0 3.5
322 0 0 4.0
257 10 0 3.0
135 28 0 2.0
123 5 0 1.75
267 10 0 2.0
125 13 0 2.25
315 13 0 3.5
219 12 0 1.75
238 11 0 2.75
242 16 0 2.0
249 5 0 2.25
53 4 0 2.75
80 2 0 2.25
264 2 0 1.5
204 30 0 2.5
56 28 0 2.0
38 2 0 1.5
300 17 0 3.75
258 13 0 4.0
222 27 0 1.5
35 7 0 2.25
264 12 0 3.5
152 9 0 3.75
310 11 0 3.75
201 22 0 2.75
136 26 0 3.75
48 5 0 3.25
212 25 0 1.25
265 11 0 2.5
10 16 0 2.25
219 14 0 2.25
87 28 0 3.75
26 11 0 3.75
326 21 0 2.25
38 51 0 2.0
179 66 0 2.5
130 13 0 2.25
53 11 0 1.75
255 33 0 2.0
307 9 0 1.5
346 60 0 2.5
91 30 0 1.75
260 7 0 1.0
350 15 0 2.0
214 54 0 1.5
100 41 0 3.0
267 21 0 3.5
243 28 0 3.0
130 28 0 1.75
185 13 0 4.0
169 2 0 3.25
168 16 0 4.0
86 2 0 2.25
265 15 0 2.75
86 20 0 1.25
234 17 0 4.0
353 26 0 3.0
70 17 0 1.0
64 21 0 3.25
95 7 0 1.25
74 20 0 1.0
2 21 0 2.0
90 28 0 3.25
97 25 0 1.25
139 30 0 3.25
100 25 0 3.25
23 5 0 1.0
237 4 0 1.75
247 48 0 2.25
159 15 0 3.5
101 24 0 2.25
193 11 0 2.0
319 19 0 2.5
19 14 0 2.75
200 6 0 2.0
232 29 0 1.75
171 21 0 3.25
353 10 0 3.5
292 33 0 2.0
115 17 0 3.0
123 26 0 2.0
339 27 0 3.25
21 7 0 3.75
105 39 0 2.25
94 1 0 2.0
86 18 0 2.0
190 15 0 2.75
324 10 0 4.0
130 20 0 1.5
225 12 0 3.5
299 9 0 2.75
187 80 0 3.5
24 12 0 4.0
41 3 0 1.25
255 18 0 3.0
196 7 0 2.25
297 19 0 1.75
175 52 0 1.0
207 66 0 1.25
223 29 0 3.75
7 12 0 2.5
323 52 0 3.75
281 19 0 4.0
212 3 0 1.0
217 4 0 1.25
274 0 0 2.75
107 41 0 2.75
63 13 0 3.25
263 3 0 1.75
322 27 0 2.5
311 24 0 3.75
49 5 0 3.0
218 60 0 2.75
201 3 0 2.75
6 38 0 2.75
70 1 0 3.75
357 21 0 1.75
322 19 0 4.0
252 5 0 3.75
344 21 0 2.75
37 21 0 4.0
5 7 0 3.25
204 28 0 1.5
318 19 0 3.0
338 2 0 3.0
326 14 0 2.75
316 23 0 2.75
194 14 0 2.0
343 3 0 2.75
230 40 0 1.5
63 10 0 2.25
13 22 0 1.25
104 12 0 2.25
301 26 0 4.0
219 10 0 3.5
345 10 0 1.75
58 28 0 1.25
128 8 0 3.25
153 25 0 3.25
22 1 0 2.0
105 15 0 2.0
41 2 0 2.75
50 14 0 4.0
82 8 0 2.25
59 17 0 2.75
163 15 0 2.0
120 5 0 2.75
140 5 0 3.25
306 16 0 2.25
179 68 0 1.25
100 2 0 2.75
69 20 0 1.5
179 16 0 1.25
193 18 0 2.75
341 12 0 3.25
69 22 0 4.0
281 28 0 2.5
192 10 0 3.5
20 25 0 3.5
88 42 0 1.5
346 15 0 2.0
310 6 0 2.5
215 7 0 2.0
282 42 0 3.75
353 4 0 3.0
11 9 0 3.0
