304 18 0 3.0
12 11 0 3.25
25 25 0 3.0
110 27 0 2.75
160 10 0 3.75
170 24 0 2.25
11 36 0 1.5
146 32 0 3.75
260 27 0 1.5
269 4 0 3.25
174 23 0 2.0
205 6 0 3.25
210 -26 0 2.5
160 15 0 2.25
63 5 0 1.5
60 26 0 3.25
40 24 0 2.25
337 29 0 2.5
197 41 0 3.0
157 -6 0 2.0
272 16 0 2.25
198 16 0 1.75
337 -22 0 2.25
119 3 0 3.25
172 59 0 2.0
341 14 0 2.75
60 2 0 3.5
69 12 0 2.25
246 2 0 3.0
45 19 0 4.0
208 3 0 2.25
46 24 0 2.75
230 19 0 3.75
29 30 0 2.0
125 22 0 3.25
35 16 0 3.75
154 16 0 4.0
205 25 0 4.0
58 22 0 3.0
121 17 0 2.0
195 28 0 2.25
160 13 0 1.75
64 6 0 1.75
219 22 0 3.5
339 4 0 2.25
82 20 0 2.5
252 22 0 1.5
288 27 0 1.75
45 7 0 2.25
146 10 0 2.5
2 10 0 3.0
238 13 0 1.5
132 2 0 3.75
194 1 0 2.25
156 11 0 3.0
86 15 0 3.25
115 13 0 3.25
244 15 0 1.75
328 12 0 3.25
347 28 0 1.5
47 31 0 3.75
155 18 0 2.0
60 11 0 2.0
261 26 0 1.75
243 0 0 1.5
9 10 0 2.25
125 29 0 3.0
25 21 0 3.75
226 9 0 2.5
219 28 0 3.0
110 58 0 4.0
21 -1 0 1.5
130 -19 0 3.75
206 15 0 2.5
315 12 0 2.75
206 21 0 1.75
184 10 0 1.5
245 23 0 2.5
30 22 0 3.0
61 24 0 3.0
88 11 0 1.5
131 14 0 4.0
251 7 0 3.5
214 8 0 2.75
340 28 0 3.5
277 27 0 2.0
328 25 0 1.75
323 10 0 3.75
199 27 0 4.0
231 7 0 2.0
329 29 0 1.5
223 -2 0 3.25
257 53 0 3.0
93 6 0 2.5
24 54 0 4.0
217 18 0 3.25
34 18 0 2.25
9 25 0 2.0
1 11 0 3.5
220 27 0 3.5
336 28 0 2.0
177 30 0 3.5
63 5 0 2.0
78 12 0 2.25
40 17 0 1.75
207 22 0 2.75
89 12 0 2.5
313 27 0 3.5
290 0 0 3.5
121 5 0 3.25
210 16 0 2.25
229 26 0 3.0
351 -35 0 2.25
330 24 0 3.5
56 8 0 1.5
216 2 0 2.25
207 4 0 3.75
117 30 0 3.75
342 -11 0 3.0
270 5 0 3.75
108 22 0 2.0
196 78 0 1.5
173 1 0 3.0
23 7 0 2.5
222 -25 0 3.0
4 11 0 2.75
110 10 0 2.0
177 -2 0 3.75
245 19 0 1.5
267 25 0 3.75
41 27 0 1.5
134 -44 0 1.5
348 24 0 2.25
25 21 0 3.5
192 8 0 2.25
159 8 0 2.0
65 1 0 2.0
51 -36 0 3.75
317 58 0 1.75
12 8 0 2.5
325 0 0 2.5
19 16 0 3.5
212 18 0 3.0
191 5 0 1.75
24 -21 0 3.0
312 7 0 4.0
2 17 0 3.5
195 -30 0 3.75
49 28 0 3.25
241 -28 0 3.0
200 20 0 4.0
222 2 0 1.75
95 6 0 3.5
290 3 0 4.0
271 18 0 1.75
304 19 0 4.0
12 23 0 2.5
109 25 0 2.75
196 20 0 3.5
43 1 0 2.75
286 17 0 2.25
354 24 0 4.0
36 19 0 3.0
120 18 0 1.5
218 17 0 1.5
275 19 0 2.75
203 -17 0 1.5
137 18 0 3.5
282 -42 0 1.75
283 30 0 2.25
153 10 0 2.75
319 0 0 2.0
252 11 0 2.0
6 6 0 2.0
289 30 0 3.5
171 -25 0 2.0
147 14 0 3.75
259 10 0 3.5
156 -12 0 3.0
95 24 0 2.75
13 16 0 2.25
10 22 0 2.25
249 28 0 1.75
170 14 0 3.75
261 -6 0 3.5
308 17 0 2.25
63 12 0 3.5
95 6 0 3.0
30 12 0 2.75
177 19 0 3.0
172 60 0 3.5
177 7 0 4.0
68 11 0 2.75
236 4 0 4.0
272 76 0 4.0
266 19 0 2.25
335 15 0 2.0
126 0 0 3.0
317 79 0 4.0
265 29 0 3.5
306 20 0 1.75
226 13 0 4.0
131 1 0 1.75
38 7 0 2.5
241 14 0 2.5
349 58 0 1.5
15 30 0 2.75
355 13 0 2.75
50 5 0 2.75
249 22 0 3.75
139 4 0 2.0
214 23 0 2.75
241 18 0 3.25
211 6 0 1.75
271 25 0 3.25
350 3 0 3.5
86 15 0 2.5
179 50 0 2.25
16 25 0 2.75
219 28 0 3.75
166 11 0 3.5
146 21 0 1.75
274 9 0 1.5
266 2 0 2.25
119 3 0 3.0
69 34 0 2.5
169 30 0 4.0
105 -14 0 3.0
147 20 0 3.0
166 43 0 3.75
80 28 0 3.0
72 7 0 2.75
145 17 0 2.0
239 11 0 4.0
71 -18 0 4.0
248 0 0 3.25
258 -28 0 4.0
264 29 0 1.75
296 24 0 3.0
278 13 0 2.75
344 3 0 2.75
336 7 0 1.75
303 -3 0 2.25
177 1 0 2.0
314 7 0 2.25
119 30 0 2.0
354 22 0 2.75
217 21 0 2.75
74 23 0 1.5
253 14 0 3.75
120 13 0 3.75
63 18 0 3.5
33 52 0 3.75
261 0 0 2.75
229 12 0 4.0
60 25 0 3.0
72 28 0 2.0
313 16 0 4.0
35 16 0 1.5
198 7 0 3.25
143 25 0 1.75
349 11 0 2.5
261 1 0 3.25
272 3 0 3.5
344 23 0 1.5
305 -3 0 2.5
139 1 0 2.5
19 15 0 3.5
258 6 0 2.25
279 15 0 3.5
181 9 0 3.75
353 25 0 2.5
91 17 0 2.0
277 7 0 1.75
195 6 0 2.25
135 27 0 3.25
18 22 0 1.75
70 16 0 3.75
187 15 0 4.0
176 14 0 3.75
305 23 0 4.0
62 14 0 2.0
175 8 0 3.25
297 57 0 1.5
1 23 0 4.0
9 7 0 4.0
258 16 0 2.5
179 8 0 3.0
170 79 0 1.5
183 5 0 3.25
291 0 0 4.0
69 12 0 1.5
179 27 0 3.75
79 25 0 3.75
204 14 0 3.0
192 11 0 1.75
333 -43 0 4.0
214 -2 0 2.0
88 -2 0 3.25
108 28 0 2.5
51 7 0 2.5
193 12 0 3.5
277 10 0 4.0
14 13 0 2.0
90 -11 0 2.5
56 14 0 2.0
70 -17 0 3.75
327 24 0 3.0
102 7 0 3.5
6 -16 0 2.25
275 -47 0 2.25
274 14 0 3.0
323 21 0 4.0
168 8 0 1.5
101 14 0 2.5
85 20 0 4.0
206 8 0 2.75
142 23 0 2.5
211 4 0 4.0
131 -29 0 3.0
207 15 0 3.5
57 20 0 1.75
25 20 0 3.0
265 39 0 2.0
252 15 0 2.5
222 8 0 2.0
13 0 0 2.5
4 27 0 1.75
339 9 0 3.5
216 57 0 3.0
13 27 0 3.5
89 43 0 1.5
247 25 0 3.0
245 2 0 3.25
34 10 0 2.5
30 -14 0 3.75
146 72 0 3.0
216 1 0 3.5
157 14 0 3.25
154 30 0 3.25
222 0 0 3.75
288 0 0 1.5
273 21 0 4.0
7 27 0 2.5
243 5 0 3.25
98 1 0 3.0
105 1 0 2.75
84 18 0 3.0
183 62 0 2.25
71 34 0 2.5
280 12 0 3.5
16 59 0 2.0
163 17 0 3.75
234 -49 0 3.75
357 10 0 1.5
120 14 0 3.25
187 4 0 2.5
43 17 0 3.75
223 10 0 1.75
358 24 0 2.25
221 9 0 1.75
11 27 0 2.25
284 13 0 1.5
206 24 0 2.75
272 28 0 3.0
190 6 0 2.5
334 25 0 3.25
75 4 0 3.0
46 16 0 2.75
117 17 0 3.5
211 23 0 2.75
268 29 0 1.5
149 7 0 3.75
109 22 0 3.5
34 14 0 2.5
177 0 0 3.5
342 -14 0 2.25
112 23 0 3.25
279 -21 0 1.5
125 23 0 1.75
107 58 0 4.0
18 -20 0 3.5
185 -48 0 2.75
241 -23 0 1.75
45 21 0 3.5
15 13 0 2.75
114 22 0 1.5
309 24 0 2.75
289 30 0 4.0
175 28 0 3.25
290 -7 0 3.75
257 12 0 3.75
193 39 0 2.25
219 30 0 3.25
89 22 0 2.0
74 -20 0 3.5
135 7 0 3.75
240 75 0 3.75
289 23 0 2.5
214 23 0 3.75
239 0 0 3.0
144 15 0 2.5
196 8 0 1.75
93 1 0 3.75
84 -15 0 3.25
32 50 0 4.0
336 14 0 3.5
221 25 0 3.75
119 18 0 3.0
308 -24 0 3.5
170 64 0 2.0
8 14 0 4.0
296 12 0 2.0
26 19 0 1.5
86 17 0 2.5
328 2 0 3.5
77 -29 0 2.25
245 -16 0 3.75
250 27 0 3.5
109 13 0 3.0
161 34 0 3.25
193 64 0 1.75
206 2 0 2.75
267 51 0 4.0
217 -9 0 1.5
12 10 0 3.25
184 9 0 2.0
333 29 0 2.25
277 8 0 2.0
71 8 0 3.0
24 30 0 2.5
154 17 0 3.25
166 14 0 3.75
5 -7 0 3.25
237 18 0 2.25
304 9 0 2.25
281 14 0 1.5
259 12 0 1.5
95 18 0 3.25
211 15 0 2.5
335 28 0 2.5
191 -5 0 3.0
8 10 0 2.75
280 8 0 2.0
72 9 0 4.0
275 14 0 2.75
263 14 0 2.75
2 29 0 1.5
23 3 0 1.75
5 1 0 4.0
120 16 0 2.25
40 -23 0 3.5
179 14 0 1.75
262 1 0 2.75
184 26 0 2.25
226 24 0 2.0
224 27 0 3.25
158 11 0 3.75
166 26 0 2.75
326 -10 0 3.5
270 16 0 4.0
284 -10 0 3.5
232 27 0 1.75
9 30 0 3.0
156 4 0 2.75
352 28 0 3.75
99 6 0 1.75
214 7 0 3.5
94 18 0 3.0
273 -8 0 3.5
307 25 0 2.75
291 27 0 2.5
8 9 0 3.25
217 24 0 2.0
318 -18 0 2.75
321 20 0 3.25
249 25 0 2.25
87 12 0 2.75
249 11 0 2.5
157 25 0 3.25
264 20 0 3.0
335 29 0 3.0
343 1 0 3.5
102 11 0 3.5
208 15 0 1.75
329 16 0 2.75
179 29 0 3.25
194 5 0 3.75
153 78 0 3.25
8 27 0 3.25
286 12 0 3.5
267 21 0 3.75
264 9 0 2.0
265 1 0 3.5
36 25 0 4.0
100 23 0 4.0
92 25 0 3.75
46 0 0 3.5
209 8 0 1.5
294 16 0 2.75
271 22 0 2.25
176 10 0 2.0
79 18 0 4.0
152 0 0 1.75
278 8 0 3.25
229 11 0 3.5
343 7 0 1.5
100 3 0 3.0
131 20 0 1.75
78 25 0 3.25
26 6 0 3.25
335 3 0 2.0
206 0 0 1.5
93 21 0 2.5
200 22 0 2.5
233 17 0 1.75
21 20 0 2.75
225 15 0 3.75
37 12 0 3.25
177 23 0 4.0
122 17 0 1.75
157 10 0 3.75
276 15 0 3.0
277 27 0 3.25
156 22 0 3.0
240 9 0 1.75
130 1 0 1.75
299 12 0 3.75
341 -4 0 3.75
310 3 0 2.0
271 5 0 3.5
269 11 0 2.0
104 16 0 2.75
264 28 0 1.5
79 11 0 3.5
344 12 0 1.75
194 21 0 2.25
250 39 0 4.0
151 -20 0 2.75
199 9 0 2.25
35 2 0 1.75
135 14 0 2.5
295 -7 0 1.5
33 2 0 3.75
198 14 0 4.0
55 -1 0 2.25
214 16 0 2.75
152 -31 0 2.25
84 27 0 3.5
225 29 0 4.0
108 29 0 2.25
196 0 0 2.75
75 23 0 2.5
264 -28 0 3.0
59 7 0 3.0
75 54 0 3.75
299 17 0 1.75
164 23 0 3.0
31 8 0 2.25
131 7 0 3.5
285 21 0 2.75
154 -18 0 1.75
81 11 0 2.0
353 8 0 2.75
113 19 0 4.0
293 11 0 2.0
167 5 0 3.0
359 76 0 3.75
65 22 0 1.75
329 8 0 2.5
295 7 0 1.75
179 27 0 3.0
52 19 0 2.5
46 19 0 3.5
227 18 0 2.5
339 78 0 2.5
267 4 0 3.0
162 12 0 2.0
139 15 0 2.0
356 -8 0 3.25
279 14 0 2.5
158 22 0 3.25
3 18 0 2.5
176 25 0 3.5
26 8 0 3.5
45 28 0 2.75
357 18 0 2.5
161 24 0 3.25
329 3 0 4.0
89 0 0 3.5
125 -11 0 1.75
158 18 0 2.75
295 7 0 2.75
238 23 0 2.0
172 10 0 3.0
249 15 0 2.5
52 13 0 4.0
30 28 0 2.75
1 20 0 1.75
103 24 0 1.5
43 2 0 3.25
214 4 0 1.75
108 29 0 3.5
152 19 0 1.75
185 29 0 2.25
346 10 0 2.25
215 10 0 3.0
155 6 0 3.5
233 25 0 1.5
118 8 0 3.5
190 21 0 3.25
114 21 0 3.75
326 20 0 2.75
176 21 0 4.0
7 60 0 3.75
237 15 0 1.75
169 30 0 2.5
50 19 0 3.0
345 21 0 2.25
89 -27 0 3.0
104 6 0 3.0
220 9 0 2.5
10 -22 0 2.25
157 21 0 3.0
201 0 0 3.75
15 70 0 3.25
87 21 0 3.25
123 12 0 2.0
156 -17 0 2.5
66 18 0 4.0
133 3 0 1.75
296 15 0 2.5
9 18 0 1.75
56 20 0 2.75
341 22 0 2.5
343 26 0 2.5
213 5 0 1.75
271 34 0 2.0
198 20 0 1.5
79 28 0 3.0
303 16 0 2.0
163 21 0 3.5
189 15 0 2.0
93 19 0 3.5
103 9 0 3.75
219 16 0 3.25
323 1 0 3.75
50 7 0 3.0
52 14 0 2.25
32 -27 0 3.25
262 28 0 3.5
201 5 0 2.75
282 6 0 3.0
285 65 0 2.75
90 14 0 2.25
279 13 0 2.25
101 3 0 3.0
251 0 0 2.5
45 22 0 1.75
169 8 0 1.5
330 16 0 2.25
331 23 0 4.0
159 15 0 3.75
115 15 0 3.5
88 7 0 3.75
301 -32 0 2.5
317 2 0 2.5
31 -14 0 3.75
82 28 0 2.25
317 19 0 3.25
336 12 0 4.0
234 11 0 2.75
196 23 0 1.5
86 16 0 2.25
349 18 0 2.0
106 52 0 3.0
196 -25 0 2.25
277 22 0 3.75
175 14 0 3.0
125 21 0 1.75
330 62 0 3.75
344 22 0 1.5
238 19 0 2.25
181 24 0 2.0
258 19 0 3.5
160 4 0 2.0
106 13 0 3.25
28 4 0 1.75
328 23 0 2.25
65 16 0 1.5
174 23 0 3.75
172 10 0 2.75
17 14 0 1.5
57 33 0 4.0
24 24 0 1.75
18 45 0 3.75
132 9 0 2.25
321 13 0 2.0
29 13 0 2.5
195 -28 0 3.5
219 16 0 1.5
11 8 0 4.0
67 35 0 3.5
324 20 0 3.5
94 48 0 2.75
57 -30 0 2.5
7 8 0 2.75
102 6 0 2.5
307 11 0 2.5
29 29 0 2.0
356 -19 0 3.0
141 27 0 2.75
354 13 0 2.25
56 18 0 3.0
88 12 0 3.5
265 2 0 2.25
317 15 0 1.75
80 17 0 3.0
272 43 0 3.0
118 30 0 1.5
281 1 0 1.75
166 9 0 3.0
53 6 0 2.5
128 0 0 2.75
339 27 0 3.75
149 14 0 2.75
326 6 0 2.0
227 23 0 1.5
4 23 0 3.25
119 3 0 1.5
271 29 0 2.25
93 12 0 3.0
188 30 0 3.25
118 30 0 2.5
287 24 0 3.5
234 22 0 1.75
178 5 0 1.5
29 1 0 3.0
333 1 0 2.0
92 18 0 3.25
290 21 0 3.5
115 29 0 1.5
265 21 0 3.5
45 12 0 1.5
291 24 0 2.25
28 2 0 1.75
240 11 0 4.0
286 16 0 3.25
53 22 0 3.75
348 18 0 1.5
209 0 0 2.5
37 8 0 2.5
331 18 0 1.75
117 0 0 4.0
32 20 0 3.5
108 4 0 2.25
324 1 0 3.75
261 4 0 2.5
23 36 0 1.75
177 -8 0 2.5
69 0 0 3.75
252 17 0 1.75
74 21 0 3.0
315 27 0 2.25
228 0 0 2.0
205 12 0 2.75
240 18 0 4.0
342 0 0 1.5
212 5 0 2.25
43 -4 0 3.5
144 6 0 3.25
89 11 0 1.5
223 28 0 4.0
248 2 0 1.5
137 22 0 1.75
34 13 0 2.75
97 17 0 3.0
145 -34 0 2.0
59 53 0 1.5
174 9 0 1.5
70 64 0 1.5
224 10 0 3.0
128 18 0 3.0
344 20 0 3.0
86 7 0 1.5
174 -24 0 1.5
37 4 0 3.5
283 14 0 3.25
359 2 0 3.75
277 8 0 2.75
246 6 0 1.75
71 3 0 1.75
212 28 0 4.0
305 23 0 2.25
7 17 0 1.75
211 21 0 2.25
233 1 0 4.0
33 27 0 3.0
88 57 0 2.0
266 1 0 1.75
181 29 0 3.25
45 30 0 3.0
333 61 0 3.0
196 23 0 2.5
89 2 0 2.0
261 0 0 3.25
203 24 0 2.5
126 29 0 3.0
278 30 0 3.75
14 7 0 3.5
182 1 0 1.5
55 11 0 3.75
130 6 0 3.0
329 4 0 2.25
251 -8 0 1.5
139 4 0 1.75
214 4 0 3.75
119 73 0 2.0
87 16 0 1.5
43 36 0 2.25
251 10 0 1.5
18 28 0 3.25
246 13 0 3.25
101 75 0 2.5
183 9 0 1.5
302 12 0 3.5
127 9 0 3.25
95 14 0 4.0
35 16 0 2.0
172 28 0 3.75
122 18 0 3.5
203 29 0 3.5
30 21 0 2.5
245 26 0 1.75
312 20 0 2.0
64 8 0 2.25
171 17 0 4.0
71 -12 0 2.0
9 48 0 3.5
164 4 0 2.5
21 12 0 3.25
108 21 0 3.0
223 18 0 2.25
193 25 0 1.75
141 20 0 1.75
191 13 0 3.75
342 -24 0 1.5
126 25 0 2.75
92 12 0 3.25
60 -28 0 4.0
191 3 0 1.5
287 16 0 1.75
64 27 0 1.75
133 6 0 3.75
197 2 0 3.0
284 23 0 3.5
165 20 0 3.5
188 21 0 2.5
96 69 0 1.75
134 19 0 1.75
297 16 0 1.5
42 19 0 2.75
54 13 0 3.25
300 7 0 4.0
287 4 0 1.5
283 23 0 3.0
9 8 0 1.75
264 -8 0 3.75
150 5 0 3.75
328 -23 0 3.75
234 -13 0 4.0
216 12 0 1.75
284 4 0 3.25
118 22 0 1.5
64 4 0 3.75
245 13 0 3.5
341 3 0 3.0
32 2 0 1.5
148 20 0 2.5
234 27 0 2.25
241 23 0 4.0
146 13 0 1.5
291 24 0 4.0
296 18 0 1.75
324 19 0 2.5
149 -11 0 2.5
232 4 0 2.0
83 -7 0 3.75
211 10 0 1.75
172 27 0 3.75
21 17 0 3.0
336 5 0 3.5
32 23 0 3.75
36 2 0 3.0
184 11 0 2.0
137 16 0 2.75
192 -11 0 4.0
107 25 0 3.25
115 8 0 2.0
215 15 0 3.0
97 29 0 4.0
267 0 0 2.25
300 6 0 3.75
79 5 0 2.0
210 18 0 3.5
314 29 0 3.75
113 9 0 2.0
299 30 0 2.0
247 27 0 3.5
88 13 0 2.0
183 2 0 1.5
111 60 0 3.0
121 13 0 2.0
285 24 0 3.0
126 5 0 4.0
315 18 0 3.25
189 -21 0 2.75
125 14 0 2.75
279 9 0 4.0
80 1 0 4.0
188 12 0 3.75
299 3 0 2.75
351 24 0 4.0
341 1 0 3.75
33 21 0 3.0
195 -3 0 2.75
139 22 0 2.25
288 2 0 2.5
275 20 0 3.5
188 5 0 3.75
357 9 0 2.75
57 29 0 2.25
83 20 0 3.5
287 3 0 3.5
332 12 0 3.75
143 30 0 4.0
125 16 0 4.0
166 31 0 1.75
120 11 0 1.5
162 16 0 2.75
229 17 0 2.25
135 7 0 1.5
21 5 0 3.5
35 13 0 2.25
356 8 0 2.25
335 19 0 1.5
40 14 0 3.75
64 5 0 2.0
81 6 0 4.0
243 24 0 2.0
140 25 0 1.75
52 12 0 3.75
126 23 0 4.0
357 -47 0 2.0
226 12 0 3.75
115 25 0 4.0
106 5 0 1.75
30 3 0 2.75
294 13 0 3.25
102 16 0 3.5
116 6 0 2.25
258 2 0 2.5
205 27 0 2.25
56 1 0 2.75
67 20 0 4.0
20 9 0 1.75
355 14 0 2.75
139 -46 0 2.75
161 7 0 2.75
45 17 0 3.5
152 15 0 2.5
271 72 0 2.75
213 1 0 1.5
88 3 0 3.0
288 6 0 3.5
9 24 0 3.25
304 23 0 1.75
146 -30 0 3.0
240 19 0 1.75
349 13 0 1.5
296 15 0 1.5
158 20 0 3.0
242 2 0 3.25
1 10 0 1.75
336 16 0 2.0
86 26 0 3.25
147 24 0 3.25
59 30 0 3.25
139 26 0 3.0
161 8 0 2.25
317 28 0 3.5
74 10 0 1.75
148 12 0 3.0
165 11 0 3.0
284 17 0 2.5
272 10 0 4.0
208 28 0 3.0
166 15 0 3.0
131 19 0 2.25
328 26 0 3.75
100 19 0 3.25
348 23 0 3.0
127 72 0 1.75
99 23 0 2.75
1 -4 0 1.5
85 11 0 1.75
298 9 0 3.75
136 11 0 2.75
61 8 0 3.5
25 13 0 2.75
163 3 0 3.75
155 22 0 3.5
231 2 0 4.0
196 21 0 3.0
83 6 0 2.5
184 14 0 4.0
289 27 0 2.75
36 -16 0 4.0
306 54 0 1.75
312 7 0 2.25
300 20 0 3.75
15 3 0 3.75
105 28 0 2.5
125 20 0 3.75
296 3 0 2.75
152 20 0 2.25
57 16 0 3.75
232 -18 0 2.5
232 27 0 4.0
25 27 0 3.25
9 10 0 2.5
331 18 0 2.5
285 -45 0 2.0
50 1 0 2.0
247 5 0 2.25
325 19 0 2.75
347 19 0 2.25
263 13 0 2.75
134 15 0 3.25
313 36 0 3.25
4 6 0 3.0
304 5 0 1.5
2 19 0 2.75
54 8 0 4.0
27 8 0 1.5
182 29 0 3.0
328 9 0 2.25
333 20 0 2.5
167 7 0 1.5
66 29 0 2.25
256 27 0 2.5
172 20 0 2.0
269 19 0 3.5
240 22 0 3.25
155 26 0 2.5
254 3 0 2.75
262 6 0 1.75
244 6 0 1.5
183 23 0 2.75
226 7 0 1.75
85 6 0 3.25
197 29 0 3.25
166 -15 0 1.5
217 29 0 2.0
59 22 0 1.75
318 2 0 2.75
146 7 0 3.25
282 -39 0 1.75
337 2 0 1.75
340 6 0 2.0
301 0 0 3.75
237 2 0 2.5
31 6 0 3.5
281 30 0 1.75
339 6 0 3.25
3 26 0 3.5
217 20 0 3.75
175 19 0 3.0
108 18 0 3.5
136 1 0 2.0
91 10 0 2.25
281 17 0 2.75
66 5 0 2.5
206 22 0 2.25
315 17 0 2.25
152 4 0 2.25
338 4 0 3.75
19 17 0 2.5
182 77 0 3.0
259 41 0 3.0
275 26 0 1.75
65 20 0 1.75
161 29 0 2.0
36 26 0 2.75
330 21 0 2.25
237 3 0 2.25
12 24 0 3.75
274 20 0 3.0
34 67 0 1.5
121 14 0 2.0
234 1 0 3.25
224 13 0 1.75
191 10 0 3.75
152 8 0 2.75
79 -39 0 3.75
328 10 0 3.0
107 14 0 2.5
40 0 0 2.25
342 27 0 3.0
83 29 0 4.0
135 11 0 3.0
263 8 0 3.75
12 30 0 2.5
79 12 0 2.0
22 11 0 2.25
137 -16 0 3.75
171 4 0 3.25
124 17 0 2.5
278 22 0 1.5
119 42 0 3.0
355 79 0 3.25
111 11 0 1.5
125 4 0 3.5
19 20 0 3.25
189 2 0 2.0
25 -27 0 1.75
34 18 0 3.25
80 -8 0 3.25
207 11 0 2.75
108 26 0 1.75
262 11 0 2.0
58 8 0 3.75
249 46 0 3.25
266 4 0 3.25
217 18 0 2.0
324 14 0 2.75
160 10 0 2.75
0 25 0 2.75
248 28 0 3.25
173 17 0 3.0
177 14 0 3.25
1 30 0 2.75
236 12 0 3.5
234 -20 0 4.0
321 -21 0 4.0
164 14 0 2.5
246 16 0 2.5
327 8 0 2.0
163 26 0 4.0
246 0 0 3.25
197 23 0 3.25
115 13 0 2.25
144 20 0 2.0
298 44 0 3.75
332 0 0 2.5
55 5 0 1.75
197 29 0 3.75
208 36 0 1.75
212 -26 0 2.0
191 -29 0 1.75
302 5 0 1.75
280 19 0 2.5
196 3 0 2.25
194 -5 0 1.5
230 48 0 1.5
85 27 0 3.25
35 53 0 3.5
60 29 0 4.0
147 10 0 2.75
325 28 0 4.0
249 26 0 1.75
110 11 0 2.25
202 1 0 2.5
35 8 0 2.0
227 17 0 3.0
333 30 0 2.0
185 9 0 3.5
90 16 0 4.0
150 4 0 1.75
188 21 0 3.75
233 19 0 3.0
31 7 0 3.0
84 -17 0 2.0
255 28 0 3.75
1 9 0 2.25
206 28 0 2.25
147 22 0 3.5
3 16 0 3.25
246 16 0 1.5
202 2 0 3.5
180 23 0 3.5
240 5 0 3.75
2 20 0 2.25
113 29 0 1.75
7 -15 0 4.0
80 -15 0 3.25
121 15 0 3.5
168 15 0 3.75
88 -16 0 3.75
295 2 0 1.75
248 24 0 2.0
204 9 0 3.75
6 26 0 3.0
173 -21 0 2.5
81 1 0 1.5
337 3 0 2.0
256 -30 0 3.5
332 4 0 3.25
248 -10 0 3.5
277 3 0 2.75
116 17 0 3.75
242 20 0 2.75
90 11 0 2.25
58 18 0 3.0
127 11 0 2.25
199 9 0 3.5
199 5 0 1.5
208 4 0 2.75
55 -17 0 4.0
359 6 0 4.0
272 7 0 1.5
22 28 0 2.5
79 3 0 2.5
247 10 0 1.5
191 12 0 2.75
113 22 0 3.75
38 23 0 2.25
142 12 0 2.75
83 11 0 3.25
328 -47 0 3.5
125 27 0 2.75
282 25 0 3.25
95 1 0 3.25
239 0 0 2.25
128 12 0 3.0
127 16 0 2.0
60 24 0 4.0
274 12 0 3.25
113 0 0 3.25
304 8 0 4.0
143 20 0 3.25
184 17 0 3.0
67 8 0 2.75
297 2 0 2.25
243 14 0 1.5
289 24 0 3.5
196 28 0 1.75
170 4 0 4.0
181 20 0 1.5
184 60 0 1.75
335 12 0 3.0
186 2 0 3.0
231 8 0 2.25
39 3 0 3.0
153 -5 0 2.25
150 26 0 2.75
298 6 0 3.25
138 18 0 1.5
299 10 0 3.0
326 2 0 3.0
237 9 0 2.25
85 3 0 3.75
64 25 0 2.5
314 14 0 1.5
16 12 0 3.0
28 79 0 2.0
186 6 0 1.75
147 7 0 3.0
60 15 0 1.5
13 19 0 2.0
188 23 0 3.5
305 17 0 1.75
70 17 0 3.5
127 6 0 3.5
157 5 0 1.75
91 3 0 1.5
249 -24 0 2.75
17 25 0 3.25
145 2 0 4.0
207 30 0 2.5
20 -27 0 3.0
138 29 0 3.5
89 10 0 4.0
66 1 0 3.0
197 20 0 2.25
147 0 0 2.5
173 20 0 2.75
229 30 0 1.75
81 23 0 2.25
213 11 0 1.75
83 12 0 3.75
31 16 0 1.5
33 -9 0 2.25
55 17 0 4.0
325 9 0 3.0
310 20 0 1.5
345 14 0 4.0
20 19 0 2.25
50 12 0 2.75
115 23 0 2.25
140 26 0 4.0
91 6 0 2.75
316 15 0 2.0
57 3 0 3.5
123 10 0 2.75
109 28 0 2.5
205 28 0 4.0
105 17 0 2.0
74 18 0 1.5
76 17 0 2.0
144 5 0 3.0
133 27 0 3.75
53 9 0 3.5
186 2 0 3.75
192 8 0 2.75
293 28 0 3.0
224 17 0 4.0
195 3 0 3.5
167 -6 0 1.75
123 26 0 2.0
174 16 0 3.0
86 30 0 2.0
172 24 0 3.75
63 2 0 3.5
18 8 0 2.25
77 1 0 2.75
65 26 0 4.0
236 18 0 2.0
237 28 0 2.5
85 22 0 3.75
101 6 0 2.75
263 13 0 3.25
283 25 0 1.5
132 16 0 3.5
282 17 0 1.5
86 3 0 1.5
225 12 0 3.0
95 26 0 1.75
308 1 0 3.0
189 27 0 2.25
276 10 0 1.75
75 4 0 1.5
199 23 0 1.75
62 12 0 2.0
110 18 0 1.75
130 27 0 2.0
137 22 0 1.5
246 12 0 2.0
87 4 0 2.75
341 20 0 2.25
184 23 0 2.5
1 27 0 3.0
180 21 0 2.0
341 20 0 1.5
215 21 0 3.5
181 1 0 2.75
24 25 0 4.0
208 1 0 2.75
21 29 0 4.0
224 24 0 3.0
206 3 0 2.5
314 29 0 1.5
217 10 0 2.5
348 -21 0 2.0
169 10 0 1.5
149 -36 0 2.75
3 -30 0 2.75
65 12 0 1.75
119 23 0 1.5
195 12 0 1.5
127 20 0 3.0
325 29 0 2.75
165 23 0 1.75
84 11 0 3.25
131 4 0 3.0
159 3 0 3.5
359 -39 0 1.75
19 19 0 3.5
234 14 0 2.0
23 10 0 3.0
267 28 0 4.0
238 4 0 2.0
40 9 0 3.25
352 18 0 3.75
250 21 0 3.0
98 6 0 2.0
112 25 0 2.0
285 13 0 2.25
70 2 0 2.5
97 20 0 2.25
128 44 0 2.0
251 2 0 3.0
186 29 0 2.0
221 -23 0 2.75
159 5 0 2.25
342 29 0 2.75
159 27 0 2.25
111 24 0 2.0
207 27 0 4.0
80 19 0 2.5
150 20 0 2.0
359 29 0 3.5
85 -12 0 2.0
129 27 0 3.25
93 6 0 2.75
332 19 0 3.75
182 13 0 2.75
163 3 0 3.0
187 14 0 1.5
49 6 0 2.0
18 75 0 3.25
82 1 0 2.25
273 2 0 4.0
100 13 0 1.5
215 10 0 2.25
126 6 0 4.0
172 20 0 4.0
4 7 0 2.25
329 5 0 3.5
86 5 0 3.0
81 6 0 3.25
229 11 0 2.5
234 30 0 2.0
94 78 0 2.25
256 -30 0 2.25
25 1 0 1.5
54 11 0 1.75
9 41 0 1.75
152 -19 0 2.5
221 3 0 1.5
194 12 0 3.25
312 6 0 2.25
145 7 0 3.0
47 13 0 3.25
213 15 0 2.75
21 25 0 1.5
313 1 0 2.5
291 23 0 2.75
209 26 0 2.5
163 -23 0 2.5
219 29 0 3.75
14 25 0 3.25
284 14 0 2.0
107 11 0 1.75
271 4 0 2.75
176 5 0 2.5
309 6 0 2.25
246 21 0 3.75
131 14 0 2.25
176 6 0 1.75
24 7 0 1.5
26 12 0 4.0
245 37 0 3.25
83 18 0 3.0
314 5 0 4.0
234 23 0 1.75
341 -27 0 2.5
132 29 0 1.5
174 1 0 3.25
22 12 0 3.25
12 21 0 1.75
42 2 0 4.0
89 14 0 4.0
252 13 0 1.5
13 14 0 1.5
46 43 0 2.5
269 13 0 4.0
5 6 0 1.75
209 -19 0 3.25
198 27 0 4.0
359 4 0 3.5
278 6 0 3.25
42 18 0 3.25
25 23 0 1.5
317 2 0 3.0
143 29 0 1.5
235 6 0 4.0
213 5 0 3.75
212 -43 0 1.5
119 19 0 3.25
8 18 0 3.25
48 22 0 3.25
175 -21 0 3.0
168 1 0 3.75
205 24 0 3.0
220 15 0 2.75
262 29 0 1.75
182 15 0 1.5
277 20 0 1.75
210 48 0 1.75
267 2 0 3.25
120 28 0 1.75
54 -48 0 3.25
50 -15 0 3.25
349 12 0 2.5
202 28 0 3.5
198 20 0 2.5
280 -29 0 1.75
91 13 0 2.25
357 1 0 3.0
287 22 0 3.75
188 11 0 3.25
96 25 0 2.5
0 9 0 1.5
160 4 0 4.0
34 6 0 1.5
328 28 0 2.75
77 11 0 1.5
172 15 0 2.0
252 3 0 4.0
218 4 0 2.75
344 2 0 1.5
325 13 0 1.75
234 14 0 2.5
355 63 0 2.5
356 25 0 3.5
78 -19 0 3.25
332 9 0 3.0
5 18 0 4.0
3 7 0 1.5
342 -8 0 3.0
122 -3 0 2.75
51 21 0 1.5
61 12 0 3.0
312 0 0 3.25
209 27 0 3.75
219 2 0 2.75
187 20 0 1.75
299 23 0 1.5
38 24 0 4.0
43 21 0 3.5
329 26 0 4.0
192 30 0 3.5
146 17 0 3.25
150 1 0 3.5
99 18 0 2.25
298 11 0 2.25
68 13 0 4.0
326 17 0 2.5
336 19 0 2.5
109 -36 0 2.25
178 13 0 4.0
252 14 0 2.0
232 9 0 4.0
317 16 0 3.5
96 27 0 2.0
131 18 0 2.75
305 6 0 3.0
251 19 0 3.75
205 29 0 4.0
83 29 0 2.25
123 29 0 3.75
163 7 0 3.0
95 0 0 3.25
193 11 0 1.75
354 0 0 2.25
338 10 0 3.75
79 16 0 2.5
277 -26 0 3.5
157 19 0 2.0
246 19 0 3.5
199 21 0 3.0
52 16 0 2.25
126 20 0 1.75
145 22 0 3.75
207 15 0 2.25
201 13 0 2.25
228 59 0 2.5
58 45 0 4.0
309 11 0 3.5
243 4 0 3.5
21 30 0 3.0
46 12 0 4.0
276 11 0 1.5
130 10 0 3.5
140 25 0 2.5
47 7 0 3.25
136 25 0 2.25
158 13 0 4.0
288 27 0 2.25
69 19 0 3.25
66 3 0 2.5
76 11 0 2.5
269 18 0 3.75
282 27 0 2.5
277 12 0 1.5
312 20 0 3.25
268 1 0 2.75
331 11 0 1.75
86 14 0 3.0
153 7 0 2.5
74 23 0 4.0
211 28 0 1.5
22 19 0 3.25
261 27 0 2.25
266 9 0 3.0
148 2 0 1.75
300 2 0 2.0
243 8 0 4.0
353 10 0 3.5
157 55 0 2.5
229 9 0 3.0
167 14 0 2.0
151 50 0 3.0
233 16 0 2.75
107 3 0 2.0
347 -12 0 2.0
235 36 0 4.0
306 29 0 3.0
133 25 0 2.0
181 20 0 2.0
162 27 0 1.5
160 27 0 2.0
226 27 0 2.0
47 7 0 3.75
261 -44 0 3.75
95 10 0 2.0
87 18 0 4.0
152 6 0 2.0
73 8 0 1.75
254 -22 0 3.75
114 7 0 3.5
122 22 0 2.25
270 22 0 3.75
76 19 0 2.25
253 33 0 2.75
101 50 0 4.0
56 20 0 3.75
260 34 0 3.25
49 3 0 3.0
102 28 0 3.25
76 0 0 2.5
290 21 0 2.0
292 3 0 1.75
145 16 0 2.25
357 -13 0 3.25
271 28 0 2.5
152 24 0 2.5
240 10 0 1.5
89 19 0 4.0
173 15 0 2.75
252 29 0 3.5
67 10 0 2.0
189 28 0 2.0
304 1 0 3.0
243 10 0 1.5
330 14 0 1.5
20 28 0 4.0
81 -4 0 2.75
353 26 0 2.75
147 40 0 3.75
116 10 0 2.75
33 24 0 2.0
152 25 0 1.75
280 -18 0 2.75
99 30 0 3.5
228 1 0 3.0
74 24 0 2.75
15 24 0 3.5
7 19 0 3.5
72 0 0 3.75
143 8 0 1.5
124 10 0 3.25
272 15 0 2.5
274 -30 0 4.0
22 23 0 3.5
232 29 0 2.0
286 15 0 2.0
118 20 0 4.0
328 17 0 2.0
120 27 0 2.0
48 11 0 3.5
172 11 0 3.0
216 6 0 3.0
167 5 0 3.25
121 -1 0 3.5
87 -7 0 2.75
303 10 0 2.25
59 28 0 1.75
99 -10 0 2.75
58 57 0 3.75
310 24 0 2.0
272 8 0 2.0
14 -19 0 4.0
324 26 0 3.5
266 15 0 2.25
24 2 0 3.75
101 -2 0 1.75
2 1 0 3.75
320 10 0 2.25
228 7 0 4.0
268 14 0 2.75
262 28 0 2.25
0 29 0 2.0
146 15 0 3.0
91 25 0 1.5
314 2 0 1.5
68 17 0 1.75
174 8 0 2.0
340 23 0 2.0
107 17 0 3.75
20 27 0 2.5
102 6 0 3.75
253 79 0 3.5
167 22 0 2.25
267 15 0 1.5
97 23 0 3.5
61 12 0 4.0
281 20 0 3.0
348 -5 0 2.5
280 23 0 3.0
3 22 0 2.25
279 4 0 2.0
24 29 0 3.25
219 5 0 3.75
39 8 0 2.25
341 10 0 3.25
287 14 0 1.5
120 20 0 3.25
121 12 0 1.75
133 4 0 1.5
287 32 0 2.0
67 8 0 2.0
143 8 0 2.5
291 6 0 2.0
122 15 0 2.25
219 25 0 4.0
333 27 0 3.0
311 12 0 3.5
267 42 0 2.0
265 20 0 3.75
215 8 0 4.0
213 30 0 3.5
321 29 0 3.25
210 28 0 2.75
167 9 0 3.0
158 15 0 2.0
110 -10 0 2.5
215 18 0 3.5
199 -29 0 1.5
321 26 0 1.75
139 37 0 4.0
183 -21 0 3.5
159 27 0 3.5
122 5 0 3.5
166 20 0 3.0
263 -6 0 4.0
338 -28 0 1.5
321 15 0 2.25
43 8 0 2.75
180 8 0 3.0
131 54 0 2.5
124 7 0 1.5
232 -30 0 3.25
45 16 0 2.25
212 55 0 3.25
50 19 0 1.5
225 2 0 1.5
339 18 0 3.25
287 -23 0 3.25
183 1 0 1.5
293 26 0 2.5
305 8 0 1.5
107 7 0 2.75
83 11 0 3.5
359 27 0 2.75
240 11 0 2.75
132 19 0 2.75
309 -17 0 3.75
82 17 0 3.25
90 5 0 3.75
321 24 0 3.0
117 15 0 2.0
28 14 0 1.75
186 13 0 2.5
123 10 0 3.5
333 24 0 3.25
266 10 0 2.0
78 -4 0 2.25
309 7 0 3.75
59 12 0 4.0
237 19 0 3.5
88 1 0 1.75
163 22 0 2.5
224 -19 0 4.0
287 30 0 2.5
151 -30 0 2.5
259 18 0 1.75
122 24 0 2.0
84 14 0 3.5
52 17 0 3.0
257 6 0 3.75
66 6 0 3.75
58 29 0 2.5
258 25 0 1.5
140 14 0 3.5
329 16 0 1.75
44 19 0 4.0
65 10 0 2.5
182 18 0 3.75
296 14 0 4.0
245 29 0 2.0
89 24 0 1.75
165 -3 0 3.25
191 -34 0 2.5
128 -28 0 2.25
210 3 0 3.5
62 27 0 3.0
51 10 0 3.25
101 19 0 3.75
47 11 0 1.5
80 6 0 2.75
189 12 0 4.0
56 1 0 3.25
103 30 0 2.25
197 3 0 2.75
143 0 0 3.0
214 7 0 3.25
62 11 0 3.75
195 1 0 3.5
317 28 0 3.25
273 18 0 3.75
293 20 0 2.5
358 30 0 2.0
359 18 0 3.0
236 9 0 3.25
76 10 0 2.25
291 -29 0 3.0
25 32 0 3.75
290 6 0 2.5
177 6 0 2.5
24 6 0 2.25
274 6 0 3.0
137 9 0 3.25
302 11 0 3.75
198 29 0 1.75
205 6 0 1.75
183 1 0 4.0
134 30 0 3.75
57 9 0 4.0
5 30 0 3.0
217 23 0 3.75
8 11 0 1.75
67 8 0 3.25
351 23 0 4.0
327 12 0 2.5
44 -27 0 3.75
179 2 0 3.25
195 22 0 2.5
339 27 0 1.5
338 30 0 2.5
181 0 0 2.25
196 24 0 3.75
181 13 0 3.75
355 29 0 1.75
194 20 0 3.75
277 22 0 3.25
82 1 0 2.75
61 0 0 2.25
273 26 0 3.25
90 22 0 1.5
144 24 0 4.0
7 28 0 2.25
60 14 0 3.0
39 20 0 2.5
256 4 0 4.0
63 23 0 3.5
43 16 0 2.0
76 4 0 4.0
290 26 0 2.0
348 7 0 2.5
195 39 0 2.75
14 4 0 1.5
184 -11 0 1.75
167 19 0 2.0
41 7 0 2.5
182 11 0 3.75
189 10 0 3.5
237 8 0 4.0
220 -1 0 2.5
252 2 0 2.25
22 0 0 2.0
110 70 0 2.75
140 21 0 3.75
325 26 0 3.25
261 25 0 2.0
52 1 0 1.5
154 29 0 1.75
165 26 0 2.0
159 13 0 3.75
69 53 0 3.5
167 20 0 3.75
64 15 0 1.5
322 8 0 2.25
3 12 0 1.75
156 6 0 3.75
322 28 0 2.25
255 12 0 2.5
159 3 0 4.0
234 14 0 3.0
217 10 0 2.0
47 6 0 3.5
302 -20 0 1.5
27 11 0 2.75
88 25 0 1.5
217 19 0 3.25
86 6 0 3.75
284 14 0 3.25
261 0 0 1.75
307 6 0 3.75
83 17 0 2.0
188 39 0 3.5
309 20 0 2.75
140 12 0 4.0
253 29 0 2.75
176 30 0 3.5
55 0 0 2.75
19 -18 0 2.5
17 71 0 2.5
89 12 0 4.0
349 9 0 1.5
122 18 0 1.75
77 2 0 3.75
33 27 0 4.0
91 21 0 1.5
162 8 0 2.0
307 0 0 2.5
155 23 0 4.0
332 18 0 1.75
172 6 0 4.0
328 -17 0 2.0
13 0 0 1.75
110 11 0 3.25
72 9 0 3.75
247 -28 0 2.5
178 6 0 1.5
47 22 0 1.5
170 20 0 2.25
351 22 0 3.25
15 9 0 3.25
215 22 0 4.0
182 11 0 3.0
83 25 0 3.25
314 8 0 1.75
193 19 0 3.75
10 14 0 2.5
296 24 0 1.75
219 23 0 4.0
251 12 0 2.25
137 26 0 2.5
99 12 0 3.75
309 -28 0 3.75
273 14 0 2.0
87 24 0 2.5
116 12 0 3.0
311 15 0 4.0
78 2 0 3.0
161 21 0 1.75
354 10 0 4.0
269 -16 0 2.5
70 11 0 2.25
223 7 0 2.25
79 29 0 3.75
69 19 0 3.5
312 -1 0 3.0
107 9 0 1.75
204 75 0 2.0
346 20 0 3.5
75 13 0 1.5
287 23 0 1.75
265 21 0 4.0
90 57 0 2.5
112 2 0 3.5
8 12 0 2.75
225 7 0 1.5
5 0 0 3.25
277 13 0 2.75
209 26 0 2.0
137 24 0 2.25
208 0 0 3.25
74 18 0 1.75
237 7 0 1.5
202 7 0 3.0
300 6 0 3.0
220 19 0 1.75
172 29 0 1.5
30 13 0 3.5
300 26 0 3.5
201 1 0 2.75
244 15 0 2.5
50 12 0 2.5
137 25 0 2.75
145 8 0 1.75
40 12 0 1.75
70 18 0 3.75
302 -7 0 2.25
341 28 0 2.25
61 5 0 1.75
112 5 0 1.75
338 23 0 2.5
235 14 0 1.75
55 23 0 4.0
259 26 0 3.75
243 9 0 1.5
137 19 0 3.25
189 12 0 2.75
198 10 0 2.0
86 25 0 2.75
275 22 0 2.0
117 -21 0 3.25
44 18 0 2.5
215 6 0 2.75
218 19 0 3.5
330 7 0 3.0
347 6 0 2.5
40 28 0 2.0
354 -38 0 2.5
114 23 0 2.25
252 9 0 1.75
162 14 0 2.5
280 -2 0 2.75
327 14 0 1.5
60 20 0 1.5
130 -16 0 2.0
114 59 0 2.25
292 6 0 2.25
352 10 0 1.75
151 28 0 3.0
47 10 0 3.0
89 6 0 3.5
201 18 0 1.75
359 0 0 3.0
114 22 0 2.25
237 22 0 1.75
17 -9 0 2.25
58 -10 0 3.25
58 20 0 3.5
91 0 0 4.0
267 21 0 2.25
289 22 0 1.5
100 0 0 4.0
327 3 0 2.25
95 8 0 3.5
220 26 0 4.0
67 12 0 3.25
349 12 0 3.25
137 24 0 3.75
173 19 0 2.25
45 16 0 4.0
136 -13 0 4.0
266 29 0 2.25
274 2 0 3.75
83 25 0 3.5
183 5 0 4.0
117 20 0 3.0
183 23 0 1.75
247 25 0 2.0
24 -14 0 1.75
110 9 0 2.0
268 21 0 3.25
314 9 0 2.25
72 13 0 3.5
219 14 0 2.0
25 19 0 2.75
347 23 0 3.25
298 3 0 2.0
328 18 0 2.5
136 1 0 2.5
144 5 0 4.0
142 23 0 1.75
255 8 0 4.0
6 -15 0 3.75
355 22 0 3.5
230 29 0 2.0
18 16 0 1.75
185 15 0 1.75
18 15 0 1.5
125 15 0 1.75
99 22 0 3.75
285 28 0 2.75
213 14 0 2.75
173 9 0 3.0
262 48 0 3.75
268 42 0 3.0
165 30 0 2.0
123 30 0 2.25
187 20 0 3.75
327 21 0 3.5
99 42 0 3.0
23 36 0 2.25
186 19 0 1.5
272 17 0 3.0
161 13 0 3.0
3 13 0 2.0
148 13 0 4.0
126 26 0 4.0
287 19 0 1.5
255 28 0 2.5
100 12 0 3.25
40 -32 0 2.75
304 29 0 3.25
210 7 0 1.5
8 7 0 1.5
49 24 0 1.5
143 11 0 1.5
337 13 0 3.0
52 15 0 1.75
11 53 0 3.75
8 0 0 3.75
306 12 0 1.5
345 8 0 1.75
1 53 0 3.0
37 15 0 1.75
25 -1 0 1.5
152 28 0 3.25
156 2 0 3.0
190 7 0 3.75
358 24 0 3.0
74 14 0 2.25
223 9 0 3.75
83 17 0 2.5
49 18 0 2.5
300 8 0 3.25
194 17 0 1.75
17 20 0 3.0
341 -27 0 1.5
318 20 0 3.5
43 29 0 2.0
130 3 0 2.25
232 15 0 1.5
263 18 0 2.0
134 11 0 4.0
328 16 0 3.25
203 21 0 2.25
17 16 0 3.5
111 14 0 3.25
283 -14 0 2.0
238 2 0 2.5
246 26 0 4.0
53 42 0 3.5
41 6 0 3.0
30 15 0 2.5
67 23 0 3.75
8 -19 0 3.5
221 8 0 2.25
38 29 0 2.25
295 57 0 3.0
282 4 0 3.75
173 21 0 1.5
105 22 0 3.25
84 15 0 1.75
151 16 0 2.5
251 4 0 2.25
200 6 0 2.75
339 16 0 2.5
317 29 0 3.75
351 3 0 3.25
327 25 0 3.0
210 16 0 2.0
66 -32 0 1.75
113 13 0 1.5
106 28 0 1.75
349 3 0 2.25
18 25 0 1.5
260 -20 0 2.5
61 19 0 3.75
171 24 0 2.0
348 16 0 3.0
49 17 0 1.5
185 16 0 4.0
320 4 0 2.75
163 7 0 2.5
68 -13 0 3.5
303 58 0 1.5
112 24 0 3.0
33 8 0 3.75
17 10 0 3.0
4 22 0 1.5
335 29 0 1.75
214 10 0 4.0
107 25 0 2.5
94 36 0 2.0
3 11 0 3.0
26 0 0 1.75
37 6 0 2.75
92 25 0 4.0
185 11 0 1.75
333 -2 0 2.5
80 23 0 1.75
62 30 0 2.75
269 13 0 3.25
172 56 0 2.25
65 27 0 2.0
61 3 0 3.25
124 14 0 2.5
253 18 0 1.5
224 16 0 2.5
297 3 0 1.5
134 27 0 1.75
289 30 0 3.75
199 -8 0 1.75
36 18 0 3.0
168 6 0 1.75
136 15 0 3.75
125 24 0 4.0
298 13 0 3.25
79 3 0 3.25
274 1 0 3.5
133 25 0 2.75
187 39 0 3.5
282 20 0 2.0
236 22 0 3.5
124 22 0 2.5
264 11 0 2.5
133 32 0 3.5
112 11 0 2.0
277 -20 0 2.75
21 19 0 2.0
179 30 0 2.75
80 25 0 2.25
121 2 0 3.25
50 11 0 3.0
130 5 0 3.25
248 6 0 1.75
18 0 0 3.0
237 7 0 2.5
301 36 0 1.5
163 2 0 2.25
334 6 0 2.25
219 23 0 3.0
202 30 0 2.75
168 7 0 3.75
97 0 0 1.75
241 20 0 3.75
3 9 0 2.5
159 25 0 2.75
307 -30 0 1.75
51 2 0 2.75
315 10 0 2.75
284 13 0 3.0
211 5 0 3.0
132 0 0 1.5
30 14 0 3.75
156 20 0 3.5
333 28 0 3.75
214 9 0 3.5
341 24 0 2.75
338 21 0 2.5
281 21 0 3.25
145 5 0 2.5
315 -29 0 2.0
28 20 0 4.0
327 15 0 3.75
197 22 0 3.25
241 17 0 4.0
157 -13 0 2.25
166 22 0 2.75
67 -13 0 3.25
320 14 0 3.75
313 15 0 4.0
354 4 0 3.25
250 26 0 1.5
99 8 0 2.75
80 13 0 4.0
338 15 0 2.25
336 -14 0 3.0
56 25 0 3.5
53 1 0 3.5
20 18 0 3.75
239 20 0 1.75
199 28 0 2.0
259 36 0 2.0
49 30 0 1.75
353 27 0 3.0
203 -20 0 3.0
307 11 0 3.25
250 13 0 4.0
105 18 0 2.75
351 -24 0 4.0
151 6 0 2.0
67 46 0 2.75
248 -13 0 3.25
139 0 0 3.5
5 60 0 1.5
222 21 0 1.75
203 39 0 2.0
91 4 0 3.5
346 21 0 2.75
268 12 0 2.75
171 5 0 2.75
75 4 0 3.25
359 21 0 2.5
34 15 0 3.0
213 12 0 3.0
254 2 0 3.75
133 2 0 1.75
312 15 0 2.75
54 21 0 2.25
141 1 0 1.5
282 8 0 2.75
347 23 0 2.75
59 4 0 4.0
250 1 0 2.25
122 16 0 2.5
186 23 0 3.75
6 17 0 1.5
183 21 0 2.75
316 25 0 3.5
70 18 0 3.25
65 8 0 1.5
169 13 0 4.0
298 22 0 2.75
281 25 0 3.75
347 27 0 3.0
336 -5 0 1.75
91 23 0 1.5
336 4 0 4.0
44 -23 0 4.0
61 2 0 2.75
174 22 0 1.75
149 11 0 2.5
168 17 0 2.25
336 -26 0 3.75
26 30 0 2.75
19 8 0 2.0
259 9 0 1.75
125 2 0 1.75
337 62 0 2.5
80 4 0 1.5
194 -22 0 2.5
238 4 0 1.75
9 17 0 2.75
191 26 0 3.75
322 3 0 2.0
76 -13 0 1.5
13 19 0 1.75
52 13 0 2.0
124 13 0 2.0
354 0 0 3.5
158 5 0 3.0
35 12 0 2.0
38 10 0 4.0
24 29 0 2.25
112 24 0 1.75
76 17 0 3.75
335 31 0 2.5
301 18 0 3.0
14 20 0 2.0
267 20 0 3.75
113 27 0 3.75
198 26 0 4.0
132 20 0 1.75
181 1 0 3.25
274 -38 0 4.0
228 2 0 2.25
109 2 0 2.25
34 5 0 3.75
0 26 0 2.5
231 25 0 1.5
103 17 0 3.0
28 25 0 3.5
243 15 0 2.5
89 -1 0 3.75
48 9 0 3.0
332 -23 0 4.0
305 27 0 1.5
289 4 0 2.25
341 -49 0 3.25
255 24 0 2.5
322 -12 0 2.5
126 56 0 2.25
0 3 0 4.0
256 74 0 2.5
213 30 0 4.0
223 53 0 4.0
346 10 0 3.75
312 1 0 2.0
139 17 0 2.25
79 -15 0 4.0
127 10 0 3.75
53 17 0 3.5
190 12 0 3.75
56 26 0 2.75
316 17 0 4.0
340 22 0 2.75
194 25 0 3.0
174 17 0 2.75
304 7 0 1.5
270 -23 0 3.75
276 11 0 2.25
161 18 0 4.0
199 16 0 3.75
343 19 0 3.5
230 12 0 2.25
13 9 0 1.75
172 -14 0 2.25
36 21 0 2.5
6 21 0 1.5
255 11 0 3.0
115 20 0 2.25
201 8 0 2.0
128 11 0 1.75
42 12 0 2.75
137 26 0 1.5
2 16 0 4.0
126 17 0 2.75
187 4 0 3.25
82 15 0 3.5
307 8 0 2.0
20 3 0 2.5
35 6 0 1.5
9 -11 0 1.5
12 19 0 2.0
217 11 0 2.25
40 25 0 1.5
298 7 0 3.25
46 3 0 2.75
166 18 0 2.25
335 21 0 2.5
240 12 0 3.0
157 23 0 2.25
15 13 0 2.0
67 9 0 3.5
212 26 0 3.75
105 2 0 2.75
343 21 0 3.5
236 26 0 2.0
250 18 0 2.5
68 14 0 3.0
206 30 0 3.0
301 45 0 2.25
257 22 0 3.5
113 7 0 2.5
249 3 0 1.5
166 11 0 4.0
33 1 0 3.0
15 20 0 1.75
220 13 0 3.0
133 28 0 1.5
317 14 0 1.75
346 20 0 3.0
14 0 0 2.5
17 16 0 3.25
1 21 0 4.0
208 58 0 4.0
150 6 0 1.75
57 5 0 2.75
230 18 0 3.0
163 20 0 4.0
108 16 0 2.25
97 28 0 2.0
178 2 0 3.75
312 -40 0 2.75
327 55 0 1.75
215 -41 0 2.5
283 4 0 3.75
130 -6 0 3.25
355 25 0 4.0
41 19 0 2.75
187 23 0 4.0
97 -27 0 2.25
227 28 0 2.0
2 -3 0 3.5
259 24 0 3.5
134 16 0 3.0
314 13 0 1.5
115 -29 0 3.75
332 48 0 2.25
149 78 0 3.5
244 17 0 2.25
187 13 0 3.0
171 29 0 2.0
180 -2 0 1.75
318 13 0 1.5
15 25 0 4.0
274 4 0 3.25
339 -11 0 2.0
33 14 0 3.0
280 17 0 4.0
136 27 0 2.0
208 22 0 3.75
344 21 0 3.75
79 1 0 1.5
305 30 0 2.25
293 14 0 3.0
185 22 0 3.25
248 1 0 1.5
247 7 0 3.0
353 30 0 2.25
92 11 0 2.75
5 15 0 3.5
156 10 0 1.5
235 -25 0 3.5
164 7 0 3.5
95 18 0 2.5
221 17 0 2.25
173 -26 0 2.5
2 12 0 1.5
164 27 0 4.0
165 6 0 2.5
340 19 0 2.0
222 19 0 2.0
149 5 0 4.0
6 9 0 2.0
17 8 0 4.0
100 21 0 2.5
92 15 0 2.5
335 0 0 2.75
286 18 0 1.75
104 29 0 3.0
19 19 0 3.25
110 13 0 2.25
127 11 0 1.5
16 22 0 3.5
157 15 0 1.75
351 43 0 3.0
171 14 0 3.0
357 -19 0 2.75
76 23 0 3.5
332 4 0 3.75
331 7 0 2.0
293 30 0 3.0
277 5 0 4.0
54 20 0 3.25
39 29 0 1.5
179 2 0 2.25
263 6 0 2.0
273 46 0 3.25
279 10 0 3.75
31 22 0 3.0
323 29 0 2.75
89 29 0 3.75
318 25 0 3.75
290 4 0 3.0
2 -20 0 1.5
248 4 0 3.0
263 22 0 1.5
313 26 0 3.0
128 18 0 3.25
225 0 0 3.25
211 19 0 3.75
286 11 0 1.75
71 9 0 3.5
208 2 0 3.5
350 28 0 3.75
82 27 0 2.0
257 8 0 2.75
352 30 0 2.25
266 3 0 4.0
312 10 0 2.75
227 49 0 3.25
89 16 0 1.5
93 0 0 3.0
254 2 0 3.0
156 2 0 2.75
33 -3 0 3.0
227 5 0 3.25
224 10 0 2.25
315 4 0 2.5
212 20 0 1.75
123 22 0 2.75
277 24 0 4.0
3 6 0 1.75
17 17 0 3.25
300 8 0 3.75
156 22 0 3.5
130 25 0 2.25
275 22 0 3.75
196 19 0 3.0
117 18 0 2.0
174 20 0 3.5
258 18 0 3.0
29 9 0 1.75
240 21 0 1.75
72 13 0 3.25
6 24 0 2.75
95 24 0 2.25
269 22 0 2.0
59 18 0 2.75
64 16 0 1.75
326 8 0 1.75
190 22 0 3.0
9 13 0 3.75
228 30 0 2.0
344 32 0 2.25
107 18 0 4.0
31 2 0 3.5
273 19 0 3.25
270 13 0 1.5
220 66 0 4.0
246 19 0 3.25
338 27 0 1.75
232 30 0 2.0
319 4 0 2.0
302 7 0 4.0
322 10 0 1.5
11 14 0 2.0
179 -11 0 2.75
261 15 0 1.5
60 0 0 4.0
47 23 0 2.25
321 23 0 2.25
213 26 0 2.25
334 16 0 1.5
223 10 0 3.0
10 6 0 2.5
8 13 0 3.75
132 26 0 1.5
185 -10 0 4.0
71 14 0 2.0
225 8 0 3.25
309 -50 0 3.75
77 25 0 1.5
77 5 0 2.75
240 3 0 3.5
267 -40 0 2.5
280 55 0 1.5
330 12 0 2.5
220 -4 0 2.25
134 29 0 3.25
242 -13 0 1.5
353 22 0 4.0
42 5 0 1.5
182 23 0 2.5
325 6 0 3.75
307 23 0 2.0
263 14 0 2.25
195 24 0 1.75
244 -7 0 1.75
78 11 0 1.5
328 5 0 3.75
144 19 0 2.0
317 24 0 3.5
146 29 0 3.25
81 19 0 3.75
210 23 0 2.75
264 -4 0 2.0
223 -13 0 3.75
45 10 0 1.5
243 15 0 3.25
102 28 0 2.0
38 26 0 3.75
126 -4 0 2.0
7 -22 0 1.75
319 -36 0 3.0
33 1 0 2.75
146 7 0 1.75
189 18 0 2.75
99 26 0 3.0
106 22 0 4.0
309 4 0 2.5
110 29 0 3.25
243 20 0 3.0
32 30 0 1.5
275 44 0 3.25
13 28 0 3.75
334 14 0 3.75
298 -28 0 2.75
90 10 0 1.5
34 24 0 2.0
220 21 0 3.0
45 7 0 2.5
3 51 0 1.75
80 26 0 3.75
240 11 0 2.5
263 4 0 2.0
210 19 0 4.0
88 28 0 2.5
248 12 0 3.5
304 21 0 1.5
22 49 0 1.5
327 5 0 2.0
78 4 0 4.0
200 0 0 3.25
260 23 0 2.25
53 -17 0 2.5
37 18 0 1.5
66 4 0 2.75
127 8 0 2.0
177 23 0 1.5
111 18 0 4.0
128 36 0 2.75
51 22 0 1.75
210 16 0 3.75
147 13 0 1.5
220 15 0 3.25
194 8 0 2.75
112 27 0 1.5
291 30 0 3.25
149 20 0 3.5
155 16 0 3.5
210 2 0 3.25
170 4 0 2.5
155 21 0 4.0
339 0 0 2.25
118 2 0 3.75
294 -12 0 1.5
209 11 0 3.0
200 -22 0 1.5
230 3 0 2.75
300 22 0 1.75
268 13 0 1.5
9 10 0 2.75
41 59 0 3.5
97 30 0 2.75
327 9 0 2.75
229 8 0 2.75
41 -23 0 3.0
19 -14 0 3.75
171 11 0 1.75
304 2 0 3.5
138 48 0 2.0
61 13 0 2.0
215 -12 0 3.75
44 17 0 1.75
145 27 0 2.5
267 5 0 3.0
344 13 0 1.75
254 7 0 3.0
195 23 0 1.75
215 20 0 4.0
137 30 0 2.25
127 16 0 3.5
358 10 0 3.5
207 -7 0 3.75
223 23 0 2.75
264 9 0 3.0
70 26 0 2.75
169 22 0 3.75
308 28 0 3.75
155 17 0 1.5
20 6 0 1.75
232 23 0 2.75
126 7 0 2.0
293 22 0 3.0
343 16 0 3.25
134 -47 0 3.25
150 20 0 2.75
89 16 0 2.5
67 2 0 4.0
229 25 0 1.75
17 29 0 2.75
127 13 0 1.75
135 19 0 1.75
35 30 0 3.5
333 18 0 2.5
233 23 0 3.5
11 21 0 3.5
338 14 0 1.75
129 5 0 1.75
280 18 0 3.25
48 20 0 3.0
121 17 0 4.0
120 0 0 2.5
247 17 0 3.5
198 1 0 3.25
301 9 0 3.5
187 19 0 2.5
345 20 0 2.25
284 51 0 2.75
256 18 0 4.0
221 6 0 3.25
156 -17 0 1.75
47 2 0 4.0
36 24 0 1.5
327 15 0 3.0
244 21 0 3.0
127 -25 0 3.75
23 24 0 3.75
75 29 0 2.75
73 24 0 2.5
86 1 0 2.25
124 8 0 3.75
251 25 0 2.0
194 61 0 1.5
96 28 0 2.5
144 20 0 4.0
226 15 0 4.0
124 7 0 3.25
303 -40 0 2.75
68 26 0 2.25
63 27 0 2.0
201 2 0 1.75
140 27 0 2.5
80 25 0 1.5
232 21 0 4.0
182 8 0 1.75
129 12 0 2.0
15 30 0 2.0
58 11 0 3.25
300 4 0 2.0
21 28 0 4.0
131 2 0 3.25
188 6 0 2.5
55 14 0 4.0
247 43 0 3.75
194 26 0 1.5
53 15 0 2.75
338 15 0 2.75
129 23 0 2.5
164 2 0 3.0
68 4 0 1.5
214 26 0 3.5
107 19 0 2.0
273 4 0 2.5
306 30 0 2.5
296 54 0 1.5
85 12 0 3.75
336 7 0 2.0
118 15 0 3.25
293 24 0 2.0
145 16 0 3.5
45 66 0 3.0
350 11 0 4.0
87 1 0 2.5
13 5 0 1.5
133 23 0 3.75
354 19 0 3.75
310 22 0 3.0
147 -4 0 2.0
272 5 0 3.5
82 17 0 2.0
207 29 0 4.0
331 27 0 3.75
281 16 0 2.5
209 20 0 3.75
37 -38 0 3.25
64 23 0 1.75
163 25 0 2.25
133 25 0 4.0
252 11 0 3.0
158 7 0 3.0
69 8 0 3.25
297 11 0 2.5
254 4 0 1.75
244 -4 0 4.0
77 16 0 1.5
323 -23 0 3.5
170 26 0 2.75
83 17 0 3.0
293 9 0 1.75
353 -7 0 2.0
159 18 0 3.5
50 -20 0 3.0
120 0 0 3.75
217 27 0 2.0
167 22 0 2.0
336 21 0 1.5
94 10 0 2.5
174 21 0 4.0
16 25 0 1.5
266 4 0 2.5
173 44 0 1.75
173 29 0 2.75
127 18 0 3.25
2 -27 0 4.0
78 26 0 2.0
126 13 0 2.0
235 6 0 3.75
94 11 0 3.5
45 9 0 4.0
31 1 0 2.75
341 12 0 3.0
17 10 0 1.75
312 23 0 3.75
63 -31 0 3.0
17 10 0 3.5
242 -13 0 3.25
78 28 0 1.75
298 24 0 2.5
11 76 0 2.0
13 -17 0 2.0
330 -9 0 2.25
78 17 0 3.75
122 4 0 3.0
25 -14 0 3.75
158 21 0 2.25
227 37 0 2.0
249 24 0 4.0
262 2 0 2.25
95 52 0 2.0
65 14 0 4.0
323 20 0 2.0
255 30 0 2.75
299 24 0 3.5
355 17 0 3.0
60 16 0 3.5
15 12 0 3.25
313 3 0 2.75
123 3 0 3.75
103 19 0 1.75
265 15 0 3.75
221 12 0 3.75
300 22 0 3.75
164 6 0 2.0
101 15 0 2.5
121 35 0 2.25
43 5 0 3.0
193 20 0 2.5
292 27 0 1.5
126 13 0 1.75
182 50 0 2.75
40 15 0 3.5
340 29 0 3.25
325 29 0 1.75
235 12 0 3.25
73 12 0 3.75
124 25 0 3.0
15 14 0 3.5
116 -23 0 1.5
31 30 0 3.5
314 20 0 4.0
264 0 0 4.0
53 28 0 3.5
114 13 0 3.75
115 12 0 1.5
198 0 0 1.5
122 7 0 2.5
263 13 0 2.25
277 16 0 2.5
258 12 0 4.0
49 21 0 1.75
41 20 0 3.5
272 8 0 3.75
209 10 0 4.0
329 -1 0 1.75
330 49 0 2.75
104 13 0 1.75
168 4 0 4.0
84 6 0 4.0
29 27 0 4.0
339 32 0 2.0
242 17 0 4.0
167 5 0 4.0
99 26 0 4.0
135 11 0 2.75
169 6 0 3.0
14 45 0 1.5
353 11 0 2.0
313 1 0 1.75
198 2 0 3.75
87 34 0 3.0
339 60 0 4.0
30 17 0 4.0
209 -14 0 3.5
354 6 0 1.75
277 -37 0 1.5
98 25 0 1.5
178 5 0 2.0
175 16 0 1.5
344 11 0 2.25
159 17 0 3.0
192 22 0 1.75
295 23 0 1.5
254 25 0 2.25
95 5 0 2.25
260 -10 0 2.25
170 -42 0 3.25
353 -12 0 3.0
106 0 0 3.5
275 6 0 2.25
98 11 0 2.0
195 16 0 2.5
251 22 0 3.5
118 30 0 3.0
97 -36 0 3.25
94 14 0 3.25
50 -14 0 2.25
9 17 0 3.5
153 3 0 1.5
213 5 0 4.0
248 19 0 4.0
237 5 0 4.0
237 28 0 1.75
30 29 0 2.25
295 1 0 2.5
316 24 0 3.25
331 24 0 2.25
224 8 0 2.5
217 5 0 3.5
296 25 0 4.0
213 26 0 3.0
94 22 0 4.0
322 22 0 3.75
297 29 0 1.5
63 30 0 3.25
236 80 0 3.0
220 30 0 2.25
237 8 0 3.5
139 32 0 2.0
230 6 0 3.0
267 14 0 1.5
4 13 0 1.5
168 3 0 4.0
233 1 0 2.5
299 11 0 3.25
57 30 0 1.5
180 13 0 4.0
122 10 0 3.25
242 9 0 4.0
117 49 0 1.5
205 15 0 2.25
45 -40 0 3.25
79 22 0 3.25
55 10 0 1.5
257 23 0 4.0
84 11 0 1.75
213 18 0 2.75
281 20 0 1.75
196 2 0 2.5
315 6 0 3.75
328 36 0 1.75
145 21 0 1.5
310 4 0 3.0
199 0 0 3.0
50 -23 0 4.0
52 10 0 2.25
58 6 0 3.75
292 17 0 2.25
1 2 0 3.25
299 22 0 1.5
19 16 0 1.5
63 10 0 3.5
149 4 0 3.75
76 29 0 1.75
4 8 0 1.75
320 14 0 4.0
6 7 0 3.5
297 6 0 3.25
10 6 0 3.25
100 1 0 3.0
20 16 0 4.0
332 25 0 3.75
144 48 0 3.25
149 6 0 2.0
285 -14 0 1.75
95 19 0 2.75
168 16 0 3.75
32 58 0 3.0
156 9 0 4.0
107 28 0 2.5
56 52 0 2.5
53 19 0 3.75
50 0 0 2.75
71 22 0 3.5
56 22 0 1.75
56 27 0 1.5
70 4 0 1.75
140 3 0 3.25
254 22 0 2.25
17 -24 0 2.5
210 -17 0 3.5
87 7 0 2.5
313 -3 0 2.5
255 -23 0 1.5
194 2 0 1.75
332 14 0 2.0
343 20 0 2.25
8 18 0 3.75
88 13 0 2.5
58 2 0 3.25
161 2 0 3.75
109 30 0 4.0
98 21 0 2.75
259 3 0 2.0
103 3 0 3.5
66 22 0 2.0
220 -11 0 2.75
169 8 0 2.0
207 15 0 2.5
312 21 0 1.75
191 56 0 3.0
10 0 0 4.0
318 1 0 2.25
101 28 0 2.5
85 -50 0 2.5
307 27 0 2.5
290 22 0 3.25
159 13 0 2.75
250 21 0 1.75
181 28 0 2.25
39 1 0 2.0
320 27 0 2.25
74 55 0 2.0
84 49 0 1.75
187 6 0 3.25
273 16 0 1.5
321 4 0 3.25
178 4 0 3.25
277 31 0 1.5
129 -14 0 2.0
256 8 0 3.0
177 13 0 2.5
4 25 0 3.0
93 4 0 1.75
269 1 0 3.0
70 7 0 1.5
229 30 0 3.25
9 19 0 2.75
249 1 0 1.75
256 15 0 1.5
286 5 0 1.75
332 -32 0 1.75
196 16 0 3.75
264 10 0 3.25
61 7 0 1.5
237 0 0 2.5
167 18 0 1.75
94 14 0 3.75
152 -20 0 2.5
33 21 0 1.75
300 19 0 2.75
8 3 0 3.75
118 37 0 1.5
342 55 0 4.0
146 13 0 2.0
192 25 0 3.25
100 -25 0 2.25
343 1 0 3.25
3 -26 0 2.0
168 16 0 1.5
349 29 0 2.25
8 18 0 1.5
5 2 0 2.5
31 30 0 2.5
230 8 0 2.0
51 7 0 4.0
41 4 0 1.75
126 -35 0 4.0
327 5 0 2.5
185 30 0 1.75
243 -4 0 1.75
178 -24 0 3.75
209 30 0 4.0
253 10 0 2.25
51 17 0 1.75
199 23 0 2.5
252 12 0 1.75
135 -4 0 2.75
23 -18 0 3.0
132 5 0 1.75
354 8 0 2.75
96 5 0 1.75
170 9 0 4.0
95 9 0 1.75
54 28 0 4.0
39 0 0 1.5
110 12 0 1.75
31 10 0 2.25
293 15 0 1.75
193 10 0 4.0
333 -27 0 3.5
281 14 0 3.5
164 9 0 2.5
222 9 0 3.75
147 48 0 3.25
203 9 0 2.75
31 14 0 2.25
295 4 0 1.75
13 5 0 3.25
214 1 0 2.25
353 6 0 2.75
104 24 0 4.0
70 24 0 4.0
312 16 0 2.0
117 13 0 2.75
2 2 0 3.25
82 13 0 3.75
212 18 0 2.75
295 27 0 3.5
201 16 0 3.75
39 22 0 1.5
20 26 0 4.0
220 77 0 2.75
294 21 0 2.75
233 -14 0 2.75
287 11 0 2.25
287 12 0 3.75
124 26 0 2.0
201 4 0 3.25
244 14 0 2.25
88 15 0 3.75
334 15 0 3.25
86 50 0 2.5
291 -22 0 2.25
230 5 0 3.75
198 17 0 3.5
202 30 0 3.5
90 9 0 2.25
265 17 0 1.5
318 0 0 3.75
174 0 0 3.75
134 4 0 1.5
178 11 0 4.0
80 57 0 3.25
46 8 0 2.25
105 21 0 2.5
222 16 0 1.75
283 7 0 3.5
170 19 0 2.75
320 4 0 4.0
151 17 0 3.75
125 8 0 1.75
8 -2 0 2.25
229 13 0 2.25
65 22 0 3.0
31 23 0 1.5
127 27 0 1.75
300 -24 0 3.75
192 23 0 3.25
124 4 0 2.75
20 26 0 3.5
9 0 0 3.5
317 0 0 3.75
81 6 0 2.0
294 6 0 2.0
48 28 0 2.5
74 3 0 1.5
202 17 0 2.25
236 16 0 4.0
191 15 0 2.0
154 43 0 2.75
264 0 0 2.75
243 20 0 1.5
49 22 0 2.25
251 24 0 2.5
106 17 0 4.0
62 29 0 3.5
258 2 0 3.5
190 12 0 2.25
220 30 0 1.75
313 15 0 2.0
5 5 0 1.75
56 -2 0 3.75
128 78 0 1.75
167 29 0 2.25
289 6 0 2.5
280 1 0 3.5
309 18 0 3.0
242 7 0 3.25
230 14 0 3.25
131 24 0 2.25
236 19 0 2.25
161 3 0 1.75
83 -26 0 1.75
241 47 0 3.75
230 -21 0 3.25
94 17 0 1.75
302 8 0 3.75
265 12 0 2.75
298 30 0 3.25
346 25 0 1.75
260 7 0 2.75
248 12 0 2.75
254 23 0 3.5
128 25 0 3.0
304 -24 0 3.0
153 13 0 3.25
28 30 0 3.75
175 30 0 2.5
119 5 0 3.0
90 17 0 2.75
181 40 0 2.25
302 32 0 2.5
87 5 0 3.5
159 2 0 3.75
300 20 0 3.0
176 25 0 2.5
200 7 0 2.0
26 21 0 2.25
204 6 0 4.0
195 -1 0 2.25
348 -5 0 1.75
195 15 0 3.5
120 10 0 3.25
42 14 0 2.0
285 17 0 3.75
193 21 0 3.25
264 0 0 3.75
171 9 0 2.75
185 15 0 3.0
312 15 0 3.25
84 10 0 3.0
41 -21 0 1.75
132 28 0 2.0
260 3 0 3.5
144 1 0 2.0
5 26 0 3.75
204 -22 0 2.75
139 25 0 2.25
343 27 0 3.5
228 18 0 2.25
246 17 0 2.5
286 -30 0 2.0
346 12 0 3.75
304 27 0 2.25
17 51 0 3.0
224 29 0 2.5
92 2 0 3.0
121 27 0 2.25
33 7 0 2.75
181 -49 0 4.0
12 18 0 4.0
77 -20 0 2.25
104 28 0 3.25
201 19 0 1.5
316 50 0 4.0
9 6 0 2.0
346 11 0 3.0
248 13 0 2.25
241 7 0 1.75
218 28 0 1.5
20 -10 0 2.0
131 9 0 3.75
97 4 0 2.75
158 24 0 3.25
357 24 0 1.75
329 19 0 3.25
330 21 0 2.75
183 15 0 1.5
155 29 0 2.5
102 2 0 2.0
338 24 0 2.25
265 1 0 4.0
264 13 0 1.75
358 -14 0 1.5
51 27 0 3.75
39 80 0 3.0
62 -16 0 1.75
99 9 0 1.75
192 17 0 2.0
108 15 0 2.0
50 28 0 3.5
75 11 0 1.75
235 22 0 3.75
319 24 0 2.25
38 0 0 4.0
70 0 0 2.5
105 28 0 2.0
225 -8 0 2.25
96 17 0 2.25
51 10 0 2.0
305 7 0 2.5
117 26 0 3.5
206 7 0 1.75
24 8 0 1.75
8 -25 0 4.0
70 28 0 3.5
125 11 0 2.5
246 47 0 2.0
174 17 0 2.0
142 -14 0 2.5
138 20 0 2.0
99 29 0 3.25
289 25 0 2.25
99 5 0 4.0
238 6 0 2.75
203 26 0 3.0
193 15 0 3.75
133 29 0 3.0
294 5 0 3.25
14 19 0 1.5
162 11 0 2.0
120 25 0 3.0
187 -30 0 2.25
113 30 0 4.0
341 16 0 4.0
61 17 0 2.0
31 19 0 2.0
259 0 0 3.75
23 -13 0 3.0
81 0 0 1.75
346 23 0 2.25
311 9 0 3.5
191 9 0 2.5
28 23 0 3.5
342 25 0 2.5
330 11 0 2.25
114 17 0 2.75
74 7 0 3.5
149 -4 0 2.75
131 18 0 3.5
203 25 0 1.5
138 10 0 2.0
198 24 0 3.25
268 2 0 2.5
223 6 0 2.5
38 21 0 4.0
233 11 0 1.5
150 28 0 1.5
98 1 0 1.75
167 20 0 2.75
267 24 0 3.25
62 26 0 3.75
355 4 0 2.5
265 18 0 1.75
358 4 0 2.0
244 21 0 2.5
259 2 0 3.0
55 -44 0 2.5
12 12 0 3.5
1 -3 0 4.0
307 18 0 2.25
190 0 0 1.75
169 3 0 3.0
85 17 0 2.5
349 19 0 3.25
162 9 0 3.0
79 30 0 4.0
22 7 0 4.0
222 -9 0 3.5
24 17 0 2.75
123 3 0 3.5
223 60 0 4.0
51 0 0 1.75
268 20 0 1.5
24 14 0 2.75
71 18 0 2.25
138 6 0 3.0
167 8 0 1.5
152 21 0 3.75
0 15 0 1.75
228 4 0 1.5
290 -11 0 1.75
130 16 0 2.0
143 0 0 3.25
46 59 0 2.75
304 7 0 3.25
271 17 0 1.75
175 5 0 3.0
190 68 0 4.0
5 11 0 4.0
194 25 0 3.75
74 10 0 3.5
1 23 0 2.25
329 29 0 3.25
45 24 0 2.0
293 6 0 3.75
127 41 0 3.5
240 20 0 2.0
90 7 0 2.25
255 12 0 3.25
202 26 0 3.75
245 7 0 2.75
236 6 0 3.0
248 2 0 4.0
21 5 0 2.5
294 27 0 2.75
353 40 0 3.5
31 10 0 1.75
254 10 0 2.25
138 15 0 1.5
180 9 0 2.25
166 30 0 2.25
181 1 0 2.0
106 18 0 1.5
82 19 0 1.75
329 10 0 3.75
218 0 0 1.5
123 17 0 1.75
114 7 0 2.75
195 28 0 3.5
61 13 0 3.0
171 25 0 3.75
124 -15 0 3.0
354 13 0 2.5
37 29 0 3.5
97 58 0 2.25
212 17 0 2.0
216 11 0 4.0
191 27 0 2.25
170 14 0 3.0
149 9 0 3.0
20 16 0 2.5
88 27 0 3.5
265 -26 0 2.5
23 5 0 2.75
69 25 0 3.0
93 9 0 1.5
358 30 0 4.0
256 -28 0 1.5
42 -28 0 1.5
103 30 0 3.5
77 29 0 1.75
230 20 0 1.5
276 16 0 2.25
121 -19 0 2.75
20 24 0 3.75
343 12 0 1.75
0 11 0 1.75
35 34 0 2.75
44 5 0 3.0
95 49 0 3.0
266 48 0 3.5
189 15 0 2.25
21 27 0 1.5
319 27 0 1.75
353 6 0 2.25
104 3 0 2.0
228 0 0 3.5
326 22 0 3.75
339 28 0 1.75
279 9 0 2.5
129 -23 0 4.0
186 15 0 3.0
34 16 0 3.75
236 11 0 3.5
142 19 0 4.0
270 28 0 1.5
15 -22 0 2.0
104 17 0 1.5
271 3 0 1.5
63 29 0 3.75
291 3 0 3.25
6 1 0 1.75
356 22 0 2.5
91 26 0 4.0
4 6 0 3.25
86 36 0 3.0
225 0 0 4.0
313 23 0 3.0
211 13 0 3.25
285 20 0 3.5
241 7 0 2.5
185 5 0 3.5
230 21 0 3.25
239 0 0 2.75
145 12 0 4.0
310 21 0 2.5
314 14 0 2.75
167 12 0 1.5
205 7 0 4.0
21 4 0 2.75
274 29 0 3.5
115 0 0 2.25
103 28 0 1.5
254 2 0 2.0
45 -11 0 1.75
98 23 0 3.0
30 10 0 4.0
158 22 0 3.75
174 21 0 3.75
304 -7 0 1.75
286 7 0 3.25
203 25 0 2.0
163 4 0 2.75
31 18 0 4.0
139 12 0 2.5
103 57 0 1.75
17 8 0 3.5
144 3 0 3.0
264 25 0 3.0
100 5 0 3.25
1 -7 0 3.0
226 25 0 3.0
108 13 0 1.5
15 3 0 2.5
166 6 0 2.0
95 27 0 3.25
236 10 0 2.25
256 -50 0 2.75
322 16 0 3.75
90 -31 0 2.75
289 26 0 3.25
269 26 0 4.0
74 3 0 3.75
306 11 0 3.0
2 9 0 4.0
49 4 0 1.5
161 13 0 1.75
86 -17 0 2.75
119 1 0 1.5
32 30 0 3.75
266 9 0 2.75
208 25 0 3.5
307 16 0 3.0
315 -3 0 3.5
112 -21 0 2.5
330 20 0 3.75
303 15 0 2.25
109 12 0 1.5
295 21 0 2.5
70 -18 0 1.75
7 11 0 3.5
189 10 0 4.0
305 29 0 3.5
131 20 0 2.75
284 14 0 1.5
356 28 0 3.5
75 2 0 3.25
341 -24 0 2.25
273 20 0 3.75
158 20 0 4.0
45 9 0 2.0
29 40 0 1.75
15 19 0 2.25
318 29 0 4.0
107 16 0 2.75
227 15 0 4.0
98 25 0 3.25
165 12 0 2.75
241 32 0 2.25
23 16 0 4.0
205 13 0 2.5
18 27 0 2.25
331 23 0 3.25
102 6 0 4.0
35 17 0 3.0
263 22 0 3.5
174 2 0 2.5
120 29 0 3.5
349 20 0 2.75
293 55 0 2.5
31 24 0 3.75
128 24 0 3.0
170 1 0 4.0
350 23 0 1.75
277 7 0 3.75
148 14 0 1.5
116 11 0 2.5
242 19 0 1.5
71 26 0 4.0
233 1 0 1.5
179 39 0 3.5
30 -21 0 3.25
302 18 0 3.5
30 1 0 3.0
18 24 0 3.5
26 -15 0 2.25
197 13 0 2.75
139 32 0 3.25
38 23 0 3.0
306 9 0 3.75
293 13 0 1.75
222 4 0 2.5
215 13 0 1.75
316 28 0 2.0
168 6 0 2.25
328 26 0 2.75
339 26 0 2.5
89 19 0 3.75
97 0 0 4.0
124 29 0 3.0
12 26 0 2.5
298 12 0 2.5
2 21 0 3.0
58 0 0 3.0
269 27 0 3.5
169 1 0 3.75
194 7 0 3.25
351 24 0 2.25
283 28 0 3.0
19 -42 0 3.25
70 9 0 2.25
294 -21 0 1.75
106 -27 0 2.75
225 21 0 2.25
341 -1 0 3.25
160 20 0 2.5
138 1 0 2.0
92 -3 0 2.75
187 17 0 1.5
139 1 0 2.75
325 23 0 3.5
149 20 0 1.5
63 27 0 3.0
133 27 0 2.25
145 26 0 2.25
259 3 0 3.0
276 15 0 2.5
80 3 0 1.5
282 29 0 3.75
306 7 0 2.5
359 11 0 2.75
285 15 0 2.0
248 27 0 3.5
36 20 0 1.75
99 2 0 2.75
252 14 0 1.75
330 -27 0 3.75
180 -23 0 2.25
257 25 0 2.0
139 0 0 4.0
282 22 0 3.75
181 19 0 3.25
156 18 0 2.75
199 30 0 2.5
193 21 0 2.75
348 10 0 3.0
70 7 0 4.0
123 -4 0 2.25
316 28 0 1.75
7 20 0 1.75
100 11 0 2.75
246 5 0 3.0
358 20 0 3.25
256 5 0 1.75
178 16 0 1.5
210 11 0 2.5
303 8 0 2.75
305 10 0 3.5
49 17 0 3.0
146 29 0 3.75
303 2 0 2.5
29 29 0 3.5
176 -26 0 2.5
184 13 0 2.25
327 30 0 2.75
305 22 0 2.75
106 46 0 4.0
45 27 0 3.25
18 -10 0 4.0
331 22 0 3.25
135 13 0 1.5
289 2 0 1.5
120 16 0 4.0
9 11 0 1.75
357 4 0 3.25
264 28 0 4.0
284 5 0 4.0
114 29 0 2.25
6 2 0 3.5
299 30 0 1.5
43 4 0 2.5
164 21 0 1.75
92 16 0 2.75
227 -20 0 2.25
358 6 0 2.75
101 32 0 2.0
284 25 0 3.75
213 5 0 2.25
269 18 0 1.75
232 9 0 3.75
250 0 0 2.5
126 12 0 1.75
322 15 0 2.0
310 6 0 3.25
195 17 0 3.25
96 15 0 3.0
34 24 0 1.5
312 29 0 3.0
145 8 0 1.5
157 38 0 2.75
351 26 0 1.5
139 25 0 2.0
143 3 0 3.5
214 33 0 3.75
94 29 0 2.75
2 -21 0 3.25
314 9 0 2.75
344 0 0 2.5
288 6 0 1.75
92 3 0 3.25
109 8 0 2.75
120 7 0 1.5
138 30 0 2.75
12 76 0 2.0
128 5 0 3.25
309 0 0 4.0
44 21 0 1.5
346 19 0 1.75
43 20 0 2.75
261 7 0 2.0
343 5 0 2.25
279 18 0 1.5
350 0 0 2.25
254 5 0 4.0
139 22 0 2.0
14 22 0 3.0
120 28 0 2.5
350 22 0 2.0
189 15 0 1.75
320 9 0 3.0
350 26 0 2.0
40 79 0 3.5
198 34 0 2.0
188 27 0 2.5
216 10 0 1.5
89 30 0 2.5
312 22 0 3.75
188 0 0 2.5
243 0 0 3.75
193 46 0 1.5
172 2 0 1.5
250 27 0 3.75
147 59 0 4.0
156 80 0 2.75
304 28 0 1.75
123 30 0 2.75
127 9 0 2.0
335 22 0 2.75
285 19 0 3.75
96 22 0 1.5
46 9 0 2.75
20 23 0 2.75
190 22 0 2.75
345 13 0 3.75
105 12 0 2.5
41 7 0 3.0
4 26 0 2.75
301 19 0 3.5
353 13 0 2.75
110 22 0 2.75
117 27 0 3.75
22 26 0 4.0
71 -27 0 3.75
204 20 0 3.5
49 16 0 2.75
90 30 0 3.5
94 24 0 1.75
138 25 0 3.75
335 13 0 3.0
273 19 0 3.0
81 24 0 2.0
289 29 0 2.25
133 28 0 1.75
236 27 0 3.0
133 56 0 2.25
82 24 0 4.0
320 -16 0 2.0
78 -6 0 2.75
155 -30 0 3.0
179 26 0 4.0
320 56 0 2.25
211 10 0 3.25
298 12 0 2.25
158 3 0 4.0
293 1 0 2.75
139 29 0 3.25
293 12 0 3.0
327 33 0 1.5
249 11 0 3.25
16 25 0 2.5
260 18 0 1.75
244 29 0 1.5
123 -17 0 2.5
155 -3 0 3.25
183 27 0 3.0
294 30 0 3.75
204 30 0 1.75
299 17 0 3.5
59 -21 0 2.25
154 26 0 1.5
219 22 0 2.25
26 11 0 3.0
268 -4 0 3.5
53 -15 0 3.5
110 7 0 4.0
113 -9 0 2.5
135 25 0 3.5
311 28 0 3.0
116 25 0 2.5
61 25 0 3.0
68 17 0 3.75
112 17 0 1.75
221 8 0 3.75
311 0 0 2.75
156 19 0 2.5
67 23 0 2.25
30 21 0 1.75
357 27 0 3.5
42 24 0 4.0
35 -11 0 2.25
80 7 0 3.25
110 20 0 2.0
162 22 0 3.5
119 10 0 1.5
182 20 0 3.25
232 20 0 3.75
46 45 0 4.0
150 6 0 3.75
113 5 0 3.0
192 2 0 1.5
325 18 0 3.75
300 1 0 2.25
6 0 0 2.75
107 7 0 1.75
52 28 0 2.75
167 19 0 2.5
116 47 0 3.25
108 27 0 1.75
314 10 0 2.5
98 8 0 3.75
118 13 0 3.75
133 5 0 2.0
114 26 0 2.0
168 20 0 3.25
118 16 0 2.0
79 24 0 2.0
157 6 0 2.25
76 15 0 1.5
258 9 0 2.0
120 10 0 2.25
330 14 0 3.25
329 11 0 1.5
249 0 0 1.75
126 49 0 1.75
154 25 0 2.5
267 -24 0 1.5
141 25 0 3.5
226 16 0 3.75
198 -3 0 1.5
180 21 0 3.75
172 0 0 3.75
183 15 0 2.0
150 20 0 3.25
134 23 0 3.75
43 22 0 2.0
82 13 0 2.0
313 5 0 4.0
238 15 0 2.75
302 19 0 1.75
327 76 0 2.0
166 11 0 1.75
146 25 0 3.0
238 6 0 3.0
102 13 0 3.5
36 12 0 2.25
137 -11 0 1.75
45 5 0 1.5
238 19 0 3.25
237 13 0 2.25
121 7 0 3.25
114 15 0 4.0
50 30 0 2.5
204 30 0 1.5
303 22 0 4.0
270 5 0 2.75
73 55 0 2.0
69 0 0 2.5
357 29 0 3.0
28 16 0 4.0
135 15 0 2.75
237 0 0 1.5
188 26 0 4.0
171 -5 0 3.0
259 1 0 3.25
263 10 0 3.75
17 52 0 1.75
275 -41 0 3.0
125 7 0 3.5
52 18 0 3.75
157 1 0 4.0
52 30 0 2.5
23 7 0 2.25
249 23 0 1.5
259 18 0 4.0
164 0 0 3.25
76 -5 0 3.25
9 -27 0 4.0
61 -7 0 3.5
8 6 0 3.25
324 8 0 1.5
135 1 0 3.0
