25 59 0 3.75
310 26 0 2.0
252 29 0 1.5
305 26 0 2.75
267 24 0 1.75
141 5 0 3.75
346 15 0 1.5
324 14 0 3.75
103 30 0 3.25
144 21 0 1.5
107 50 0 3.5
317 29 0 2.75
68 21 0 1.5
201 18 0 3.5
125 22 0 3.25
60 60 0 2.75
320 10 0 4.0
112 -6 0 4.0
352 13 0 2.0
164 5 0 2.25
174 30 0 3.5
168 -3 0 3.0
152 22 0 3.75
327 -9 0 3.75
186 2 0 4.0
21 55 0 2.75
121 25 0 2.25
73 2 0 3.5
187 6 0 3.25
157 -15 0 1.5
235 12 0 2.0
129 30 0 1.5
64 18 0 2.5
62 26 0 2.75
314 20 0 2.5
158 3 0 3.0
113 75 0 2.75
249 24 0 3.5
304 12 0 2.25
1 25 0 2.25
292 11 0 2.25
108 13 0 4.0
61 9 0 2.75
312 10 0 3.0
66 19 0 3.25
283 9 0 2.0
324 46 0 1.75
245 17 0 2.5
158 12 0 3.5
355 8 0 2.5
93 20 0 3.75
186 30 0 1.75
15 69 0 2.0
117 15 0 2.25
341 31 0 1.5
253 22 0 2.75
332 24 0 4.0
335 4 0 2.0
69 9 0 3.75
193 16 0 3.5
273 16 0 3.5
25 4 0 3.0
150 23 0 4.0
266 9 0 2.25
215 15 0 4.0
264 17 0 2.0
107 53 0 2.75
9 23 0 2.0
210 22 0 2.0
85 20 0 3.75
210 24 0 3.75
44 21 0 1.5
53 28 0 2.0
249 -25 0 3.75
327 6 0 1.75
175 19 0 1.5
21 18 0 1.5
324 30 0 1.5
272 23 0 4.0
137 5 0 1.5
44 5 0 3.0
124 15 0 2.75
252 28 0 3.75
132 10 0 1.5
123 5 0 2.25
29 26 0 2.5
128 6 0 4.0
35 41 0 3.75
356 17 0 3.0
35 9 0 2.0
146 4 0 3.75
267 -14 0 3.0
278 8 0 2.25
153 11 0 4.0
346 18 0 4.0
21 13 0 4.0
117 14 0 2.25
308 1 0 2.75
356 3 0 2.5
261 24 0 2.75
216 12 0 2.75
27 19 0 1.75
30 27 0 2.75
345 -15 0 2.5
145 14 0 4.0
183 21 0 3.75
20 30 0 4.0
122 5 0 4.0
313 -47 0 1.5
274 -15 0 3.75
230 29 0 3.0
152 0 0 2.75
254 -15 0 2.25
302 5 0 3.75
190 22 0 1.5
6 12 0 3.25
265 4 0 2.75
141 8 0 2.25
287 11 0 2.75
8 21 0 3.0
142 27 0 3.0
329 10 0 3.5
93 14 0 2.5
38 25 0 3.25
94 1 0 3.5
31 5 0 2.5
161 8 0 3.0
63 27 0 3.25
268 21 0 2.25
23 53 0 1.5
0 2 0 1.5
51 14 0 3.5
162 13 0 2.75
57 22 0 2.5
326 15 0 3.5
111 27 0 2.5
142 6 0 4.0
52 17 0 2.0
38 17 0 2.0
329 16 0 1.5
336 21 0 2.75
205 11 0 3.75
349 3 0 1.75
106 19 0 4.0
172 22 0 4.0
358 3 0 3.0
216 30 0 1.75
214 28 0 3.25
190 29 0 1.75
207 16 0 2.25
211 9 0 2.0
359 10 0 3.0
182 -19 0 3.5
349 26 0 1.75
231 25 0 2.25
335 18 0 2.75
194 27 0 3.25
55 13 0 3.5
318 15 0 2.5
142 29 0 3.75
281 8 0 3.75
78 13 0 3.25
179 11 0 1.5
72 0 0 3.5
151 4 0 4.0
354 16 0 2.5
138 5 0 3.0
352 5 0 2.25
217 -10 0 3.5
26 5 0 4.0
208 -15 0 1.75
80 6 0 2.75
301 26 0 2.75
302 11 0 1.5
300 13 0 3.0
237 19 0 2.75
56 23 0 2.75
139 -9 0 4.0
327 19 0 2.75
271 29 0 2.5
229 10 0 1.5
68 28 0 3.25
301 17 0 3.5
330 19 0 2.0
230 -23 0 2.75
247 26 0 2.0
144 23 0 1.5
173 12 0 3.25
140 32 0 1.5
312 26 0 3.75
107 23 0 1.75
87 12 0 1.75
27 21 0 3.75
254 11 0 4.0
55 -25 0 3.5
208 5 0 4.0
42 23 0 2.5
109 28 0 2.75
227 6 0 4.0
337 68 0 1.75
219 18 0 3.25
151 -9 0 1.5
146 27 0 1.75
204 35 0 1.75
304 19 0 3.0
63 25 0 2.75
291 -27 0 2.75
115 7 0 1.5
290 27 0 3.75
185 28 0 3.0
52 27 0 2.25
32 26 0 3.5
142 24 0 2.0
209 20 0 3.5
76 13 0 2.0
14 7 0 1.5
284 -22 0 2.25
40 -21 0 2.75
306 1 0 2.0
129 4 0 3.25
144 25 0 3.5
118 23 0 3.25
173 21 0 3.0
325 52 0 3.5
342 16 0 3.75
72 16 0 2.25
336 8 0 3.5
243 2 0 1.5
262 64 0 2.5
72 16 0 1.75
115 8 0 2.75
352 -8 0 2.0
352 15 0 1.75
223 27 0 3.5
133 25 0 2.75
317 11 0 4.0
37 21 0 3.5
86 29 0 2.5
106 8 0 1.75
230 28 0 3.75
131 5 0 2.0
123 23 0 2.75
150 19 0 2.75
25 21 0 3.25
47 2 0 3.25
44 16 0 3.0
199 21 0 2.0
52 20 0 3.25
266 -16 0 1.75
128 11 0 2.75
350 16 0 2.75
343 1 0 3.5
78 13 0 3.75
232 11 0 2.0
274 17 0 2.0
189 29 0 4.0
330 15 0 1.5
193 -12 0 3.5
319 6 0 2.0
65 -11 0 3.75
229 7 0 4.0
26 77 0 2.25
329 25 0 1.75
169 -33 0 3.5
236 26 0 3.25
15 27 0 1.5
109 14 0 4.0
335 19 0 3.5
215 18 0 2.0
327 14 0 1.5
12 -12 0 2.5
247 5 0 2.25
218 7 0 3.75
32 16 0 2.75
128 4 0 2.0
353 29 0 1.75
188 17 0 3.0
336 63 0 4.0
201 12 0 4.0
345 16 0 3.5
15 7 0 1.5
122 26 0 1.5
222 0 0 1.75
320 -12 0 2.0
63 18 0 2.25
78 8 0 2.5
219 12 0 3.5
92 22 0 3.75
98 -22 0 3.25
127 29 0 2.5
221 4 0 3.25
217 12 0 3.25
281 14 0 1.75
44 26 0 3.0
26 18 0 2.75
211 -8 0 1.75
285 -3 0 2.5
347 -26 0 2.25
347 52 0 1.75
221 28 0 1.5
324 23 0 2.25
282 23 0 2.25
225 30 0 1.5
295 44 0 2.0
153 8 0 3.5
287 2 0 2.75
184 7 0 1.75
248 25 0 2.25
311 5 0 3.0
0 19 0 4.0
49 29 0 2.0
176 5 0 2.5
311 22 0 2.75
86 18 0 3.75
351 -9 0 2.75
274 1 0 3.0
26 14 0 2.75
348 18 0 3.25
168 21 0 3.25
68 30 0 2.0
245 28 0 3.75
316 12 0 2.75
180 15 0 1.5
337 2 0 3.75
151 3 0 3.5
207 1 0 3.75
91 28 0 1.75
251 14 0 3.25
76 5 0 3.5
227 57 0 3.75
223 5 0 3.5
267 10 0 3.25
116 -8 0 2.25
358 11 0 3.75
243 4 0 2.5
240 56 0 2.5
142 29 0 3.5
73 19 0 2.5
147 57 0 4.0
211 4 0 3.75
218 14 0 3.0
299 25 0 1.75
354 76 0 3.25
322 67 0 1.5
235 10 0 3.5
163 39 0 3.75
242 8 0 2.75
15 51 0 2.25
64 23 0 3.25
331 20 0 2.0
194 24 0 2.25
353 7 0 3.75
174 27 0 2.25
210 17 0 2.0
9 11 0 3.75
195 4 0 3.0
139 10 0 2.25
87 -2 0 1.5
97 2 0 2.5
122 7 0 2.75
183 34 0 2.75
88 10 0 2.25
347 16 0 3.25
144 2 0 1.75
84 25 0 3.75
320 14 0 3.75
45 10 0 3.25
136 29 0 4.0
1 3 0 2.25
31 17 0 2.0
62 28 0 2.5
264 14 0 3.0
282 13 0 1.75
273 21 0 2.0
318 -20 0 1.5
257 9 0 2.0
290 44 0 3.5
295 -15 0 3.5
27 15 0 1.75
147 10 0 3.5
335 16 0 1.5
58 25 0 2.5
296 -24 0 1.75
174 11 0 2.75
214 30 0 2.25
78 14 0 1.5
142 10 0 3.5
239 0 0 1.75
66 22 0 1.75
133 25 0 4.0
327 15 0 3.25
119 0 0 3.75
322 -47 0 3.75
44 10 0 4.0
154 -25 0 3.25
254 21 0 1.75
187 18 0 3.75
307 19 0 2.0
25 72 0 1.5
35 18 0 3.5
24 3 0 3.75
141 8 0 2.75
192 14 0 3.0
127 3 0 2.5
146 21 0 2.25
207 13 0 2.5
289 42 0 2.5
166 20 0 2.0
37 2 0 2.25
127 6 0 3.25
146 16 0 2.5
253 15 0 1.5
331 1 0 3.25
56 -11 0 3.0
33 5 0 1.75
68 29 0 2.0
233 20 0 2.0
253 5 0 2.75
63 12 0 3.25
304 25 0 1.5
107 21 0 3.25
174 12 0 3.25
201 15 0 2.75
206 11 0 1.5
58 15 0 3.0
226 21 0 3.75
97 16 0 2.75
146 7 0 3.75
84 14 0 2.25
80 15 0 2.25
128 18 0 2.5
291 22 0 3.5
216 20 0 2.25
214 8 0 1.5
315 -49 0 1.75
184 29 0 3.75
283 6 0 2.0
41 4 0 2.25
67 30 0 4.0
304 2 0 1.5
235 26 0 2.75
147 30 0 2.25
91 25 0 2.75
69 26 0 3.25
58 12 0 3.0
152 20 0 2.5
94 22 0 2.25
62 5 0 2.0
201 -1 0 3.25
112 11 0 1.75
158 30 0 2.25
229 7 0 1.5
44 -12 0 3.0
173 16 0 3.5
17 6 0 3.0
280 11 0 3.75
270 25 0 2.25
225 0 0 3.75
311 23 0 2.5
162 30 0 1.75
354 13 0 2.75
35 -34 0 2.0
293 28 0 3.75
223 8 0 2.5
173 23 0 2.25
133 2 0 2.5
33 20 0 3.75
143 9 0 2.75
235 2 0 3.5
259 10 0 3.25
234 8 0 3.25
256 5 0 3.0
54 2 0 2.5
259 4 0 3.5
282 29 0 2.25
66 10 0 1.5
89 9 0 2.25
167 2 0 2.5
358 9 0 2.25
304 6 0 2.0
119 27 0 2.25
29 34 0 3.75
18 41 0 1.75
262 1 0 3.5
56 22 0 2.75
204 6 0 3.25
316 14 0 1.75
56 -18 0 1.5
339 24 0 2.0
119 8 0 2.5
176 39 0 1.75
300 28 0 1.75
296 11 0 1.5
3 5 0 2.0
1 28 0 1.75
251 6 0 2.0
237 2 0 3.5
206 10 0 3.0
37 6 0 2.25
48 23 0 1.5
69 25 0 3.25
243 5 0 2.5
330 3 0 3.0
16 -10 0 1.5
84 19 0 1.75
243 9 0 3.0
76 2 0 3.0
204 2 0 3.25
274 23 0 2.75
192 22 0 2.75
31 7 0 2.5
300 20 0 3.25
111 12 0 3.25
268 24 0 2.25
335 2 0 3.75
180 19 0 2.5
11 4 0 4.0
298 -10 0 2.25
245 19 0 2.5
200 10 0 4.0
272 1 0 1.5
343 17 0 2.5
332 9 0 3.25
78 12 0 1.75
167 -2 0 1.5
49 16 0 3.5
45 0 0 3.25
174 10 0 1.5
56 3 0 2.5
53 16 0 2.25
164 3 0 3.0
100 12 0 2.5
169 8 0 3.5
180 16 0 3.5
112 2 0 2.0
88 -9 0 2.5
36 0 0 4.0
248 52 0 1.5
238 25 0 3.25
228 26 0 1.75
276 13 0 3.75
216 20 0 2.5
116 4 0 2.0
15 1 0 1.75
353 -5 0 3.0
89 8 0 2.25
234 -14 0 2.0
67 12 0 3.5
233 10 0 3.0
7 18 0 3.75
335 -10 0 4.0
155 30 0 2.0
195 5 0 2.5
195 18 0 2.0
331 22 0 3.0
27 19 0 4.0
355 10 0 1.5
5 19 0 3.75
61 47 0 2.75
31 4 0 1.5
279 -6 0 3.5
270 2 0 3.5
97 1 0 2.0
199 24 0 1.5
66 1 0 2.25
107 -2 0 2.0
258 23 0 1.5
255 29 0 3.5
115 1 0 1.75
246 -28 0 2.5
152 26 0 2.25
60 12 0 3.5
139 26 0 4.0
281 13 0 3.5
343 3 0 2.75
243 11 0 1.75
83 19 0 3.5
311 10 0 3.75
120 2 0 1.5
118 4 0 3.75
6 31 0 3.25
218 26 0 2.5
57 8 0 1.75
47 28 0 1.5
224 27 0 3.25
311 9 0 2.0
203 28 0 3.0
39 -37 0 1.75
322 8 0 2.25
260 5 0 4.0
133 11 0 3.5
174 -16 0 4.0
144 3 0 3.5
127 7 0 4.0
215 21 0 3.75
188 20 0 3.75
67 -25 0 4.0
174 17 0 3.0
72 -15 0 2.5
348 9 0 4.0
210 -1 0 2.0
192 -16 0 4.0
148 9 0 2.25
352 -18 0 3.0
253 9 0 3.0
249 18 0 4.0
8 11 0 2.5
143 27 0 3.25
8 6 0 4.0
5 12 0 3.75
66 30 0 1.75
68 21 0 1.75
102 17 0 3.75
14 9 0 3.75
86 29 0 3.25
12 20 0 2.75
202 30 0 2.0
203 16 0 3.75
32 7 0 1.75
222 15 0 2.0
237 78 0 3.0
352 26 0 3.0
315 22 0 2.5
254 8 0 4.0
63 -13 0 3.0
316 5 0 4.0
278 26 0 1.75
219 2 0 3.75
78 26 0 1.75
339 1 0 2.0
119 21 0 1.75
321 26 0 2.25
10 -25 0 2.25
309 14 0 2.75
293 61 0 2.0
204 34 0 4.0
36 23 0 2.0
285 -26 0 3.25
281 9 0 1.5
43 11 0 2.5
348 -46 0 3.75
197 -18 0 2.5
80 15 0 4.0
201 13 0 2.75
287 9 0 3.25
96 30 0 1.75
316 22 0 3.25
28 18 0 1.75
305 -1 0 2.75
86 21 0 3.0
148 21 0 1.75
128 27 0 2.0
248 16 0 1.5
39 24 0 1.5
154 15 0 1.75
127 26 0 3.25
349 16 0 4.0
70 14 0 3.5
313 14 0 3.25
269 3 0 1.75
152 26 0 3.0
343 12 0 2.0
84 10 0 2.0
102 25 0 3.0
325 10 0 1.5
132 12 0 1.5
54 16 0 4.0
32 24 0 3.0
281 32 0 3.0
107 15 0 3.5
290 17 0 2.5
353 1 0 4.0
275 21 0 3.5
312 0 0 3.75
61 30 0 2.25
62 15 0 3.75
196 2 0 2.0
205 4 0 3.25
49 0 0 4.0
198 26 0 1.5
324 71 0 3.75
221 5 0 3.0
313 13 0 3.5
132 1 0 3.5
219 4 0 4.0
215 13 0 3.25
4 12 0 2.75
216 -19 0 2.5
58 18 0 2.0
106 -26 0 2.25
2 7 0 3.5
196 24 0 3.0
98 7 0 3.25
33 45 0 3.25
30 30 0 2.5
306 17 0 1.5
187 7 0 2.0
227 9 0 2.5
132 12 0 3.5
205 14 0 1.75
343 27 0 2.0
294 26 0 2.25
172 6 0 2.25
271 7 0 3.75
51 15 0 1.75
142 4 0 1.5
4 1 0 1.5
324 10 0 2.75
102 20 0 4.0
144 26 0 2.0
282 4 0 2.0
237 3 0 3.5
165 -23 0 1.5
56 1 0 2.25
284 1 0 3.25
205 -19 0 1.75
58 17 0 1.75
0 13 0 4.0
197 10 0 2.0
135 24 0 1.5
3 29 0 3.25
82 24 0 2.0
79 22 0 2.5
321 16 0 4.0
358 48 0 2.0
249 27 0 2.75
184 -22 0 3.75
155 13 0 2.75
45 8 0 3.25
57 21 0 3.75
238 7 0 1.75
325 8 0 2.0
307 21 0 2.5
26 30 0 1.75
209 23 0 4.0
194 4 0 2.5
338 45 0 4.0
277 60 0 2.25
148 26 0 3.5
263 -9 0 1.5
144 48 0 3.5
87 7 0 3.25
335 16 0 3.25
255 17 0 3.0
258 22 0 2.5
211 22 0 3.75
117 -22 0 3.0
286 58 0 3.25
293 14 0 2.5
134 7 0 2.0
332 7 0 4.0
124 17 0 2.75
107 29 0 3.0
274 23 0 4.0
100 -12 0 2.25
225 20 0 3.0
40 12 0 4.0
206 24 0 3.25
273 -8 0 2.5
237 6 0 3.75
98 18 0 1.75
79 27 0 2.25
199 26 0 2.5
92 22 0 2.5
163 19 0 4.0
233 -15 0 3.75
220 18 0 2.5
175 0 0 3.25
76 29 0 2.5
44 9 0 2.25
155 28 0 4.0
215 19 0 3.5
78 2 0 2.0
200 30 0 2.0
176 -11 0 2.5
187 32 0 4.0
191 -20 0 3.5
274 8 0 1.75
147 1 0 2.75
66 25 0 3.0
19 2 0 2.75
227 6 0 2.0
121 11 0 2.75
180 13 0 2.0
296 7 0 2.0
57 30 0 2.75
108 17 0 1.5
101 -25 0 2.0
324 15 0 2.25
288 16 0 2.5
321 7 0 3.25
331 11 0 2.5
122 23 0 2.0
3 4 0 2.5
181 15 0 2.25
224 18 0 2.75
177 -13 0 2.75
181 -4 0 4.0
329 23 0 1.75
23 24 0 4.0
85 12 0 2.25
35 16 0 2.75
323 8 0 2.5
250 -29 0 3.0
276 -19 0 1.75
122 10 0 4.0
62 7 0 3.25
240 5 0 4.0
203 2 0 3.25
91 1 0 2.75
12 8 0 2.75
172 6 0 3.75
128 2 0 3.75
68 26 0 2.5
181 1 0 3.0
79 1 0 3.0
316 -5 0 3.0
84 23 0 2.5
208 5 0 2.5
332 29 0 1.5
234 -19 0 1.75
86 20 0 1.75
192 24 0 2.0
136 27 0 2.0
311 21 0 1.75
165 29 0 3.5
239 17 0 3.25
50 14 0 2.25
177 5 0 3.25
56 12 0 2.0
81 3 0 2.25
32 -23 0 2.25
316 2 0 1.5
308 28 0 3.0
106 19 0 3.75
301 20 0 1.75
140 21 0 3.25
220 15 0 2.25
176 30 0 2.25
166 9 0 3.25
73 30 0 3.0
70 1 0 1.75
233 5 0 3.75
131 1 0 3.5
315 27 0 2.75
275 9 0 3.75
147 20 0 2.75
216 19 0 2.0
313 16 0 3.25
242 16 0 3.25
200 16 0 3.0
132 1 0 2.25
17 9 0 3.75
328 28 0 3.0
64 11 0 3.0
127 0 0 3.25
237 16 0 2.5
246 0 0 2.75
348 3 0 4.0
344 -3 0 3.75
332 19 0 2.75
267 10 0 2.75
77 21 0 2.0
335 21 0 3.5
104 -16 0 2.5
262 15 0 2.0
331 4 0 3.25
314 7 0 4.0
263 7 0 2.75
250 9 0 3.75
339 24 0 4.0
40 6 0 1.75
287 19 0 1.75
40 12 0 3.25
92 15 0 3.0
142 11 0 3.75
15 20 0 2.25
266 23 0 3.0
227 25 0 1.75
51 20 0 2.25
284 14 0 2.25
231 -37 0 3.25
165 -1 0 3.5
36 11 0 4.0
291 37 0 2.25
184 8 0 3.0
255 10 0 2.25
79 14 0 1.5
22 0 0 2.25
153 3 0 2.0
28 29 0 3.5
245 6 0 2.5
170 23 0 3.0
251 34 0 1.75
135 6 0 1.5
274 2 0 1.75
189 25 0 3.25
231 9 0 3.75
86 27 0 2.0
347 26 0 3.0
92 17 0 2.5
20 21 0 3.5
166 25 0 1.5
76 20 0 2.75
93 -15 0 3.0
150 28 0 2.0
235 16 0 3.75
75 15 0 2.25
174 6 0 2.0
128 -3 0 4.0
120 10 0 2.75
56 13 0 3.25
264 9 0 1.75
326 2 0 2.0
265 1 0 2.75
27 7 0 2.25
192 30 0 3.5
344 0 0 2.5
127 24 0 1.75
90 17 0 2.0
200 -19 0 2.25
271 14 0 3.25
260 -18 0 2.0
82 27 0 3.5
108 -14 0 4.0
74 11 0 2.25
7 5 0 3.75
225 79 0 1.5
125 27 0 2.0
145 11 0 3.0
269 14 0 3.75
260 18 0 2.75
54 24 0 2.0
347 3 0 2.25
75 17 0 3.75
150 -21 0 2.25
121 3 0 1.5
40 3 0 3.25
259 20 0 2.5
100 13 0 2.75
349 23 0 3.5
227 3 0 4.0
41 26 0 3.25
229 -24 0 2.0
238 8 0 3.75
63 23 0 1.75
121 23 0 3.0
14 24 0 1.75
133 13 0 2.25
289 1 0 2.75
283 28 0 2.25
43 14 0 3.25
238 22 0 1.5
220 17 0 1.5
205 4 0 3.0
85 26 0 2.5
355 24 0 3.25
11 -28 0 3.5
211 12 0 1.5
203 10 0 3.0
183 30 0 4.0
345 29 0 1.5
188 -29 0 1.5
280 28 0 2.25
295 8 0 2.0
233 7 0 3.25
102 -19 0 1.5
147 26 0 2.25
352 21 0 4.0
289 23 0 3.0
12 29 0 2.75
35 36 0 3.5
124 1 0 1.5
173 4 0 2.25
168 -28 0 2.5
82 22 0 3.5
111 11 0 2.0
290 7 0 2.75
138 6 0 3.0
149 29 0 2.0
90 17 0 4.0
15 22 0 2.25
60 24 0 3.75
155 13 0 3.25
75 22 0 3.25
307 13 0 3.0
223 0 0 2.25
152 25 0 2.25
51 22 0 3.0
54 25 0 1.75
257 27 0 2.5
174 22 0 3.75
304 32 0 2.0
349 -2 0 3.5
30 6 0 2.75
351 14 0 2.75
20 0 0 2.75
300 53 0 4.0
338 12 0 2.25
47 11 0 4.0
111 7 0 1.5
11 45 0 2.0
212 12 0 4.0
25 1 0 3.5
251 29 0 3.5
83 5 0 2.0
309 19 0 2.5
26 23 0 1.5
130 11 0 1.5
55 21 0 2.75
67 30 0 2.75
339 13 0 2.75
348 30 0 2.75
192 24 0 2.5
116 23 0 3.0
73 24 0 3.75
22 25 0 2.75
331 3 0 3.75
178 6 0 3.25
38 16 0 3.5
185 14 0 2.0
4 -15 0 3.5
273 1 0 2.25
274 30 0 1.5
194 18 0 3.25
272 26 0 4.0
17 12 0 2.75
56 9 0 4.0
106 68 0 1.75
275 25 0 3.75
190 -27 0 3.5
33 11 0 1.75
99 0 0 3.5
228 7 0 2.75
87 14 0 2.5
2 29 0 3.75
168 11 0 3.75
114 20 0 4.0
159 25 0 1.5
290 20 0 2.0
141 21 0 3.0
251 28 0 2.5
350 -20 0 2.5
72 8 0 2.25
107 13 0 2.25
32 12 0 4.0
32 10 0 3.0
204 11 0 3.0
39 18 0 1.5
82 24 0 2.5
52 20 0 1.75
243 21 0 1.5
192 13 0 2.75
127 15 0 3.25
116 3 0 4.0
281 30 0 3.5
95 8 0 1.75
77 14 0 1.75
109 25 0 2.0
299 6 0 2.0
11 27 0 3.5
222 22 0 1.75
62 25 0 3.5
79 5 0 1.75
59 19 0 3.5
32 11 0 3.0
135 11 0 2.0
213 -13 0 3.25
25 9 0 3.0
201 19 0 2.0
102 6 0 4.0
339 -2 0 2.5
41 17 0 2.0
147 -30 0 3.5
196 15 0 4.0
174 0 0 2.75
215 16 0 3.5
343 4 0 2.0
147 19 0 2.0
233 9 0 2.25
233 25 0 3.25
354 0 0 1.5
53 29 0 3.0
202 23 0 1.75
328 9 0 2.0
207 17 0 3.25
214 22 0 4.0
339 24 0 3.5
90 14 0 2.75
310 -19 0 4.0
12 28 0 1.5
347 -14 0 4.0
80 16 0 2.5
119 14 0 1.75
205 13 0 1.75
211 12 0 3.25
357 25 0 3.5
219 24 0 1.75
164 -28 0 2.0
304 9 0 3.25
321 -19 0 1.75
30 17 0 1.75
146 -11 0 2.75
359 0 0 1.75
67 24 0 3.25
115 6 0 2.25
288 56 0 1.75
357 14 0 3.75
66 3 0 2.25
181 11 0 2.0
244 17 0 3.25
218 22 0 3.75
290 12 0 3.5
113 14 0 3.5
7 1 0 3.5
8 0 0 3.0
202 30 0 3.75
55 21 0 4.0
261 23 0 2.0
174 7 0 2.75
46 22 0 1.75
344 4 0 4.0
276 28 0 1.75
356 0 0 4.0
226 1 0 1.5
186 -14 0 3.0
75 1 0 2.25
71 16 0 2.0
337 23 0 2.75
96 19 0 3.75
182 24 0 2.75
138 -11 0 2.0
229 19 0 3.0
193 29 0 3.0
227 28 0 4.0
273 10 0 1.5
217 -9 0 3.25
22 24 0 4.0
216 73 0 3.0
58 9 0 3.0
21 7 0 3.5
326 25 0 3.0
177 -17 0 2.25
65 9 0 2.0
326 2 0 3.75
74 0 0 3.75
126 63 0 2.25
278 9 0 2.25
97 26 0 2.0
230 8 0 3.0
19 -10 0 2.75
203 13 0 2.5
306 5 0 2.25
115 24 0 3.25
90 2 0 2.25
356 28 0 3.25
264 7 0 3.75
141 5 0 3.0
319 22 0 1.75
257 13 0 3.0
125 0 0 1.5
71 10 0 1.75
167 26 0 2.5
235 29 0 3.0
328 16 0 3.25
41 24 0 1.75
297 22 0 3.75
290 22 0 3.25
259 2 0 3.0
197 22 0 4.0
124 0 0 2.75
135 12 0 2.5
88 1 0 2.5
275 -44 0 2.25
353 13 0 1.75
307 52 0 3.25
104 -26 0 4.0
44 18 0 3.0
76 17 0 2.5
37 22 0 3.75
121 8 0 4.0
94 0 0 3.5
297 -27 0 1.5
331 21 0 2.75
57 6 0 3.0
286 6 0 2.25
288 8 0 2.0
176 9 0 2.25
138 13 0 1.75
307 26 0 2.5
25 -19 0 2.25
257 29 0 2.75
123 10 0 1.75
359 4 0 2.75
99 4 0 1.5
105 36 0 1.75
304 7 0 2.75
257 26 0 3.5
36 -7 0 2.0
289 16 0 2.0
31 19 0 1.75
77 15 0 3.5
279 1 0 1.5
194 6 0 3.25
75 14 0 2.0
196 30 0 2.0
287 5 0 2.75
247 30 0 2.5
135 22 0 2.75
197 10 0 4.0
28 27 0 3.75
231 17 0 4.0
122 25 0 3.5
4 13 0 2.0
32 14 0 3.0
226 4 0 2.5
349 11 0 3.25
144 25 0 2.0
26 7 0 3.75
143 14 0 3.5
328 30 0 2.0
184 27 0 2.0
126 68 0 4.0
228 1 0 4.0
262 14 0 3.5
238 6 0 4.0
63 58 0 2.75
103 20 0 3.0
126 4 0 4.0
177 26 0 4.0
279 23 0 4.0
257 14 0 4.0
119 17 0 1.75
244 24 0 1.5
354 23 0 2.75
84 2 0 4.0
159 30 0 2.5
44 47 0 2.0
311 7 0 3.25
327 9 0 3.5
342 9 0 3.5
230 9 0 2.5
114 18 0 2.0
256 22 0 4.0
80 1 0 2.75
198 29 0 3.5
152 16 0 4.0
356 14 0 3.75
283 17 0 4.0
161 7 0 3.75
186 22 0 1.5
92 30 0 3.75
43 10 0 2.0
176 19 0 1.75
273 28 0 1.5
86 16 0 3.75
269 16 0 2.5
296 6 0 3.25
348 30 0 3.5
332 29 0 2.5
242 19 0 3.0
287 3 0 2.25
32 12 0 2.75
86 8 0 1.5
46 22 0 2.25
95 2 0 2.75
251 -37 0 1.5
223 5 0 1.5
279 29 0 2.0
124 1 0 3.0
182 17 0 3.25
357 11 0 3.25
329 24 0 3.5
148 -3 0 3.5
118 0 0 2.5
326 21 0 2.5
309 -29 0 3.5
349 14 0 2.75
247 7 0 3.75
162 6 0 2.5
20 -33 0 2.75
316 7 0 2.0
336 25 0 2.75
311 13 0 1.5
6 16 0 2.25
196 59 0 2.25
18 29 0 2.25
128 17 0 2.25
35 3 0 1.5
111 19 0 1.5
269 19 0 2.5
255 53 0 3.25
286 -11 0 2.5
272 -8 0 2.25
50 24 0 3.5
146 23 0 2.5
353 27 0 2.25
254 31 0 2.25
97 12 0 4.0
182 -34 0 3.0
102 7 0 3.25
318 -39 0 3.0
301 28 0 3.75
168 20 0 3.0
355 15 0 2.5
298 28 0 4.0
344 6 0 3.75
233 57 0 1.5
256 11 0 2.75
234 -35 0 3.0
298 20 0 2.0
276 16 0 2.0
353 4 0 4.0
65 30 0 1.75
172 22 0 1.75
278 17 0 1.75
272 17 0 3.25
272 -2 0 2.0
231 2 0 1.5
297 -29 0 2.0
190 27 0 3.75
121 2 0 2.25
123 12 0 2.0
72 20 0 2.0
246 26 0 3.75
186 2 0 2.25
18 13 0 1.75
184 4 0 2.75
81 12 0 2.0
158 12 0 2.75
112 26 0 1.75
2 11 0 3.0
277 30 0 3.0
210 7 0 3.75
203 16 0 3.25
256 27 0 3.5
87 20 0 4.0
5 22 0 3.25
66 4 0 3.75
84 15 0 2.75
300 8 0 4.0
54 5 0 1.75
267 39 0 1.5
99 30 0 3.25
159 21 0 1.75
216 21 0 3.25
21 7 0 2.25
195 2 0 3.0
105 37 0 2.0
105 5 0 3.5
319 29 0 2.5
193 18 0 3.0
155 22 0 2.0
7 6 0 2.0
21 17 0 1.5
229 12 0 1.5
61 3 0 4.0
305 29 0 2.25
331 0 0 4.0
239 14 0 1.5
17 -20 0 4.0
240 54 0 2.75
185 10 0 1.75
318 16 0 3.75
241 -28 0 2.75
249 6 0 4.0
234 57 0 2.25
206 8 0 3.0
246 -16 0 2.0
149 73 0 3.0
245 29 0 3.0
320 29 0 1.75
316 -50 0 3.0
39 12 0 4.0
234 52 0 3.75
251 30 0 3.75
53 28 0 2.75
304 15 0 3.5
234 13 0 3.25
97 9 0 1.5
212 7 0 1.5
208 20 0 2.5
209 9 0 2.25
195 29 0 3.25
235 9 0 4.0
21 28 0 3.0
37 11 0 1.5
227 9 0 2.75
239 7 0 3.25
217 5 0 3.5
140 6 0 2.0
109 21 0 3.0
69 15 0 3.5
58 25 0 2.75
17 20 0 2.25
77 11 0 1.5
172 28 0 2.5
292 58 0 2.75
125 11 0 3.25
359 27 0 1.75
224 18 0 3.75
265 19 0 4.0
158 11 0 3.25
269 28 0 3.75
146 14 0 3.5
173 27 0 2.25
4 28 0 2.25
183 0 0 3.25
190 15 0 3.25
149 6 0 4.0
260 27 0 1.75
276 28 0 4.0
171 7 0 4.0
287 -24 0 3.0
256 64 0 2.25
342 21 0 2.25
112 1 0 1.5
54 3 0 1.75
113 15 0 1.5
125 2 0 1.5
300 24 0 3.5
132 13 0 2.5
321 8 0 3.5
229 13 0 3.0
190 26 0 2.25
203 -47 0 2.0
273 27 0 3.75
113 6 0 2.75
190 25 0 3.25
310 16 0 2.0
274 14 0 2.25
227 17 0 1.5
203 39 0 1.75
304 20 0 2.5
19 5 0 3.0
139 0 0 2.25
326 28 0 4.0
180 10 0 2.75
37 30 0 1.75
105 -7 0 4.0
327 4 0 1.5
132 28 0 1.75
85 7 0 2.0
355 25 0 1.75
213 5 0 4.0
159 4 0 4.0
330 5 0 2.25
66 13 0 1.5
176 19 0 3.75
61 14 0 2.75
353 22 0 2.75
344 19 0 3.5
29 17 0 4.0
341 26 0 3.5
111 21 0 2.25
306 4 0 2.0
20 30 0 3.0
285 -12 0 3.5
123 14 0 2.0
7 26 0 2.75
66 30 0 4.0
164 20 0 3.0
288 11 0 3.0
244 -4 0 2.5
158 21 0 3.5
96 9 0 1.5
132 22 0 1.75
214 7 0 3.25
287 8 0 4.0
44 27 0 2.25
313 23 0 3.75
264 28 0 3.5
96 4 0 2.5
259 -26 0 2.0
149 1 0 2.5
180 9 0 3.0
331 23 0 3.75
270 17 0 2.5
332 14 0 3.25
155 11 0 3.5
61 2 0 1.5
81 10 0 2.5
157 17 0 2.75
209 2 0 1.75
286 26 0 2.5
187 5 0 3.0
80 -27 0 1.5
278 33 0 1.75
278 27 0 2.75
56 28 0 4.0
170 14 0 3.75
216 19 0 3.25
242 -20 0 3.5
248 1 0 3.75
185 17 0 2.0
41 3 0 2.5
123 0 0 3.25
226 -11 0 4.0
316 26 0 2.25
245 11 0 3.0
317 8 0 4.0
181 24 0 2.25
28 58 0 3.0
208 26 0 2.25
24 3 0 3.5
139 18 0 2.75
344 17 0 2.0
35 28 0 2.25
112 23 0 2.25
250 39 0 4.0
273 10 0 1.75
224 22 0 2.25
84 -15 0 2.75
247 19 0 3.5
199 2 0 3.25
294 8 0 4.0
270 28 0 2.25
268 0 0 2.5
42 19 0 2.0
278 16 0 1.5
310 5 0 2.75
315 -15 0 4.0
221 0 0 3.75
187 23 0 1.75
37 27 0 2.0
310 22 0 1.5
349 28 0 3.75
221 5 0 4.0
142 28 0 2.75
33 18 0 3.75
19 24 0 3.0
51 10 0 2.5
100 25 0 4.0
44 28 0 1.75
305 27 0 4.0
298 52 0 2.25
345 48 0 2.5
155 9 0 4.0
100 15 0 1.75
99 25 0 3.5
124 14 0 1.5
34 17 0 2.25
321 28 0 3.5
182 30 0 3.5
286 11 0 3.75
287 -1 0 1.5
103 8 0 2.5
244 29 0 2.5
243 16 0 1.5
210 17 0 4.0
197 11 0 2.5
33 0 0 2.5
299 24 0 1.5
270 -23 0 3.25
43 62 0 3.5
5 8 0 3.25
338 -7 0 2.25
238 20 0 4.0
193 10 0 2.0
143 9 0 1.75
209 26 0 2.75
262 32 0 3.0
73 -6 0 4.0
49 10 0 4.0
67 8 0 3.0
199 11 0 3.25
246 8 0 3.75
196 10 0 3.5
163 28 0 3.5
188 15 0 2.5
114 6 0 3.75
201 23 0 2.5
192 20 0 2.5
44 7 0 2.25
335 17 0 3.25
85 22 0 3.5
136 -13 0 3.5
182 18 0 1.75
345 7 0 2.0
26 -29 0 3.75
283 0 0 2.25
122 5 0 3.5
102 2 0 4.0
210 11 0 3.5
156 -40 0 2.75
245 12 0 2.0
209 8 0 3.75
214 25 0 3.0
285 7 0 2.25
244 11 0 2.75
98 0 0 3.75
208 73 0 2.5
16 -26 0 3.0
51 45 0 3.25
54 1 0 1.75
149 28 0 2.5
354 2 0 1.75
243 41 0 2.75
264 1 0 2.25
81 53 0 2.75
249 -11 0 1.5
227 -14 0 3.5
325 0 0 2.75
131 27 0 2.5
191 13 0 3.0
317 47 0 4.0
45 10 0 2.5
134 25 0 1.75
320 29 0 3.75
154 16 0 2.5
310 4 0 3.0
17 25 0 2.25
190 20 0 2.5
278 26 0 3.0
37 18 0 2.5
344 15 0 2.25
175 30 0 2.0
144 27 0 1.75
252 2 0 2.5
4 -10 0 3.25
68 14 0 1.5
235 4 0 2.75
207 14 0 4.0
163 11 0 2.25
289 8 0 3.25
175 -29 0 2.25
55 7 0 1.5
310 15 0 3.5
105 10 0 1.5
69 15 0 2.75
158 30 0 3.5
136 22 0 1.75
320 8 0 2.75
286 18 0 3.75
175 3 0 3.25
83 7 0 2.25
307 16 0 2.5
5 26 0 2.75
7 1 0 1.5
186 17 0 2.75
167 6 0 3.75
63 21 0 3.75
298 -14 0 2.25
357 8 0 1.5
13 30 0 4.0
144 46 0 4.0
300 17 0 2.0
319 -43 0 1.75
222 5 0 3.5
355 28 0 1.75
298 29 0 3.5
219 21 0 3.25
303 3 0 2.75
133 9 0 1.75
159 19 0 2.25
253 48 0 4.0
16 9 0 1.5
186 8 0 3.25
160 9 0 2.75
332 4 0 2.0
284 1 0 2.75
276 58 0 2.5
191 13 0 3.75
92 24 0 2.75
115 22 0 3.5
300 26 0 3.25
211 20 0 4.0
270 51 0 3.5
231 28 0 3.5
122 3 0 3.25
190 -18 0 4.0
33 12 0 2.75
7 15 0 2.75
44 28 0 2.0
66 21 0 3.25
188 27 0 3.75
90 25 0 1.5
3 20 0 2.5
48 6 0 2.5
41 28 0 2.25
45 30 0 1.75
314 66 0 2.0
242 9 0 2.0
276 25 0 3.0
255 2 0 2.0
65 16 0 1.75
185 30 0 1.75
137 15 0 3.75
119 26 0 2.75
25 6 0 4.0
262 25 0 1.5
95 19 0 1.5
125 55 0 1.75
8 9 0 1.75
55 76 0 2.0
167 19 0 3.25
62 5 0 1.5
165 16 0 2.25
197 13 0 4.0
175 17 0 3.5
261 11 0 2.25
320 18 0 3.75
7 21 0 4.0
59 -29 0 3.75
105 1 0 2.25
160 20 0 1.75
193 17 0 2.0
31 23 0 3.0
135 7 0 3.5
183 24 0 3.75
138 32 0 1.5
156 1 0 1.75
202 65 0 1.75
258 11 0 2.75
188 25 0 2.25
30 1 0 2.75
145 3 0 1.75
174 2 0 2.75
115 11 0 3.75
236 35 0 2.25
69 14 0 1.75
132 -4 0 2.0
136 3 0 3.75
137 17 0 2.75
15 7 0 2.25
351 14 0 3.25
173 -8 0 3.0
355 20 0 3.25
306 27 0 2.0
134 15 0 2.25
10 3 0 3.0
228 15 0 3.75
294 20 0 4.0
181 -22 0 4.0
308 11 0 3.0
309 19 0 4.0
184 23 0 3.25
178 30 0 4.0
235 21 0 1.75
76 13 0 3.5
60 2 0 2.25
90 11 0 2.25
339 18 0 3.75
296 8 0 2.25
259 26 0 3.25
12 12 0 3.0
198 -20 0 1.5
37 25 0 3.25
283 3 0 3.75
42 19 0 2.75
351 44 0 1.75
175 7 0 1.5
73 12 0 2.0
263 27 0 3.0
9 13 0 2.5
240 25 0 3.5
163 14 0 3.25
130 25 0 2.75
130 -5 0 3.75
162 17 0 1.75
34 9 0 3.75
268 20 0 2.25
262 3 0 2.75
292 16 0 1.5
296 10 0 2.25
39 3 0 3.75
58 10 0 2.25
32 24 0 3.5
335 18 0 4.0
12 2 0 3.75
24 12 0 2.5
164 13 0 4.0
75 20 0 2.0
171 20 0 2.0
103 1 0 2.0
75 56 0 1.75
298 6 0 2.75
275 30 0 2.0
299 -9 0 3.5
353 16 0 1.5
88 39 0 2.75
323 26 0 1.75
19 8 0 3.5
280 14 0 1.5
279 6 0 1.5
11 6 0 4.0
191 30 0 1.75
68 6 0 3.75
166 17 0 3.25
130 1 0 2.25
296 2 0 3.0
110 10 0 3.25
276 9 0 1.75
85 6 0 1.5
195 21 0 2.25
190 20 0 3.25
155 7 0 2.25
74 30 0 2.5
289 24 0 2.0
241 12 0 4.0
152 -29 0 1.75
104 1 0 2.5
346 -17 0 3.0
322 8 0 2.5
80 14 0 3.0
149 11 0 3.75
268 2 0 1.75
197 20 0 4.0
221 30 0 2.0
199 30 0 2.5
232 4 0 2.0
263 12 0 2.5
40 13 0 3.0
292 6 0 2.0
351 28 0 3.0
258 20 0 2.5
203 24 0 2.0
200 2 0 3.5
264 24 0 2.75
6 27 0 2.0
268 0 0 2.0
136 -13 0 1.5
111 12 0 3.75
250 1 0 3.5
134 12 0 2.0
128 1 0 1.75
84 2 0 1.5
117 4 0 1.5
147 45 0 1.5
316 3 0 3.5
196 24 0 4.0
119 6 0 3.5
305 4 0 2.0
273 58 0 1.75
297 17 0 2.75
73 22 0 2.5
166 27 0 1.75
1 20 0 2.5
343 2 0 2.5
71 29 0 3.75
141 -10 0 3.5
40 17 0 1.5
29 9 0 3.5
168 4 0 3.25
230 15 0 4.0
223 24 0 4.0
305 27 0 2.0
90 4 0 2.0
65 -18 0 3.25
329 8 0 3.0
353 22 0 2.25
78 26 0 4.0
136 5 0 4.0
339 29 0 1.75
338 30 0 4.0
82 -27 0 3.5
106 4 0 2.0
350 16 0 3.75
13 -7 0 3.0
250 21 0 3.25
117 13 0 4.0
150 -7 0 1.75
164 32 0 2.25
74 12 0 3.25
306 3 0 4.0
176 30 0 3.75
236 9 0 3.75
75 22 0 1.5
316 13 0 2.0
266 1 0 4.0
99 -25 0 2.5
8 9 0 3.75
249 -28 0 3.25
319 1 0 2.25
5 14 0 2.75
186 14 0 2.5
249 11 0 2.25
308 12 0 1.75
89 9 0 3.0
21 21 0 1.5
142 18 0 2.25
49 1 0 3.75
81 -21 0 2.25
129 -39 0 2.5
325 27 0 3.5
68 12 0 4.0
193 19 0 2.75
5 28 0 2.0
42 29 0 3.0
65 12 0 2.0
6 -22 0 4.0
248 12 0 1.5
207 24 0 2.75
210 12 0 3.75
297 17 0 2.25
10 -24 0 1.75
319 4 0 3.25
213 2 0 2.75
273 16 0 2.75
8 8 0 2.25
315 12 0 2.0
209 38 0 2.0
327 9 0 2.75
160 5 0 3.5
349 20 0 2.5
10 23 0 1.5
112 28 0 3.25
321 10 0 1.75
105 21 0 2.25
223 29 0 3.0
29 -17 0 3.5
242 19 0 3.5
230 23 0 1.75
179 7 0 3.0
349 0 0 2.5
73 27 0 4.0
304 28 0 1.5
219 22 0 3.75
124 24 0 3.75
48 17 0 1.5
277 -13 0 1.5
102 6 0 3.0
31 75 0 3.5
216 9 0 2.5
4 1 0 3.0
131 7 0 1.75
142 -9 0 2.25
44 20 0 3.25
267 11 0 2.75
52 21 0 1.75
57 23 0 3.75
332 8 0 2.0
247 20 0 3.5
231 -3 0 3.5
249 12 0 3.0
67 30 0 2.5
193 18 0 1.75
129 30 0 2.0
250 22 0 2.0
326 21 0 1.75
152 -8 0 2.25
266 8 0 2.0
143 21 0 3.75
324 9 0 3.25
27 15 0 1.5
7 26 0 3.75
263 11 0 2.0
193 9 0 2.0
130 16 0 2.25
177 19 0 2.0
358 26 0 2.5
338 3 0 2.25
287 30 0 3.5
145 5 0 2.5
216 13 0 4.0
263 1 0 3.0
31 12 0 3.5
105 29 0 1.75
59 13 0 4.0
267 -23 0 1.75
128 3 0 3.75
235 30 0 3.25
148 7 0 3.0
86 11 0 2.25
145 -8 0 4.0
303 23 0 3.25
261 27 0 2.25
79 4 0 3.25
8 18 0 3.75
254 29 0 3.75
205 17 0 2.25
205 -5 0 1.75
231 4 0 2.25
320 25 0 3.5
133 18 0 2.25
260 49 0 2.0
345 26 0 4.0
294 20 0 3.0
322 73 0 4.0
186 -24 0 3.5
269 25 0 3.25
289 1 0 2.5
150 20 0 1.75
270 4 0 1.5
180 13 0 3.0
134 1 0 1.75
10 27 0 2.75
8 9 0 2.75
95 23 0 2.5
18 2 0 3.25
345 13 0 2.0
253 28 0 3.25
235 11 0 3.75
244 18 0 1.5
165 27 0 2.75
74 7 0 2.5
105 24 0 1.5
264 29 0 3.0
348 12 0 1.75
333 12 0 3.25
153 13 0 3.25
342 6 0 3.25
266 10 0 1.75
351 9 0 2.75
192 0 0 2.25
200 -7 0 1.5
145 19 0 2.25
52 29 0 2.5
42 24 0 3.75
135 2 0 2.0
297 12 0 1.75
124 -20 0 3.0
333 5 0 3.5
260 25 0 4.0
323 1 0 1.75
271 66 0 3.0
334 7 0 3.75
92 17 0 1.75
69 3 0 3.75
278 14 0 2.5
99 -29 0 2.75
126 16 0 2.0
65 7 0 3.5
135 22 0 4.0
242 10 0 1.75
269 -30 0 3.25
48 13 0 2.0
309 7 0 4.0
149 13 0 3.0
109 20 0 3.5
123 3 0 2.75
46 14 0 2.5
42 15 0 2.5
335 19 0 2.5
236 26 0 2.5
103 14 0 2.0
62 16 0 3.0
25 24 0 1.5
232 9 0 2.5
345 26 0 3.5
224 25 0 3.75
244 59 0 3.5
44 24 0 3.25
243 15 0 1.5
212 41 0 2.25
291 46 0 3.5
294 1 0 3.25
144 1 0 3.25
81 15 0 2.0
14 0 0 2.25
306 13 0 3.0
209 18 0 2.5
290 20 0 1.5
337 14 0 4.0
244 6 0 1.5
291 21 0 2.5
62 14 0 3.5
261 -5 0 2.0
125 9 0 3.25
79 2 0 3.75
194 29 0 3.25
294 -14 0 1.5
15 61 0 1.75
107 17 0 1.75
157 23 0 1.5
333 15 0 3.5
280 20 0 2.75
166 46 0 1.5
287 26 0 3.75
160 41 0 1.75
136 10 0 3.75
279 -13 0 1.75
287 10 0 3.75
213 1 0 1.75
66 29 0 3.0
253 11 0 3.0
195 -26 0 2.25
129 14 0 3.0
176 3 0 2.75
311 15 0 1.5
167 2 0 1.75
222 11 0 4.0
254 4 0 2.75
100 12 0 4.0
327 27 0 2.0
325 26 0 3.25
258 9 0 3.25
212 12 0 2.5
168 6 0 3.75
102 29 0 1.5
145 15 0 2.5
249 8 0 2.5
272 19 0 3.5
76 53 0 2.0
79 28 0 1.5
129 29 0 3.25
210 17 0 2.5
259 20 0 2.0
47 11 0 3.0
203 16 0 4.0
33 1 0 4.0
3 27 0 3.25
265 16 0 3.5
18 8 0 1.5
319 10 0 3.0
6 1 0 3.75
140 19 0 2.0
259 22 0 2.0
81 16 0 1.75
45 12 0 1.75
23 -27 0 2.75
204 17 0 3.0
163 22 0 2.0
344 20 0 3.5
131 -29 0 2.25
180 6 0 2.25
328 9 0 1.5
33 24 0 3.0
28 9 0 3.75
54 20 0 2.0
15 12 0 2.5
254 15 0 1.75
125 7 0 3.0
316 18 0 3.5
112 -6 0 3.25
61 18 0 2.5
102 26 0 1.5
295 49 0 2.5
104 14 0 2.25
168 7 0 3.25
222 28 0 3.0
81 24 0 3.5
88 10 0 2.75
244 8 0 3.75
42 7 0 2.5
228 17 0 3.5
187 28 0 1.75
139 6 0 3.5
148 5 0 2.25
69 12 0 2.75
267 1 0 2.25
342 29 0 3.25
43 23 0 2.0
217 21 0 1.75
72 11 0 3.5
204 2 0 2.0
17 -20 0 1.75
101 21 0 2.75
151 0 0 2.0
97 22 0 2.25
16 19 0 3.75
42 27 0 2.25
174 12 0 3.0
278 5 0 1.5
181 -14 0 1.5
65 -14 0 3.25
134 3 0 2.0
209 29 0 2.25
295 -26 0 3.5
290 6 0 2.25
217 14 0 4.0
40 26 0 2.25
160 13 0 1.75
16 2 0 3.75
72 20 0 2.5
280 24 0 3.5
273 11 0 2.0
333 -8 0 4.0
201 11 0 1.5
158 21 0 2.0
42 25 0 3.75
2 22 0 2.25
198 27 0 2.25
6 8 0 1.5
98 25 0 1.75
359 3 0 2.0
219 4 0 3.75
65 26 0 2.75
292 26 0 3.5
220 56 0 4.0
18 1 0 2.75
290 28 0 1.75
225 -20 0 3.0
84 23 0 1.5
240 0 0 2.75
240 16 0 1.5
350 5 0 4.0
187 7 0 3.25
54 29 0 3.0
284 10 0 4.0
339 29 0 3.5
356 27 0 4.0
96 28 0 2.0
336 14 0 1.75
217 28 0 3.25
19 21 0 4.0
227 29 0 1.5
314 21 0 1.75
96 27 0 3.75
102 12 0 2.5
264 -7 0 3.75
178 3 0 4.0
281 1 0 3.5
350 21 0 3.0
28 1 0 2.0
42 30 0 3.25
144 26 0 4.0
320 15 0 3.5
251 24 0 3.5
20 22 0 2.25
296 27 0 2.75
89 9 0 3.75
221 -32 0 1.75
117 30 0 1.75
186 11 0 3.5
140 29 0 1.5
180 4 0 4.0
356 13 0 3.25
249 21 0 3.25
93 14 0 2.25
352 29 0 4.0
182 19 0 3.0
213 16 0 3.5
352 49 0 1.5
33 0 0 2.0
190 18 0 1.5
168 -36 0 2.5
314 23 0 1.75
200 28 0 3.25
28 30 0 3.25
161 11 0 2.0
202 9 0 1.5
82 5 0 1.75
173 30 0 2.5
190 13 0 1.75
234 21 0 1.75
178 15 0 2.5
162 12 0 3.25
37 26 0 3.25
306 41 0 2.25
116 -40 0 3.5
187 1 0 3.0
351 4 0 3.0
181 29 0 1.75
266 1 0 3.0
271 8 0 2.5
262 15 0 2.25
140 -6 0 1.75
137 27 0 2.25
215 6 0 1.5
264 8 0 1.5
202 51 0 3.75
45 57 0 2.5
53 13 0 2.5
65 9 0 3.75
284 25 0 2.0
299 21 0 2.25
286 29 0 3.0
332 20 0 3.5
224 9 0 2.25
90 21 0 2.25
254 4 0 1.75
276 4 0 3.0
4 3 0 2.75
100 -14 0 1.5
255 21 0 3.25
13 56 0 2.25
59 1 0 2.75
235 11 0 3.25
279 -14 0 2.25
300 18 0 2.0
30 -3 0 2.75
274 13 0 3.0
229 0 0 2.0
57 10 0 2.5
117 19 0 3.75
185 14 0 3.0
192 26 0 3.25
108 23 0 2.25
2 11 0 3.25
319 2 0 2.25
258 15 0 2.5
84 5 0 4.0
30 28 0 2.25
56 0 0 3.0
330 28 0 2.0
16 12 0 2.0
111 7 0 2.0
111 19 0 4.0
123 -12 0 3.25
212 26 0 4.0
81 2 0 2.0
318 25 0 3.25
31 27 0 3.25
173 3 0 3.75
42 15 0 2.25
162 24 0 3.25
54 44 0 2.0
128 28 0 3.0
236 2 0 3.75
164 23 0 3.0
359 1 0 2.75
241 18 0 2.0
311 21 0 2.0
287 32 0 1.75
207 26 0 1.5
128 1 0 2.5
71 12 0 2.75
22 18 0 1.75
309 9 0 2.5
52 4 0 3.25
172 18 0 1.75
343 28 0 2.25
353 19 0 4.0
110 5 0 4.0
358 27 0 3.5
95 3 0 3.75
313 5 0 2.25
119 17 0 2.25
84 2 0 2.5
197 24 0 3.25
192 6 0 2.75
68 2 0 3.5
242 17 0 3.25
30 16 0 3.25
155 26 0 3.5
310 -28 0 3.25
91 21 0 4.0
309 -24 0 2.75
105 3 0 1.75
72 26 0 2.0
111 24 0 3.5
346 21 0 1.75
326 21 0 4.0
232 1 0 2.5
145 -7 0 3.25
347 4 0 2.75
260 4 0 2.25
73 19 0 2.25
349 21 0 3.25
199 26 0 3.0
275 16 0 4.0
223 26 0 3.25
253 1 0 2.25
206 3 0 4.0
114 1 0 3.25
284 14 0 2.5
44 20 0 3.0
226 27 0 2.75
115 22 0 4.0
143 21 0 1.5
318 31 0 2.5
184 0 0 3.75
347 2 0 2.75
209 18 0 3.75
304 24 0 1.75
0 23 0 2.25
220 9 0 2.75
193 3 0 3.0
68 19 0 1.75
204 28 0 3.75
354 2 0 3.5
257 30 0 2.0
99 10 0 2.75
21 3 0 2.75
136 60 0 2.5
4 0 0 2.75
32 19 0 1.5
182 16 0 3.0
213 14 0 3.0
88 14 0 3.5
96 49 0 2.75
190 8 0 2.25
69 22 0 2.0
179 18 0 3.5
93 5 0 1.75
260 19 0 3.5
349 28 0 2.5
284 13 0 1.5
274 -1 0 4.0
348 20 0 2.0
31 14 0 1.5
15 15 0 2.75
352 11 0 3.25
134 0 0 2.75
232 10 0 1.5
126 0 0 3.5
234 13 0 1.5
128 30 0 2.75
110 0 0 3.5
316 9 0 2.75
74 19 0 1.5
154 47 0 3.25
48 11 0 2.75
355 30 0 3.0
268 -7 0 2.0
214 -15 0 2.5
291 34 0 3.75
341 8 0 2.75
18 29 0 4.0
347 0 0 2.0
64 -10 0 4.0
113 10 0 4.0
120 18 0 3.5
7 1 0 3.0
304 9 0 3.5
290 1 0 2.5
86 0 0 4.0
130 5 0 2.75
237 1 0 3.5
340 28 0 3.25
322 21 0 2.25
232 19 0 1.75
331 -12 0 2.0
338 15 0 2.5
147 -7 0 3.5
52 2 0 1.75
218 27 0 1.5
210 27 0 2.75
63 0 0 2.0
166 -1 0 3.25
26 3 0 1.5
296 5 0 2.5
184 16 0 1.75
256 7 0 3.5
20 16 0 3.75
271 12 0 1.75
270 -21 0 3.75
148 24 0 1.5
127 17 0 2.25
11 16 0 3.25
263 -6 0 2.5
265 36 0 3.0
248 27 0 3.5
350 74 0 3.75
22 27 0 3.25
119 21 0 2.5
23 12 0 2.25
147 0 0 2.0
69 14 0 3.75
154 4 0 2.25
175 17 0 1.5
97 18 0 3.5
106 9 0 2.0
139 25 0 3.0
23 24 0 1.75
255 2 0 1.75
225 15 0 4.0
93 -9 0 3.0
205 14 0 3.25
18 21 0 1.5
343 6 0 3.5
86 4 0 3.75
348 1 0 3.75
252 22 0 3.75
141 3 0 3.25
70 2 0 4.0
206 15 0 1.5
124 62 0 2.25
158 11 0 2.0
229 27 0 3.25
263 10 0 3.0
282 23 0 2.5
282 -42 0 3.25
127 23 0 3.0
132 15 0 4.0
246 13 0 3.5
334 7 0 3.0
310 12 0 3.75
143 11 0 1.5
208 27 0 4.0
326 10 0 2.5
212 11 0 3.5
177 10 0 2.75
113 9 0 3.75
128 10 0 2.75
17 0 0 2.5
29 8 0 2.0
208 0 0 3.75
32 9 0 3.25
163 27 0 1.5
336 20 0 2.0
225 12 0 2.0
159 11 0 2.25
21 22 0 2.25
60 13 0 2.5
302 26 0 3.5
261 21 0 3.25
28 12 0 3.5
29 6 0 3.75
143 58 0 1.75
301 30 0 4.0
88 3 0 3.75
146 23 0 1.5
283 25 0 2.75
96 29 0 1.75
291 28 0 1.75
102 28 0 3.25
13 -7 0 2.5
218 2 0 3.0
19 16 0 2.0
337 14 0 3.25
272 11 0 4.0
67 3 0 3.5
164 30 0 2.0
247 9 0 2.75
105 20 0 3.25
74 16 0 2.0
115 1 0 2.25
154 26 0 1.75
206 5 0 1.75
290 2 0 1.5
212 59 0 1.75
36 -20 0 2.25
320 15 0 3.0
10 8 0 3.25
276 8 0 4.0
180 3 0 2.5
309 28 0 2.25
30 -29 0 2.25
89 2 0 2.5
251 -40 0 3.5
197 23 0 2.75
251 17 0 2.5
207 7 0 1.75
307 0 0 3.5
71 21 0 1.75
32 8 0 3.5
348 7 0 3.75
144 21 0 3.5
218 9 0 1.75
225 14 0 1.5
273 72 0 1.75
28 25 0 1.75
212 22 0 2.5
350 0 0 2.5
141 28 0 3.5
306 16 0 3.25
188 5 0 3.0
62 9 0 3.75
87 19 0 2.75
291 30 0 4.0
11 23 0 3.25
83 4 0 3.25
187 6 0 3.0
260 5 0 3.75
264 26 0 3.25
338 9 0 2.5
264 13 0 3.0
124 2 0 2.25
346 14 0 2.0
189 0 0 2.0
176 30 0 2.5
201 23 0 1.75
74 24 0 2.5
301 2 0 3.75
225 1 0 3.0
168 6 0 2.5
328 6 0 2.5
96 9 0 1.75
130 23 0 1.5
299 9 0 1.5
248 27 0 2.5
12 4 0 3.5
52 15 0 2.25
131 30 0 2.25
91 73 0 3.75
317 27 0 2.25
153 -10 0 3.0
90 21 0 3.25
303 14 0 3.0
336 -26 0 3.75
223 10 0 3.0
233 30 0 3.0
52 51 0 3.75
264 6 0 1.5
159 28 0 2.0
358 50 0 2.75
147 29 0 3.5
74 50 0 3.25
321 2 0 3.5
81 27 0 3.0
132 34 0 1.5
271 10 0 3.0
43 24 0 1.5
168 10 0 1.75
21 -20 0 1.5
115 14 0 3.0
48 42 0 1.75
73 0 0 2.5
90 30 0 1.75
230 14 0 3.0
218 6 0 4.0
281 8 0 2.75
226 3 0 1.5
65 0 0 2.5
296 5 0 1.75
280 26 0 3.0
86 14 0 2.5
357 1 0 3.75
271 12 0 3.0
296 29 0 2.25
47 20 0 1.5
76 0 0 3.25
114 9 0 2.25
136 0 0 4.0
342 4 0 3.0
217 20 0 1.5
110 1 0 2.25
254 12 0 4.0
127 12 0 1.75
135 18 0 3.75
42 12 0 3.0
5 -28 0 1.75
244 28 0 3.0
247 77 0 4.0
221 22 0 2.25
15 18 0 2.0
45 13 0 2.25
262 -44 0 4.0
52 18 0 2.0
283 8 0 3.5
251 4 0 3.25
134 23 0 1.75
118 20 0 4.0
298 27 0 2.0
37 3 0 1.75
216 16 0 1.75
262 6 0 2.0
323 21 0 2.0
282 17 0 4.0
16 24 0 2.25
344 26 0 3.0
49 8 0 4.0
337 7 0 4.0
297 6 0 2.0
95 23 0 3.0
59 16 0 2.25
113 4 0 3.0
312 -3 0 2.25
273 26 0 2.75
204 15 0 3.5
341 -10 0 1.5
19 29 0 3.0
97 69 0 3.5
177 12 0 2.25
291 27 0 3.0
321 18 0 1.5
207 10 0 3.0
142 16 0 3.5
143 24 0 2.75
221 39 0 3.75
289 9 0 3.5
47 16 0 3.25
68 14 0 2.5
158 12 0 2.0
325 9 0 3.5
323 3 0 3.75
34 0 0 1.5
242 2 0 3.25
359 0 0 1.5
233 0 0 3.25
74 3 0 4.0
169 3 0 3.75
320 17 0 1.75
42 27 0 4.0
108 13 0 1.5
272 2 0 2.5
262 -27 0 4.0
335 56 0 3.0
46 5 0 2.5
38 23 0 1.75
139 25 0 1.5
352 -33 0 1.5
232 25 0 1.75
20 4 0 2.75
261 30 0 2.0
239 17 0 3.0
75 18 0 2.5
188 21 0 2.25
196 9 0 2.0
186 1 0 3.75
261 12 0 2.25
272 9 0 1.5
112 25 0 2.25
316 -24 0 2.0
280 24 0 3.75
132 30 0 1.5
15 4 0 1.75
187 -3 0 1.5
302 2 0 3.0
143 12 0 3.25
24 4 0 3.5
133 14 0 1.75
302 20 0 2.5
316 20 0 3.25
210 29 0 2.25
115 26 0 3.0
54 8 0 3.25
349 -11 0 3.0
198 17 0 2.5
43 14 0 2.75
118 4 0 2.5
113 -36 0 3.5
214 28 0 1.75
358 28 0 3.75
147 1 0 2.5
80 24 0 3.75
184 1 0 3.0
72 54 0 3.25
190 10 0 2.75
52 23 0 4.0
299 7 0 2.75
126 19 0 2.75
138 0 0 3.0
200 15 0 3.0
1 1 0 2.75
208 5 0 3.0
185 9 0 2.0
286 26 0 3.25
139 -11 0 3.0
206 16 0 3.25
192 14 0 1.75
173 17 0 1.5
245 54 0 2.75
121 20 0 3.0
278 20 0 3.75
83 -5 0 2.75
188 23 0 2.75
278 58 0 1.5
19 0 0 3.75
30 27 0 2.25
80 28 0 2.25
356 -15 0 1.75
202 30 0 3.0
312 -10 0 2.5
278 5 0 2.75
31 29 0 2.25
32 16 0 3.5
5 31 0 2.5
38 11 0 3.0
270 6 0 3.25
62 22 0 3.75
193 26 0 3.25
239 58 0 3.0
190 -16 0 3.75
253 25 0 2.25
186 17 0 3.75
14 18 0 2.5
87 29 0 3.0
145 4 0 2.75
200 -10 0 3.75
267 19 0 2.5
139 18 0 3.75
88 14 0 1.5
72 18 0 2.0
94 0 0 2.0
225 30 0 2.75
128 10 0 4.0
271 10 0 3.5
338 14 0 1.75
291 30 0 3.0
4 11 0 2.25
136 30 0 3.0
1 20 0 1.5
191 2 0 3.25
84 25 0 2.25
272 19 0 2.0
243 -14 0 2.25
286 6 0 4.0
182 20 0 3.25
323 24 0 3.75
301 3 0 2.25
201 72 0 1.75
118 1 0 3.75
11 24 0 2.75
312 4 0 3.0
53 6 0 3.5
113 25 0 1.75
124 8 0 2.0
140 26 0 2.5
91 26 0 2.0
4 -11 0 3.75
201 20 0 3.5
339 34 0 3.75
111 6 0 3.5
198 8 0 3.25
13 5 0 3.75
226 15 0 3.75
359 14 0 1.5
243 30 0 2.5
1 20 0 2.25
202 22 0 3.25
182 19 0 1.5
284 30 0 2.0
16 17 0 1.75
257 28 0 3.5
94 4 0 2.25
29 24 0 1.5
345 13 0 2.75
50 -29 0 4.0
32 8 0 1.75
184 25 0 3.0
355 26 0 4.0
47 30 0 3.0
60 26 0 3.0
261 22 0 3.75
52 16 0 1.75
85 18 0 2.25
154 14 0 2.75
345 4 0 3.75
337 3 0 2.75
226 22 0 1.5
28 6 0 1.5
109 3 0 3.0
330 -16 0 1.5
134 -36 0 2.25
238 6 0 3.25
31 30 0 3.0
87 26 0 2.75
316 25 0 1.75
87 22 0 3.25
25 -32 0 3.5
113 3 0 2.0
35 9 0 4.0
124 20 0 2.0
1 5 0 3.5
222 10 0 3.25
28 7 0 1.5
107 16 0 2.5
330 19 0 3.0
196 36 0 1.5
23 24 0 2.5
163 7 0 4.0
260 -19 0 1.5
274 9 0 3.75
10 -14 0 3.5
263 27 0 4.0
234 5 0 3.75
254 4 0 3.25
318 22 0 3.25
53 21 0 1.75
63 29 0 3.0
244 30 0 1.75
248 20 0 3.0
75 19 0 4.0
51 25 0 2.5
227 23 0 1.75
167 3 0 2.25
347 28 0 3.75
164 1 0 2.5
276 20 0 2.75
13 2 0 3.25
94 13 0 3.25
312 26 0 3.25
351 29 0 1.75
39 77 0 2.75
50 41 0 2.25
325 8 0 2.5
106 17 0 2.25
79 13 0 3.0
356 11 0 1.5
339 3 0 3.75
180 52 0 1.5
146 30 0 2.5
37 18 0 1.5
337 16 0 3.5
196 0 0 4.0
313 7 0 2.5
252 23 0 1.5
16 30 0 2.0
76 3 0 3.5
108 28 0 3.5
34 29 0 2.25
332 47 0 1.5
301 43 0 2.75
322 5 0 2.25
165 23 0 3.0
13 21 0 2.5
234 30 0 2.5
262 65 0 4.0
112 24 0 3.5
127 16 0 2.75
199 13 0 3.25
283 0 0 3.25
323 15 0 2.5
63 26 0 3.75
303 20 0 2.75
231 -3 0 3.0
31 14 0 2.0
297 29 0 4.0
51 5 0 3.75
133 16 0 3.25
138 19 0 3.75
30 -29 0 3.25
39 21 0 1.5
175 2 0 3.75
216 17 0 1.75
48 25 0 3.25
179 24 0 1.5
280 21 0 2.25
44 15 0 2.25
262 9 0 2.25
229 4 0 3.75
168 3 0 1.75
0 23 0 4.0
120 8 0 3.25
307 51 0 2.0
227 2 0 2.5
39 13 0 3.25
173 28 0 3.25
214 17 0 3.0
356 6 0 3.5
238 12 0 2.25
358 14 0 2.5
76 8 0 3.25
42 13 0 2.5
52 59 0 1.75
217 -1 0 3.0
0 3 0 2.75
213 75 0 3.0
254 52 0 1.75
267 3 0 3.5
295 6 0 4.0
265 28 0 3.5
76 21 0 4.0
156 5 0 3.0
63 29 0 2.5
202 18 0 2.25
247 16 0 3.5
149 13 0 1.5
286 21 0 2.25
94 0 0 1.75
5 -27 0 2.5
199 2 0 1.5
15 29 0 2.0
45 28 0 3.25
30 12 0 2.75
71 22 0 3.0
300 12 0 2.75
67 22 0 1.75
231 37 0 1.75
87 79 0 2.0
193 26 0 1.5
0 30 0 4.0
11 -29 0 2.5
53 6 0 1.75
318 10 0 2.25
120 9 0 2.25
87 14 0 4.0
221 -15 0 3.75
39 6 0 3.75
278 1 0 1.5
315 26 0 3.75
302 16 0 4.0
113 8 0 1.5
244 20 0 2.75
298 6 0 1.75
297 3 0 3.0
269 9 0 3.25
293 26 0 1.5
326 7 0 3.0
185 8 0 2.0
61 11 0 3.75
277 18 0 4.0
45 24 0 3.0
79 10 0 3.5
57 15 0 2.25
47 -30 0 2.75
262 20 0 2.75
285 16 0 2.25
190 15 0 2.75
337 13 0 2.0
201 47 0 2.75
104 30 0 2.0
351 2 0 2.0
224 13 0 2.0
331 18 0 2.25
229 12 0 1.75
260 45 0 3.5
168 4 0 2.0
260 20 0 3.0
175 12 0 1.5
333 21 0 4.0
273 -21 0 2.5
240 2 0 3.75
101 28 0 3.0
149 2 0 3.25
177 1 0 2.25
188 7 0 3.5
50 26 0 2.0
282 2 0 3.25
67 69 0 1.5
79 49 0 3.5
120 13 0 2.0
160 29 0 3.75
264 26 0 1.75
160 15 0 2.5
298 0 0 1.5
226 21 0 3.5
301 6 0 2.5
231 -4 0 2.25
21 -42 0 4.0
178 6 0 2.0
137 26 0 1.75
292 8 0 2.5
149 68 0 2.5
324 6 0 3.75
51 3 0 2.5
222 21 0 2.25
199 12 0 3.75
185 29 0 2.75
157 7 0 2.25
54 10 0 1.5
195 7 0 3.5
178 16 0 2.75
350 6 0 2.75
151 9 0 3.25
138 14 0 4.0
296 16 0 2.25
185 17 0 2.25
76 21 0 3.5
67 6 0 2.5
189 23 0 1.5
9 -1 0 4.0
359 29 0 2.0
126 9 0 4.0
27 18 0 4.0
328 5 0 1.75
335 3 0 3.25
142 27 0 2.0
134 12 0 3.75
325 18 0 3.25
256 18 0 2.25
178 3 0 3.0
284 -3 0 4.0
100 22 0 1.75
269 22 0 4.0
113 30 0 2.75
177 13 0 3.75
94 1 0 3.25
206 9 0 1.75
202 56 0 4.0
298 1 0 3.25
116 14 0 3.5
349 30 0 3.25
224 27 0 3.0
328 0 0 2.25
226 0 0 2.75
183 9 0 2.75
328 16 0 1.75
246 10 0 2.75
21 14 0 2.75
150 4 0 2.25
231 1 0 2.5
60 5 0 3.25
228 -27 0 2.0
71 10 0 2.25
202 -15 0 3.0
252 18 0 2.5
52 5 0 2.75
154 52 0 1.5
79 20 0 3.75
109 3 0 1.5
290 23 0 3.75
142 21 0 2.75
261 7 0 2.25
94 56 0 2.5
197 1 0 3.5
218 25 0 3.75
331 28 0 2.0
35 25 0 3.5
277 40 0 3.25
32 22 0 1.75
315 8 0 4.0
160 29 0 3.5
307 54 0 2.25
185 19 0 2.0
66 27 0 3.75
326 8 0 3.0
324 -4 0 4.0
330 -42 0 2.75
168 7 0 2.5
35 28 0 3.5
290 26 0 3.25
331 30 0 1.5
8 12 0 3.5
30 20 0 3.5
277 26 0 1.5
107 3 0 3.75
11 8 0 2.5
35 10 0 4.0
152 12 0 3.75
298 28 0 3.0
89 5 0 1.5
37 16 0 2.25
273 29 0 1.75
300 6 0 3.75
134 22 0 3.75
348 26 0 3.5
314 9 0 3.5
9 18 0 3.0
217 5 0 2.25
247 27 0 3.5
184 23 0 2.75
41 37 0 3.0
248 -12 0 1.5
344 9 0 2.5
75 -7 0 3.5
20 15 0 2.25
287 8 0 3.25
313 -6 0 1.5
0 6 0 3.5
136 18 0 2.75
171 9 0 1.5
141 7 0 3.0
70 24 0 2.5
23 64 0 3.75
100 2 0 2.0
80 -11 0 3.25
358 16 0 2.5
118 -29 0 3.25
339 10 0 1.5
200 -6 0 2.5
59 -22 0 3.75
29 -7 0 2.75
100 17 0 2.0
30 29 0 4.0
154 25 0 3.0
212 25 0 2.75
181 -17 0 1.75
259 6 0 2.5
89 28 0 2.0
322 11 0 2.5
58 27 0 2.25
23 -22 0 3.25
52 13 0 2.75
188 19 0 2.5
77 55 0 3.25
60 10 0 2.25
37 4 0 3.5
218 -6 0 3.0
50 17 0 1.5
139 -7 0 3.5
175 16 0 3.0
190 1 0 1.5
196 36 0 2.75
18 10 0 3.5
63 19 0 3.0
319 1 0 3.5
245 3 0 2.0
226 2 0 4.0
169 22 0 4.0
138 2 0 2.75
177 15 0 3.75
147 -35 0 3.5
201 -14 0 3.5
33 27 0 3.0
338 10 0 1.75
98 4 0 2.75
25 17 0 2.25
320 13 0 1.75
282 18 0 3.25
137 8 0 3.75
260 3 0 1.5
65 19 0 1.75
107 10 0 3.0
190 -24 0 2.25
67 2 0 3.75
60 0 0 3.5
122 17 0 2.25
50 61 0 3.75
223 30 0 3.25
151 26 0 2.25
190 27 0 3.25
203 22 0 1.75
237 -17 0 2.25
258 9 0 3.0
124 18 0 3.25
77 23 0 4.0
59 -25 0 3.25
328 10 0 3.0
134 29 0 1.5
357 4 0 2.25
166 -26 0 3.75
315 16 0 2.5
265 11 0 3.5
216 16 0 2.25
181 9 0 2.75
47 23 0 3.5
53 20 0 3.5
358 7 0 1.75
62 11 0 2.75
297 5 0 1.75
310 8 0 2.25
194 4 0 3.75
206 5 0 2.0
56 12 0 2.5
76 13 0 1.75
90 22 0 2.75
91 0 0 2.75
200 26 0 3.25
29 10 0 3.25
10 23 0 3.75
359 21 0 4.0
34 15 0 3.0
232 22 0 2.5
147 25 0 3.0
310 3 0 2.0
236 32 0 3.5
247 22 0 2.25
323 37 0 4.0
77 16 0 4.0
80 -1 0 3.0
218 4 0 1.5
203 5 0 2.5
77 16 0 2.0
258 2 0 1.5
284 -12 0 2.75
258 23 0 4.0
18 7 0 1.5
192 39 0 3.0
341 5 0 4.0
77 25 0 3.75
182 13 0 1.5
152 26 0 2.75
290 10 0 2.0
181 20 0 3.5
51 -29 0 4.0
317 0 0 1.75
319 9 0 2.75
238 10 0 3.25
219 27 0 2.25
60 16 0 2.0
82 4 0 3.25
300 0 0 2.5
162 71 0 3.25
264 -8 0 2.5
258 6 0 1.75
100 14 0 3.5
206 4 0 3.5
342 12 0 1.5
300 20 0 3.0
69 24 0 1.5
170 14 0 2.75
7 8 0 2.25
346 5 0 3.25
105 18 0 3.25
324 14 0 3.0
291 15 0 2.5
246 14 0 4.0
226 21 0 2.0
14 52 0 2.25
82 20 0 1.5
333 12 0 1.5
221 15 0 2.0
335 22 0 2.25
53 11 0 1.5
45 18 0 3.5
350 26 0 3.5
306 14 0 2.0
29 4 0 2.25
173 13 0 3.25
56 26 0 1.75
135 16 0 3.25
24 29 0 3.0
318 10 0 4.0
136 -45 0 1.75
187 2 0 2.25
59 24 0 3.25
204 22 0 2.75
227 21 0 3.75
347 9 0 1.5
345 13 0 3.25
284 24 0 3.5
173 8 0 3.5
110 -24 0 3.0
6 21 0 3.25
349 17 0 2.5
327 28 0 2.75
285 -18 0 3.5
140 12 0 2.5
48 5 0 2.25
349 27 0 2.5
32 25 0 1.75
205 12 0 2.0
237 18 0 3.25
294 10 0 2.5
211 17 0 4.0
176 10 0 3.0
148 6 0 3.5
328 13 0 3.0
272 30 0 3.75
325 12 0 2.0
167 0 0 2.5
359 4 0 2.0
98 22 0 2.25
21 0 0 2.5
169 7 0 2.75
128 7 0 4.0
22 2 0 1.75
107 6 0 3.75
358 53 0 3.25
98 2 0 3.0
16 9 0 3.0
314 10 0 4.0
101 15 0 3.5
333 5 0 4.0
17 3 0 3.75
119 11 0 3.0
296 29 0 3.25
243 20 0 1.5
191 24 0 1.5
42 55 0 2.25
229 8 0 3.75
222 12 0 3.5
197 13 0 3.75
351 10 0 3.25
301 8 0 3.5
289 3 0 4.0
126 3 0 1.75
222 0 0 3.5
336 13 0 2.5
238 26 0 4.0
11 11 0 1.5
23 -20 0 2.0
178 54 0 3.75
246 52 0 3.5
155 76 0 3.0
140 12 0 2.25
133 8 0 3.75
32 -15 0 2.25
211 0 0 3.0
122 13 0 2.0
338 2 0 1.5
273 16 0 2.25
59 -36 0 2.5
189 13 0 3.0
121 -23 0 2.0
198 28 0 4.0
116 16 0 2.5
13 17 0 2.5
354 13 0 3.0
19 28 0 1.75
213 45 0 1.5
77 13 0 1.5
290 1 0 3.5
117 -13 0 4.0
250 21 0 3.0
93 26 0 3.0
346 2 0 2.75
162 10 0 3.75
246 30 0 2.25
230 29 0 3.5
226 4 0 1.75
165 0 0 2.75
270 13 0 1.5
229 6 0 1.75
252 0 0 3.0
169 17 0 4.0
270 -11 0 3.5
281 21 0 2.0
15 -19 0 3.0
162 14 0 3.25
209 6 0 3.75
156 0 0 2.0
337 19 0 3.0
343 -45 0 2.5
319 2 0 2.75
309 19 0 1.75
179 27 0 1.5
7 13 0 3.25
288 19 0 2.75
276 26 0 1.5
96 25 0 3.25
107 -7 0 2.25
36 20 0 3.75
42 1 0 2.0
59 11 0 2.25
131 6 0 2.75
293 8 0 1.75
19 29 0 2.75
283 36 0 3.0
348 -6 0 2.75
83 18 0 3.5
88 14 0 3.25
356 13 0 3.75
57 13 0 2.75
105 4 0 4.0
335 -3 0 3.25
31 24 0 3.25
38 10 0 3.75
17 6 0 1.5
273 24 0 3.0
151 -23 0 3.0
349 1 0 3.75
243 25 0 2.25
109 17 0 2.75
177 29 0 1.5
131 29 0 3.75
261 -19 0 2.5
114 15 0 3.5
16 0 0 3.75
251 21 0 2.0
239 8 0 2.0
222 0 0 1.5
358 23 0 3.25
213 11 0 3.75
158 15 0 1.5
333 8 0 2.5
170 45 0 3.5
175 15 0 2.75
313 -2 0 1.5
253 25 0 1.75
120 11 0 2.0
102 13 0 3.25
263 21 0 3.75
52 16 0 2.0
15 3 0 1.75
322 -20 0 1.75
133 49 0 2.5
306 14 0 1.5
125 -4 0 1.75
261 20 0 2.25
214 23 0 2.25
167 6 0 4.0
315 10 0 1.5
311 30 0 1.5
330 24 0 2.0
112 44 0 2.0
133 5 0 2.25
280 18 0 2.75
36 20 0 4.0
302 -9 0 4.0
71 24 0 3.0
359 11 0 4.0
265 78 0 3.25
140 -39 0 2.0
220 14 0 3.75
189 15 0 1.5
337 28 0 3.5
168 27 0 1.75
282 20 0 2.0
184 15 0 2.0
113 12 0 3.25
282 27 0 4.0
176 2 0 1.5
156 2 0 1.5
289 -21 0 4.0
73 68 0 3.0
223 10 0 3.25
70 12 0 3.25
192 11 0 3.0
351 27 0 4.0
258 45 0 1.5
271 21 0 3.5
165 19 0 1.75
333 31 0 2.75
308 1 0 4.0
303 5 0 1.75
284 20 0 2.25
322 5 0 4.0
11 23 0 2.0
83 -45 0 2.0
31 14 0 3.0
132 2 0 2.5
66 58 0 3.25
355 16 0 3.25
119 -3 0 2.25
275 1 0 2.75
289 22 0 2.25
236 28 0 4.0
127 4 0 2.25
83 2 0 1.75
295 -23 0 2.25
147 17 0 2.0
354 22 0 3.0
357 18 0 2.5
263 17 0 3.0
9 65 0 2.0
4 4 0 3.5
52 24 0 2.5
34 4 0 2.0
53 0 0 2.5
318 22 0 3.0
300 26 0 2.75
281 24 0 2.25
140 6 0 1.5
283 22 0 2.75
268 23 0 2.25
192 10 0 2.75
197 21 0 2.5
136 14 0 2.25
57 11 0 1.75
338 13 0 4.0
2 10 0 1.5
240 9 0 2.25
99 2 0 3.25
328 12 0 1.75
54 17 0 2.75
181 19 0 3.5
293 19 0 2.25
177 8 0 2.25
43 14 0 1.75
348 18 0 3.0
84 20 0 2.0
165 26 0 3.25
147 28 0 3.5
254 22 0 4.0
118 1 0 1.5
263 14 0 2.5
110 6 0 2.75
75 26 0 2.0
106 22 0 3.0
75 2 0 2.0
180 6 0 4.0
42 -27 0 2.0
185 75 0 2.0
40 3 0 3.75
205 9 0 3.5
146 13 0 2.25
59 11 0 1.75
237 9 0 3.75
168 29 0 1.5
65 20 0 1.5
154 7 0 3.25
250 5 0 2.0
32 23 0 4.0
208 7 0 2.25
140 3 0 2.0
267 -4 0 3.0
22 3 0 2.5
46 12 0 3.5
62 10 0 3.5
351 5 0 1.5
244 26 0 2.25
43 26 0 3.5
121 17 0 2.5
230 4 0 3.75
169 29 0 3.75
296 8 0 3.5
41 18 0 2.5
78 3 0 2.25
264 27 0 3.0
245 19 0 2.25
259 12 0 1.5
51 2 0 3.75
328 0 0 3.0
210 23 0 3.25
117 25 0 2.25
91 20 0 3.0
93 30 0 3.75
95 22 0 1.5
238 27 0 1.5
25 13 0 3.75
180 27 0 3.75
75 9 0 2.0
71 4 0 3.25
84 35 0 2.75
6 4 0 3.5
292 5 0 3.0
221 13 0 3.25
87 7 0 3.0
53 16 0 2.0
41 2 0 2.0
144 6 0 1.75
199 16 0 2.75
266 24 0 2.0
159 10 0 2.75
257 19 0 1.75
346 16 0 3.5
169 7 0 3.25
197 16 0 3.0
287 1 0 3.75
302 22 0 3.75
287 -11 0 3.0
5 29 0 2.0
100 0 0 3.5
268 17 0 2.5
303 34 0 2.5
186 23 0 3.5
319 52 0 2.0
24 9 0 1.5
80 29 0 1.75
53 14 0 1.5
114 26 0 3.75
81 56 0 1.5
42 -24 0 2.0
196 27 0 1.75
11 14 0 4.0
243 3 0 3.0
53 9 0 3.25
300 19 0 3.5
151 3 0 2.5
289 28 0 3.5
306 23 0 2.75
11 80 0 3.75
6 15 0 1.75
191 19 0 2.75
12 8 0 2.0
126 21 0 3.0
252 6 0 2.5
93 44 0 2.75
280 6 0 3.75
76 24 0 1.75
112 2 0 1.5
84 17 0 2.5
39 21 0 3.75
189 18 0 3.25
328 10 0 3.5
187 28 0 1.5
107 32 0 3.0
343 3 0 2.0
118 27 0 1.75
130 3 0 2.0
280 22 0 2.0
98 20 0 3.0
89 16 0 2.0
281 7 0 3.25
281 29 0 1.75
352 30 0 2.25
2 29 0 1.5
346 5 0 1.5
141 -13 0 2.25
146 4 0 3.25
190 11 0 2.5
243 21 0 1.75
68 29 0 2.25
177 22 0 1.75
24 -18 0 3.0
176 -18 0 1.5
207 17 0 3.0
77 7 0 3.0
95 -36 0 2.0
193 23 0 3.75
243 73 0 4.0
273 22 0 1.75
91 7 0 2.25
220 5 0 3.0
70 28 0 2.75
289 26 0 1.75
190 18 0 2.25
182 5 0 1.75
202 19 0 2.5
276 2 0 2.0
82 12 0 3.0
306 -30 0 1.5
242 18 0 2.25
59 11 0 3.75
195 -19 0 3.75
238 19 0 3.5
298 28 0 2.0
144 18 0 4.0
272 -27 0 2.25
295 6 0 2.0
13 10 0 3.25
18 9 0 2.75
201 -21 0 3.75
60 19 0 2.5
69 27 0 3.75
334 14 0 3.0
280 5 0 1.75
208 9 0 3.0
233 29 0 1.75
73 26 0 2.75
87 4 0 2.0
93 30 0 3.5
8 28 0 1.75
108 12 0 1.5
149 28 0 3.25
121 20 0 1.5
201 1 0 1.75
228 18 0 2.5
350 16 0 2.0
329 3 0 1.5
26 14 0 3.25
272 3 0 3.0
44 20 0 1.75
330 17 0 3.5
84 26 0 3.5
220 6 0 3.5
279 16 0 2.0
196 12 0 3.0
264 73 0 2.0
107 12 0 2.25
355 29 0 3.0
321 5 0 2.5
278 2 0 3.0
41 8 0 4.0
189 26 0 1.75
286 14 0 2.25
312 20 0 3.25
147 22 0 4.0
250 28 0 2.5
179 8 0 1.75
266 -15 0 2.75
261 19 0 3.75
310 3 0 1.75
50 -10 0 2.5
208 7 0 2.5
257 -8 0 3.75
69 9 0 1.5
115 11 0 3.0
246 30 0 2.75
224 30 0 3.25
39 22 0 2.25
91 73 0 2.5
225 15 0 3.0
239 2 0 3.25
152 4 0 3.25
112 7 0 2.5
91 2 0 3.5
115 20 0 2.25
100 17 0 4.0
193 3 0 2.5
12 8 0 2.25
219 17 0 3.75
275 17 0 1.5
270 15 0 3.75
286 9 0 2.0
251 4 0 2.25
263 6 0 1.75
347 29 0 3.25
311 26 0 3.75
325 10 0 1.75
251 27 0 3.0
314 22 0 2.0
295 11 0 1.5
106 26 0 3.25
116 13 0 2.75
62 24 0 2.5
172 2 0 3.0
98 15 0 3.0
356 10 0 2.25
206 28 0 2.25
48 21 0 2.5
211 5 0 3.25
110 16 0 3.75
222 -17 0 1.5
243 25 0 4.0
126 22 0 4.0
208 4 0 2.5
341 30 0 2.75
89 29 0 2.25
121 5 0 3.25
250 30 0 3.75
108 10 0 3.0
136 13 0 3.0
51 29 0 2.0
294 49 0 1.5
97 25 0 1.5
240 4 0 2.5
106 28 0 3.0
227 19 0 2.5
209 15 0 4.0
26 8 0 2.0
275 16 0 3.25
33 2 0 1.75
296 21 0 2.25
92 0 0 3.0
159 15 0 1.5
9 28 0 1.75
33 12 0 3.75
105 9 0 3.25
353 0 0 2.5
131 30 0 2.75
246 23 0 3.0
179 80 0 2.0
15 -23 0 2.75
113 11 0 2.5
217 20 0 3.0
189 28 0 3.25
117 20 0 2.25
150 14 0 2.5
127 7 0 2.75
127 10 0 3.5
285 -4 0 2.75
286 1 0 3.5
222 -14 0 3.75
7 20 0 1.5
97 28 0 2.25
314 22 0 3.75
178 27 0 2.0
138 3 0 3.0
187 13 0 2.75
284 19 0 1.5
172 23 0 2.5
204 16 0 2.0
273 11 0 3.5
28 10 0 2.75
307 4 0 3.75
301 30 0 2.25
25 14 0 2.25
189 23 0 2.0
146 18 0 3.0
335 16 0 2.75
251 4 0 1.5
134 -5 0 2.75
179 20 0 2.0
267 3 0 1.75
336 22 0 1.75
56 22 0 2.25
285 10 0 3.25
163 26 0 3.5
252 1 0 3.0
41 15 0 2.0
226 16 0 3.5
357 17 0 2.25
229 12 0 4.0
301 41 0 2.25
115 19 0 3.75
342 15 0 3.0
213 31 0 4.0
204 9 0 2.25
292 21 0 2.75
335 -5 0 3.0
244 0 0 2.5
342 23 0 4.0
212 16 0 2.25
299 30 0 4.0
19 3 0 3.0
148 -18 0 1.75
319 3 0 2.25
143 19 0 1.75
297 26 0 3.75
163 1 0 2.5
14 15 0 4.0
342 9 0 3.25
47 18 0 2.75
341 28 0 2.75
167 30 0 3.0
111 -12 0 1.75
186 16 0 1.75
159 29 0 3.0
126 25 0 1.75
5 9 0 4.0
339 35 0 1.5
77 5 0 2.5
32 4 0 1.75
246 -30 0 1.5
146 3 0 1.5
31 6 0 2.25
8 56 0 1.5
284 17 0 2.25
72 23 0 2.5
161 78 0 1.5
217 25 0 1.5
192 10 0 2.5
65 -13 0 2.25
351 24 0 3.5
265 21 0 1.75
41 -23 0 3.75
128 15 0 3.0
88 5 0 2.75
281 -27 0 3.0
232 30 0 2.0
290 8 0 2.75
145 7 0 2.75
35 23 0 2.25
117 27 0 3.5
344 1 0 3.75
96 26 0 3.25
210 10 0 1.5
113 4 0 2.0
17 -43 0 4.0
176 8 0 2.5
345 3 0 1.75
247 24 0 3.25
223 5 0 3.75
256 7 0 1.5
80 23 0 2.0
216 10 0 2.5
316 36 0 3.0
152 -4 0 4.0
350 27 0 2.0
241 15 0 3.0
228 24 0 4.0
18 29 0 2.0
234 35 0 3.75
140 17 0 3.5
26 10 0 3.25
311 16 0 2.0
237 30 0 3.25
150 12 0 3.5
45 58 0 2.0
166 14 0 2.75
40 18 0 1.75
353 21 0 4.0
110 4 0 3.25
287 11 0 3.0
156 8 0 2.75
40 28 0 1.75
137 30 0 3.75
351 22 0 2.25
82 8 0 2.25
37 22 0 4.0
287 -18 0 3.75
312 17 0 3.25
346 7 0 1.5
280 51 0 3.75
170 9 0 2.0
151 28 0 1.5
224 18 0 3.25
176 30 0 3.25
130 9 0 2.25
294 12 0 3.25
240 67 0 2.75
353 25 0 3.5
65 7 0 1.5
351 16 0 3.25
7 23 0 3.0
54 1 0 3.5
96 25 0 2.0
153 4 0 1.5
100 35 0 1.75
157 -14 0 3.25
281 14 0 2.5
100 1 0 3.0
86 -16 0 2.25
281 5 0 2.5
130 5 0 3.5
329 -7 0 2.75
42 9 0 2.5
97 23 0 2.5
219 5 0 2.25
24 17 0 2.25
185 17 0 2.75
204 60 0 3.5
165 22 0 3.75
21 3 0 2.5
332 2 0 2.5
87 3 0 2.5
325 7 0 3.25
312 46 0 1.5
206 5 0 3.5
334 5 0 2.25
282 12 0 1.5
33 30 0 2.25
159 26 0 3.75
179 46 0 2.25
57 8 0 2.0
117 29 0 1.5
43 17 0 2.25
135 1 0 3.75
146 18 0 4.0
318 4 0 2.25
12 23 0 3.0
283 4 0 2.5
