58 27 0 2.5
260 20 0 2.25
262 37 0 4.0
34 0 0 3.25
85 29 0 3.75
283 18 0 3.25
192 25 0 3.5
51 19 0 2.25
287 28 0 3.5
1 27 0 2.25
158 2 0 2.0
103 13 0 3.0
243 29 0 2.0
132 28 0 3.5
287 24 0 3.25
266 5 0 2.0
291 24 0 2.5
3 16 0 2.5
265 11 0 2.25
49 12 0 3.0
190 37 0 2.5
7 21 0 3.25
198 10 0 2.75
359 27 0 2.5
92 1 0 3.5
255 9 0 3.5
158 4 0 2.0
176 3 0 3.25
183 29 0 2.0
333 22 0 3.25
213 17 0 3.0
307 29 0 2.25
31 52 0 3.5
103 17 0 3.5
98 6 0 2.5
2 29 0 2.25
46 6 0 3.25
331 15 0 3.5
72 23 0 2.75
150 14 0 3.5
345 17 0 3.25
219 26 0 2.0
53 13 0 2.5
145 18 0 3.75
90 14 0 4.0
203 44 0 2.5
216 2 0 2.75
47 3 0 3.25
182 26 0 2.5
210 22 0 2.75
172 27 0 3.25
102 11 0 2.75
127 13 0 2.25
114 8 0 3.5
250 50 0 3.5
349 16 0 3.75
273 13 0 3.25
272 27 0 2.5
155 24 0 3.5
34 8 0 3.75
303 8 0 4.0
137 5 0 4.0
178 21 0 3.5
302 13 0 3.75
316 5 0 3.25
11 4 0 3.25
358 12 0 2.5
97 15 0 3.25
296 18 0 3.0
355 26 0 3.5
316 8 0 4.0
234 18 0 3.5
274 26 0 2.75
156 27 0 2.5
264 10 0 2.0
298 14 0 3.5
175 23 0 2.5
246 0 0 2.75
63 4 0 2.75
268 23 0 4.0
28 2 0 2.5
190 55 0 3.75
153 19 0 2.75
141 0 0 3.25
258 35 0 4.0
154 21 0 2.0
330 20 0 2.0
26 15 0 3.5
308 0 0 3.0
113 35 0 3.0
112 2 0 2.0
297 27 0 3.75
322 22 0 3.5
53 24 0 4.0
207 40 0 2.25
180 24 0 2.25
289 10 0 3.25
169 3 0 3.75
165 24 0 2.0
54 1 0 2.75
319 16 0 4.0
80 20 0 3.5
235 9 0 3.25
205 19 0 4.0
261 1 0 2.75
109 27 0 3.75
148 26 0 3.5
234 28 0 4.0
262 36 0 3.25
10 28 0 2.5
135 24 0 3.25
128 10 0 4.0
240 5 0 2.25
113 47 0 2.0
121 11 0 2.5
68 19 0 4.0
107 30 0 2.75
38 0 0 3.75
308 1 0 2.0
264 50 0 2.75
292 16 0 2.25
303 6 0 3.25
347 14 0 2.0
55 13 0 2.75
162 10 0 3.0
174 6 0 4.0
82 28 0 3.25
267 29 0 3.0
263 25 0 3.75
95 11 0 3.25
282 29 0 3.0
170 27 0 2.75
199 27 0 3.25
224 26 0 3.0
183 7 0 2.25
112 2 0 3.0
344 27 0 4.0
87 11 0 2.25
211 4 0 3.25
31 20 0 3.5
356 5 0 3.75
224 27 0 2.5
180 4 0 3.25
13 18 0 2.5
193 9 0 2.75
140 14 0 2.0
296 58 0 3.5
329 2 0 3.25
332 1 0 2.25
320 60 0 3.0
60 30 0 2.0
207 14 0 2.75
141 30 0 3.75
122 72 0 2.5
47 31 0 2.25
278 7 0 3.25
306 12 0 2.0
35 19 0 2.0
33 6 0 3.0
223 50 0 2.0
11 3 0 2.5
246 32 0 3.75
278 11 0 3.0
307 17 0 3.25
8 26 0 3.5
245 27 0 3.75
251 10 0 2.25
318 26 0 4.0
185 29 0 3.25
165 28 0 3.5
80 30 0 2.0
181 7 0 2.0
23 34 0 2.5
26 40 0 3.5
263 25 0 2.0
111 29 0 2.25
184 12 0 3.75
26 7 0 2.0
83 3 0 2.25
285 25 0 3.75
76 26 0 3.25
260 15 0 3.5
337 30 0 2.25
196 9 0 2.25
105 7 0 2.0
141 8 0 3.5
269 17 0 3.75
81 3 0 2.5
84 2 0 2.5
167 30 0 2.25
83 23 0 2.5
275 1 0 2.75
53 11 0 2.25
279 26 0 3.5
63 10 0 3.0
57 2 0 3.75
191 24 0 3.5
217 27 0 3.5
67 22 0 4.0
84 26 0 2.5
188 3 0 2.5
176 18 0 3.5
181 4 0 2.5
156 2 0 2.0
33 8 0 2.0
180 10 0 2.0
160 1 0 3.25
93 29 0 2.25
222 49 0 2.5
144 1 0 3.0
356 11 0 3.0
330 17 0 4.0
239 14 0 2.5
267 8 0 3.25
203 10 0 4.0
320 29 0 3.25
122 12 0 3.75
284 24 0 2.25
333 2 0 3.75
244 9 0 2.0
13 20 0 3.25
228 11 0 3.25
129 23 0 3.25
350 6 0 2.75
132 4 0 3.0
51 18 0 3.75
243 19 0 4.0
266 24 0 2.0
89 6 0 3.5
149 15 0 3.75
53 29 0 2.0
329 5 0 2.5
90 27 0 3.75
172 24 0 3.25
276 3 0 2.5
234 13 0 3.25
216 71 0 2.0
247 10 0 2.0
231 29 0 3.25
258 3 0 2.25
267 10 0 3.5
163 29 0 3.0
107 5 0 2.5
291 21 0 2.5
187 0 0 3.25
51 25 0 2.5
163 23 0 3.5
260 19 0 3.0
317 55 0 2.5
304 10 0 2.75
51 60 0 3.5
351 24 0 2.5
350 12 0 3.0
146 14 0 2.75
282 3 0 3.75
56 16 0 3.5
321 56 0 2.75
160 18 0 4.0
274 28 0 4.0
296 4 0 2.75
274 14 0 2.75
184 9 0 4.0
298 20 0 2.25
67 22 0 2.75
24 9 0 3.0
273 16 0 2.5
250 24 0 3.5
157 9 0 2.25
121 3 0 4.0
170 15 0 2.5
244 13 0 2.25
2 28 0 3.5
1 25 0 2.5
45 3 0 2.5
145 13 0 2.25
306 15 0 4.0
158 29 0 2.0
211 10 0 3.5
246 16 0 3.5
313 20 0 3.75
316 6 0 3.75
228 24 0 3.25
89 7 0 2.25
276 5 0 3.25
263 29 0 3.5
226 10 0 3.0
125 17 0 3.25
236 12 0 4.0
117 0 0 2.75
49 7 0 2.75
270 10 0 2.75
28 11 0 3.0
275 23 0 2.5
156 3 0 3.0
332 7 0 3.5
349 7 0 2.5
186 68 0 3.25
173 13 0 3.75
49 28 0 3.0
50 30 0 3.0
313 9 0 3.25
81 17 0 3.5
165 3 0 2.5
326 27 0 2.0
187 28 0 3.25
97 14 0 2.5
276 1 0 2.75
30 19 0 3.0
83 6 0 4.0
128 29 0 3.0
230 23 0 3.5
291 24 0 4.0
318 59 0 3.75
74 5 0 3.75
18 7 0 2.25
328 0 0 3.5
301 0 0 3.5
312 7 0 4.0
330 28 0 2.25
341 19 0 3.25
23 10 0 2.0
113 27 0 4.0
31 14 0 2.0
227 16 0 3.25
151 6 0 2.75
353 8 0 2.0
298 24 0 2.0
68 16 0 2.75
193 1 0 3.75
186 5 0 2.75
72 5 0 3.25
222 17 0 3.25
342 34 0 2.5
21 17 0 2.5
15 28 0 2.75
41 3 0 3.75
209 61 0 3.25
7 23 0 2.0
197 14 0 2.75
31 10 0 3.5
269 23 0 3.25
108 11 0 3.75
339 14 0 3.0
231 11 0 3.0
5 17 0 3.75
131 19 0 2.0
284 21 0 2.5
160 28 0 2.25
146 8 0 2.75
310 4 0 2.25
326 14 0 3.25
181 20 0 2.75
247 1 0 3.0
241 16 0 2.0
222 3 0 3.0
196 4 0 2.0
123 0 0 3.5
225 9 0 3.0
53 6 0 3.5
333 23 0 3.75
147 4 0 3.25
127 22 0 3.0
61 21 0 3.25
19 3 0 2.75
219 0 0 3.75
356 13 0 2.5
186 25 0 4.0
216 25 0 2.5
34 17 0 3.75
146 13 0 3.5
302 13 0 3.25
188 12 0 2.25
198 28 0 2.25
180 26 0 2.25
189 55 0 2.0
115 19 0 2.75
149 10 0 3.5
184 26 0 2.25
135 16 0 2.5
288 24 0 3.75
254 1 0 3.0
257 35 0 3.0
106 4 0 3.5
351 21 0 3.0
264 18 0 3.25
185 17 0 2.0
304 19 0 2.5
273 21 0 2.25
245 30 0 4.0
146 13 0 2.75
284 10 0 3.0
209 3 0 3.25
179 23 0 2.75
110 21 0 3.0
281 7 0 2.5
154 14 0 3.0
21 1 0 3.75
334 26 0 3.25
352 2 0 2.25
205 0 0 2.0
308 32 0 2.75
192 18 0 2.0
198 19 0 4.0
135 30 0 4.0
267 25 0 4.0
15 1 0 3.5
279 26 0 2.5
291 26 0 4.0
159 2 0 2.25
86 2 0 3.5
341 27 0 2.0
176 30 0 2.25
173 14 0 2.25
337 16 0 2.75
22 20 0 3.75
349 9 0 2.25
45 5 0 2.5
60 3 0 2.0
326 3 0 4.0
239 2 0 2.5
2 5 0 3.25
209 16 0 3.0
129 2 0 3.75
186 15 0 2.5
273 25 0 2.0
322 24 0 2.25
92 0 0 2.25
297 1 0 2.25
152 8 0 3.75
11 9 0 2.0
80 8 0 2.75
14 4 0 4.0
15 3 0 4.0
344 14 0 3.75
77 13 0 2.75
313 9 0 2.25
183 7 0 2.0
280 1 0 2.5
120 28 0 3.5
200 28 0 4.0
132 17 0 3.75
2 29 0 3.5
19 2 0 4.0
289 5 0 3.75
246 30 0 3.25
56 29 0 2.0
75 6 0 3.75
158 12 0 2.5
89 45 0 3.0
276 19 0 3.25
185 12 0 2.5
61 30 0 2.5
101 14 0 3.5
184 5 0 2.25
358 10 0 3.75
126 27 0 3.5
32 21 0 3.0
154 8 0 4.0
100 6 0 3.25
8 28 0 3.5
345 22 0 3.0
215 16 0 3.75
12 8 0 2.5
249 11 0 3.75
151 3 0 3.75
179 15 0 3.75
225 30 0 2.25
26 9 0 3.0
35 24 0 2.5
305 7 0 2.0
165 30 0 2.0
148 30 0 2.75
80 13 0 3.75
244 6 0 2.5
85 17 0 2.25
346 14 0 3.75
147 12 0 2.5
292 19 0 3.25
9 1 0 2.25
39 11 0 3.75
348 3 0 3.75
254 1 0 3.25
317 18 0 2.25
162 0 0 3.0
62 24 0 4.0
261 18 0 4.0
68 7 0 3.0
98 26 0 2.0
47 14 0 2.25
212 28 0 2.5
267 20 0 2.0
262 28 0 4.0
75 6 0 4.0
92 29 0 2.75
347 1 0 4.0
264 24 0 3.5
163 21 0 3.5
67 23 0 3.5
133 0 0 3.25
194 25 0 3.0
301 8 0 3.75
49 29 0 3.75
95 1 0 2.0
149 8 0 4.0
245 1 0 4.0
144 6 0 3.25
117 2 0 4.0
247 8 0 3.5
155 14 0 2.0
310 1 0 4.0
19 24 0 2.0
118 10 0 2.25
83 16 0 2.25
252 30 0 2.5
219 28 0 2.25
179 28 0 2.0
143 19 0 2.75
178 29 0 3.75
351 28 0 3.0
177 10 0 3.75
143 51 0 3.0
229 8 0 2.0
42 7 0 2.25
324 0 0 4.0
61 35 0 3.0
250 2 0 2.25
346 18 0 2.25
37 2 0 2.5
337 6 0 3.75
75 30 0 2.0
9 6 0 2.5
251 1 0 2.5
22 11 0 4.0
169 22 0 2.75
289 27 0 3.0
24 29 0 4.0
214 27 0 3.75
86 8 0 3.5
175 19 0 2.75
326 19 0 2.75
45 8 0 2.0
198 23 0 3.5
80 5 0 3.75
39 4 0 3.75
330 26 0 2.75
299 4 0 4.0
310 25 0 2.25
200 30 0 2.25
228 12 0 2.25
314 7 0 2.0
34 23 0 3.0
164 29 0 2.25
318 10 0 3.0
15 29 0 3.25
229 10 0 2.75
37 24 0 2.25
92 50 0 2.0
249 10 0 3.5
202 21 0 3.5
41 9 0 3.0
76 6 0 3.5
233 13 0 2.25
257 5 0 2.0
345 2 0 2.0
8 4 0 2.25
57 8 0 2.75
257 27 0 2.75
326 18 0 2.75
111 0 0 3.5
166 20 0 3.0
304 9 0 3.5
113 11 0 2.75
201 25 0 3.25
257 1 0 2.25
212 17 0 3.5
194 14 0 2.25
293 27 0 2.5
304 17 0 3.5
198 2 0 3.25
359 8 0 3.25
90 21 0 2.5
42 22 0 3.25
72 11 0 4.0
313 28 0 2.25
144 10 0 2.5
22 17 0 3.75
342 5 0 2.0
157 28 0 3.25
257 4 0 3.0
193 2 0 2.75
200 6 0 3.75
328 1 0 2.0
324 2 0 2.5
29 0 0 4.0
1 24 0 2.75
185 14 0 2.25
47 27 0 4.0
118 20 0 2.25
52 30 0 3.0
152 29 0 4.0
129 1 0 3.5
208 27 0 3.0
41 13 0 2.75
287 9 0 2.0
197 28 0 2.75
356 0 0 2.25
1 43 0 2.25
116 23 0 3.0
239 30 0 2.5
329 25 0 2.0
183 27 0 2.5
47 26 0 3.0
272 26 0 4.0
335 28 0 2.5
100 2 0 3.0
48 4 0 3.25
263 27 0 3.0
327 18 0 2.0
74 3 0 3.75
6 7 0 3.5
278 7 0 2.25
296 27 0 4.0
295 23 0 3.5
110 22 0 4.0
180 20 0 4.0
326 7 0 2.25
67 19 0 4.0
235 7 0 3.5
231 21 0 3.5
310 15 0 2.5
181 0 0 3.25
147 27 0 2.25
308 13 0 2.0
32 29 0 3.75
181 3 0 2.25
137 28 0 2.5
274 25 0 2.75
334 2 0 2.5
77 21 0 2.5
329 5 0 3.25
139 2 0 3.75
24 30 0 3.5
231 9 0 3.0
226 4 0 2.0
56 23 0 2.75
168 20 0 3.5
176 27 0 3.5
316 7 0 3.75
12 29 0 3.25
217 21 0 3.5
250 30 0 2.0
140 4 0 4.0
135 4 0 3.75
216 23 0 2.0
243 14 0 3.75
308 24 0 3.25
11 28 0 2.25
96 28 0 3.75
230 27 0 4.0
101 17 0 3.0
234 29 0 3.0
278 11 0 3.5
18 2 0 4.0
26 19 0 3.75
156 18 0 3.25
178 40 0 4.0
323 28 0 3.25
287 8 0 3.5
73 12 0 3.25
279 29 0 2.25
127 21 0 4.0
153 49 0 4.0
178 12 0 2.5
227 13 0 2.25
304 17 0 4.0
342 3 0 2.75
312 4 0 3.75
146 30 0 4.0
291 11 0 2.5
52 12 0 2.75
96 11 0 4.0
168 3 0 4.0
168 1 0 2.75
170 28 0 2.25
213 3 0 2.25
228 12 0 2.5
121 14 0 3.5
333 25 0 3.0
149 16 0 3.5
176 19 0 3.75
30 27 0 3.75
64 10 0 3.0
78 30 0 3.25
160 0 0 2.0
2 18 0 3.0
269 0 0 2.25
52 12 0 2.0
110 4 0 2.0
123 23 0 3.75
230 16 0 2.25
203 24 0 2.75
162 13 0 3.75
235 27 0 3.25
230 1 0 4.0
222 24 0 2.25
316 24 0 4.0
212 29 0 2.25
272 12 0 2.5
47 7 0 3.25
320 28 0 2.75
169 14 0 3.25
282 6 0 3.75
308 15 0 2.25
333 13 0 2.75
351 14 0 3.5
172 30 0 3.25
7 20 0 2.0
118 16 0 2.25
26 10 0 3.25
231 11 0 3.5
356 14 0 3.0
173 30 0 2.25
325 2 0 4.0
76 30 0 3.75
331 11 0 2.75
177 26 0 3.25
272 11 0 2.75
149 1 0 2.75
136 3 0 3.5
154 22 0 3.25
190 1 0 3.5
283 28 0 2.25
150 12 0 3.25
103 45 0 2.5
282 0 0 3.0
129 15 0 2.25
272 59 0 3.0
213 27 0 2.75
242 25 0 2.75
174 30 0 3.25
31 30 0 3.25
320 7 0 2.25
45 18 0 4.0
216 20 0 3.0
50 19 0 3.5
251 29 0 3.25
199 8 0 2.5
288 17 0 3.0
306 12 0 2.75
269 16 0 3.0
87 12 0 2.0
59 19 0 4.0
68 6 0 3.0
263 18 0 3.75
308 5 0 3.75
34 24 0 3.0
95 1 0 3.5
242 9 0 3.0
222 22 0 3.75
152 71 0 2.25
27 7 0 3.0
33 4 0 3.0
200 9 0 2.5
43 5 0 3.75
221 24 0 3.5
117 10 0 2.5
172 19 0 2.75
91 10 0 2.25
121 26 0 3.5
82 23 0 3.0
57 20 0 3.0
140 18 0 2.75
49 13 0 3.0
27 17 0 3.75
115 29 0 2.75
86 28 0 3.5
259 24 0 4.0
338 25 0 4.0
225 12 0 2.5
122 8 0 4.0
90 3 0 3.75
140 16 0 2.0
58 13 0 3.25
268 30 0 2.5
21 5 0 3.5
338 30 0 2.0
321 0 0 3.25
312 18 0 4.0
187 11 0 2.25
87 10 0 3.25
304 1 0 2.75
3 1 0 3.25
242 27 0 2.0
342 53 0 3.25
112 10 0 2.75
239 5 0 2.0
229 8 0 2.75
200 6 0 3.0
93 6 0 2.25
46 17 0 2.75
226 23 0 2.75
356 4 0 2.0
200 2 0 2.25
154 21 0 3.25
288 19 0 4.0
87 23 0 2.25
102 2 0 3.25
53 10 0 2.75
120 2 0 4.0
252 11 0 2.25
257 43 0 4.0
113 18 0 3.75
166 23 0 2.0
127 53 0 3.25
95 8 0 2.0
271 22 0 2.25
149 6 0 2.0
291 0 0 3.25
335 21 0 2.25
311 30 0 2.25
280 19 0 3.0
54 2 0 2.5
176 12 0 2.25
67 17 0 4.0
179 22 0 3.0
231 28 0 2.0
241 25 0 3.5
76 10 0 3.75
122 6 0 3.25
273 18 0 3.75
258 1 0 3.25
152 12 0 2.5
328 26 0 3.5
171 4 0 2.75
226 11 0 3.5
267 9 0 3.5
144 9 0 3.5
165 4 0 3.75
77 13 0 2.0
304 14 0 2.0
110 11 0 3.5
184 22 0 2.75
308 17 0 3.25
294 22 0 2.75
86 9 0 2.5
73 22 0 4.0
177 12 0 4.0
314 27 0 2.75
112 19 0 3.75
101 17 0 2.5
127 19 0 2.0
301 24 0 2.75
44 29 0 4.0
162 0 0 3.75
52 3 0 2.25
310 30 0 2.5
243 27 0 2.5
14 3 0 3.25
289 3 0 2.5
337 8 0 3.0
132 18 0 2.25
228 26 0 2.5
308 25 0 2.75
29 15 0 2.5
241 66 0 3.0
174 71 0 4.0
74 29 0 3.25
281 29 0 3.75
256 27 0 4.0
282 23 0 3.0
210 7 0 2.5
280 3 0 2.0
29 7 0 2.0
113 9 0 2.0
135 6 0 2.75
2 2 0 2.0
303 2 0 2.25
299 10 0 3.25
333 5 0 3.0
145 5 0 2.75
179 4 0 3.0
222 22 0 2.25
185 3 0 2.25
266 6 0 2.25
224 5 0 3.75
26 36 0 2.5
15 13 0 2.5
297 23 0 2.75
33 17 0 2.75
190 23 0 3.5
125 21 0 2.25
340 5 0 3.5
293 17 0 2.75
298 11 0 3.75
283 22 0 2.25
10 27 0 3.0
231 25 0 3.75
110 28 0 3.0
320 6 0 2.5
344 10 0 3.0
200 18 0 2.5
224 7 0 3.25
349 26 0 3.5
88 7 0 3.75
129 4 0 2.5
283 23 0 2.0
177 8 0 2.0
199 0 0 2.75
130 24 0 2.0
51 19 0 3.75
229 18 0 2.5
252 23 0 3.0
29 15 0 4.0
127 20 0 2.5
30 25 0 4.0
124 14 0 3.5
320 11 0 3.25
123 2 0 3.75
197 25 0 2.25
185 1 0 2.5
238 14 0 3.75
144 41 0 2.5
227 18 0 3.5
197 11 0 3.75
304 15 0 2.0
169 25 0 2.5
223 3 0 2.25
332 58 0 3.5
333 4 0 2.5
181 11 0 3.75
340 9 0 3.25
264 2 0 4.0
185 6 0 3.75
91 2 0 2.25
191 27 0 2.5
71 10 0 2.0
178 3 0 2.25
317 8 0 2.75
192 28 0 2.0
286 22 0 3.25
189 14 0 3.75
87 4 0 2.75
11 7 0 3.75
76 11 0 4.0
277 0 0 2.0
75 7 0 3.75
29 0 0 2.25
263 12 0 4.0
140 18 0 2.25
176 1 0 3.5
144 3 0 3.5
66 0 0 2.5
13 27 0 3.25
8 14 0 2.5
29 6 0 4.0
335 0 0 2.0
292 43 0 2.5
105 5 0 2.75
9 26 0 4.0
316 27 0 2.75
180 53 0 3.75
72 17 0 2.0
1 17 0 3.0
330 9 0 3.0
290 25 0 2.5
1 22 0 2.25
34 25 0 4.0
261 2 0 3.0
245 22 0 2.25
314 12 0 2.25
1 3 0 2.25
82 20 0 2.5
131 5 0 3.25
97 6 0 3.5
179 26 0 3.25
132 26 0 3.0
331 8 0 2.0
223 3 0 3.25
295 11 0 2.5
275 28 0 3.0
192 11 0 3.25
230 13 0 2.75
163 17 0 2.75
338 4 0 3.75
144 15 0 4.0
281 30 0 2.75
154 9 0 3.0
129 16 0 2.25
197 8 0 3.0
5 30 0 3.25
8 26 0 2.0
138 4 0 2.5
82 14 0 3.5
0 21 0 3.75
319 29 0 3.0
138 16 0 3.5
54 11 0 3.0
227 15 0 3.25
347 30 0 2.5
144 20 0 3.5
313 7 0 3.25
121 5 0 2.25
21 18 0 3.25
182 9 0 2.25
25 33 0 2.5
113 31 0 4.0
100 13 0 3.75
206 15 0 2.5
73 29 0 2.25
162 7 0 2.25
177 0 0 3.0
95 24 0 3.5
101 18 0 3.75
88 13 0 3.0
312 1 0 2.75
332 0 0 2.75
199 9 0 2.75
228 21 0 3.0
116 14 0 3.0
306 18 0 3.75
168 11 0 2.75
273 28 0 3.5
28 8 0 3.0
351 5 0 3.5
218 10 0 2.5
346 22 0 2.5
230 2 0 4.0
40 14 0 4.0
337 1 0 2.0
109 4 0 3.5
4 18 0 3.75
58 20 0 3.0
106 18 0 2.25
122 5 0 4.0
288 1 0 2.5
276 22 0 3.5
72 20 0 2.25
80 6 0 3.25
40 9 0 3.0
60 13 0 2.25
336 16 0 2.25
131 30 0 3.5
271 24 0 2.5
7 21 0 3.0
295 12 0 3.5
108 21 0 2.25
145 59 0 3.25
307 13 0 2.0
190 20 0 3.0
103 24 0 2.75
165 26 0 4.0
212 15 0 2.75
262 23 0 2.0
227 29 0 3.75
165 18 0 2.75
319 23 0 2.5
25 14 0 3.5
127 7 0 3.75
177 1 0 4.0
188 21 0 3.75
326 30 0 3.75
148 0 0 3.0
135 9 0 2.75
241 10 0 3.0
61 5 0 3.0
340 25 0 2.25
163 3 0 3.25
129 20 0 3.25
264 20 0 3.0
350 24 0 2.25
265 12 0 3.0
311 19 0 2.25
34 17 0 2.25
283 5 0 2.25
239 27 0 3.25
85 13 0 4.0
344 18 0 3.25
302 7 0 3.5
115 23 0 4.0
16 8 0 3.25
234 11 0 2.75
221 22 0 3.75
96 29 0 2.75
261 22 0 2.0
36 2 0 3.75
37 21 0 3.0
199 30 0 2.5
27 36 0 2.5
342 15 0 3.75
223 5 0 2.75
332 21 0 2.25
267 12 0 2.0
166 19 0 2.25
257 5 0 3.25
0 19 0 3.5
180 6 0 2.5
144 13 0 3.25
62 6 0 2.5
49 18 0 2.5
123 19 0 4.0
26 14 0 2.75
205 5 0 3.0
245 25 0 3.75
300 4 0 2.25
219 20 0 4.0
254 24 0 2.75
224 23 0 4.0
312 1 0 3.25
35 23 0 2.75
314 3 0 4.0
271 13 0 2.25
19 22 0 3.75
70 28 0 2.75
74 15 0 3.0
325 10 0 2.5
264 15 0 4.0
202 1 0 2.75
311 5 0 3.0
212 24 0 4.0
207 20 0 4.0
262 10 0 2.25
291 8 0 3.5
94 9 0 3.25
28 29 0 2.25
191 25 0 3.5
321 6 0 3.0
56 29 0 3.75
105 1 0 2.25
149 10 0 3.25
200 24 0 3.75
3 0 0 4.0
141 11 0 3.5
174 27 0 2.5
267 4 0 2.25
90 5 0 3.0
189 9 0 3.75
332 13 0 3.75
28 1 0 3.0
348 49 0 2.0
295 3 0 3.25
210 13 0 2.5
66 12 0 4.0
316 28 0 2.0
73 20 0 3.0
13 9 0 2.5
48 7 0 2.0
269 12 0 3.5
298 24 0 3.75
175 28 0 3.5
37 31 0 3.75
29 14 0 2.25
174 34 0 4.0
315 26 0 3.5
26 3 0 2.0
173 14 0 2.5
75 28 0 2.75
99 18 0 3.25
315 5 0 3.5
236 25 0 2.75
226 21 0 4.0
230 24 0 4.0
13 30 0 3.5
161 31 0 3.0
306 11 0 2.5
113 30 0 2.5
103 16 0 3.0
19 5 0 4.0
110 12 0 3.75
33 54 0 2.25
351 17 0 3.0
152 3 0 2.0
159 22 0 2.25
43 18 0 2.75
268 30 0 2.25
52 7 0 3.25
298 4 0 3.0
34 10 0 4.0
257 19 0 2.25
183 14 0 4.0
106 2 0 3.0
72 7 0 3.5
38 7 0 2.25
176 24 0 2.25
76 14 0 4.0
218 16 0 3.0
190 11 0 3.25
261 5 0 3.75
131 2 0 2.0
180 10 0 3.25
210 10 0 3.5
179 16 0 2.75
154 18 0 3.75
314 56 0 2.5
359 22 0 3.75
32 12 0 2.0
50 27 0 2.0
185 30 0 2.75
196 0 0 3.75
249 10 0 2.25
77 25 0 3.0
70 27 0 3.5
166 22 0 3.5
256 2 0 4.0
122 20 0 2.0
127 22 0 3.5
157 4 0 3.75
327 15 0 3.25
146 27 0 3.0
53 29 0 3.5
342 19 0 4.0
156 7 0 3.75
309 28 0 2.25
211 6 0 2.75
55 61 0 2.75
39 17 0 3.0
89 17 0 2.0
108 3 0 2.5
103 46 0 2.25
277 20 0 2.25
281 28 0 2.0
72 22 0 3.5
222 7 0 2.75
19 26 0 3.0
57 6 0 2.25
139 10 0 4.0
329 3 0 3.0
191 15 0 2.75
206 11 0 3.25
59 3 0 2.25
37 27 0 2.0
66 1 0 4.0
217 10 0 3.0
12 0 0 3.5
291 9 0 4.0
323 17 0 2.0
60 5 0 2.5
145 14 0 2.25
52 24 0 4.0
187 3 0 3.5
181 28 0 3.75
350 2 0 2.5
4 7 0 2.25
137 6 0 2.25
348 30 0 2.5
126 22 0 3.5
240 12 0 3.0
204 14 0 2.0
197 24 0 3.75
259 8 0 3.25
213 23 0 2.75
26 18 0 3.5
226 13 0 3.0
88 30 0 2.25
70 48 0 3.75
158 2 0 2.75
171 16 0 4.0
321 2 0 3.0
168 14 0 3.25
353 14 0 3.75
299 29 0 2.75
260 25 0 3.0
195 18 0 2.0
293 6 0 2.75
286 9 0 2.75
205 29 0 3.5
159 11 0 3.5
243 19 0 3.25
111 27 0 2.5
151 11 0 2.0
183 12 0 3.0
228 9 0 3.25
123 7 0 3.25
189 28 0 2.0
218 15 0 3.75
267 13 0 4.0
179 0 0 3.25
149 19 0 2.75
164 32 0 2.5
236 12 0 3.5
88 0 0 4.0
47 7 0 3.0
245 21 0 2.25
49 7 0 2.5
232 23 0 3.5
338 9 0 4.0
0 16 0 2.0
169 19 0 3.25
80 14 0 3.75
300 2 0 2.75
5 1 0 3.75
39 5 0 3.0
286 12 0 3.25
227 28 0 4.0
120 58 0 4.0
233 10 0 2.0
232 23 0 2.75
51 39 0 4.0
237 25 0 3.0
26 27 0 2.0
213 0 0 2.0
218 18 0 2.5
57 27 0 3.5
356 29 0 3.0
74 7 0 3.25
309 8 0 2.25
321 5 0 2.0
265 14 0 4.0
273 4 0 3.5
263 3 0 2.25
245 5 0 3.0
199 19 0 2.75
154 21 0 2.25
342 12 0 4.0
201 3 0 3.25
194 17 0 3.5
331 19 0 2.0
358 24 0 2.75
151 29 0 3.0
295 11 0 3.5
359 16 0 2.75
49 26 0 3.0
0 29 0 2.0
2 5 0 4.0
132 6 0 2.0
17 1 0 2.75
328 28 0 3.75
96 2 0 2.25
359 0 0 4.0
137 25 0 4.0
101 16 0 4.0
355 30 0 2.0
110 8 0 2.5
96 12 0 4.0
245 8 0 2.75
276 12 0 4.0
22 12 0 3.0
265 53 0 2.5
159 24 0 2.25
53 0 0 2.5
218 0 0 4.0
264 9 0 3.0
253 29 0 2.0
232 14 0 3.5
91 14 0 2.25
235 3 0 3.75
352 6 0 3.25
40 11 0 2.0
276 23 0 2.0
256 19 0 4.0
306 13 0 2.0
46 22 0 3.25
46 3 0 2.25
82 22 0 2.75
211 10 0 4.0
208 5 0 3.5
252 9 0 2.25
233 25 0 4.0
289 6 0 3.25
206 19 0 3.5
314 19 0 2.75
8 4 0 2.5
255 12 0 4.0
185 29 0 2.25
302 23 0 3.5
149 57 0 3.75
247 30 0 2.25
332 27 0 2.5
23 27 0 2.75
302 2 0 3.25
223 5 0 3.75
36 3 0 3.5
111 40 0 2.75
186 2 0 2.0
283 38 0 3.75
220 3 0 2.0
156 28 0 2.25
37 29 0 4.0
190 26 0 2.75
178 20 0 2.0
66 8 0 2.0
115 29 0 3.5
334 22 0 2.0
77 25 0 3.75
14 27 0 3.0
321 19 0 2.25
114 12 0 3.25
292 7 0 3.0
129 27 0 2.75
142 8 0 2.5
44 64 0 2.0
190 8 0 3.5
11 25 0 2.25
110 3 0 3.5
75 30 0 4.0
220 19 0 3.75
142 24 0 2.75
84 11 0 3.75
303 29 0 3.0
345 11 0 2.0
26 28 0 3.5
68 15 0 3.25
49 30 0 3.0
52 12 0 4.0
207 18 0 2.0
318 21 0 4.0
275 12 0 3.5
164 20 0 2.5
137 3 0 2.25
193 53 0 2.25
186 26 0 2.0
122 20 0 3.25
25 1 0 3.25
187 9 0 3.5
174 3 0 3.0
201 1 0 4.0
214 4 0 3.5
39 13 0 3.75
42 2 0 2.25
108 48 0 3.75
330 9 0 3.25
0 10 0 4.0
131 16 0 2.5
81 10 0 4.0
242 28 0 2.25
224 25 0 2.75
353 5 0 2.5
167 18 0 3.5
248 20 0 4.0
124 2 0 3.5
342 9 0 3.0
112 29 0 2.0
266 18 0 3.25
66 18 0 2.5
210 12 0 4.0
260 30 0 2.5
47 1 0 2.75
263 11 0 3.25
99 29 0 3.0
78 6 0 2.25
70 11 0 3.25
167 27 0 3.0
23 30 0 2.25
275 20 0 4.0
63 15 0 2.25
118 23 0 3.5
94 0 0 2.25
231 11 0 2.0
108 48 0 3.5
252 22 0 3.5
330 0 0 3.75
43 11 0 3.25
334 2 0 4.0
5 17 0 2.5
88 20 0 2.25
57 26 0 3.25
168 7 0 3.25
31 10 0 3.0
239 21 0 3.0
322 12 0 3.0
24 9 0 2.75
180 8 0 2.25
141 13 0 3.75
143 0 0 2.75
224 12 0 3.25
207 5 0 3.75
251 18 0 2.75
79 0 0 3.5
205 17 0 3.5
274 48 0 3.5
127 8 0 2.0
116 20 0 3.0
6 15 0 2.75
16 21 0 4.0
143 16 0 2.75
2 22 0 2.0
137 1 0 4.0
145 25 0 3.0
80 21 0 4.0
158 5 0 2.5
176 11 0 3.25
8 6 0 3.5
207 25 0 4.0
68 9 0 2.25
81 24 0 2.5
294 25 0 2.75
218 28 0 2.5
79 1 0 2.75
192 16 0 2.25
55 28 0 3.5
105 8 0 3.5
308 29 0 3.75
41 24 0 2.0
39 27 0 3.25
318 18 0 3.0
251 15 0 2.25
42 9 0 4.0
91 17 0 2.0
331 14 0 2.25
349 10 0 3.75
355 16 0 2.5
142 26 0 3.5
345 28 0 3.75
167 12 0 3.0
326 4 0 2.0
78 24 0 2.0
73 21 0 2.25
118 8 0 2.0
106 12 0 4.0
309 29 0 2.25
303 21 0 3.5
6 9 0 3.0
258 19 0 3.25
42 17 0 2.0
18 14 0 2.5
166 16 0 3.75
158 34 0 4.0
235 48 0 2.5
11 0 0 3.0
17 28 0 2.0
219 22 0 4.0
316 14 0 4.0
221 10 0 3.25
190 2 0 4.0
344 13 0 3.75
268 13 0 2.75
113 16 0 2.25
197 9 0 4.0
331 0 0 3.75
308 24 0 4.0
190 12 0 3.5
306 29 0 2.75
256 8 0 2.5
332 29 0 3.0
325 10 0 3.75
131 9 0 4.0
133 14 0 3.75
12 24 0 2.0
53 25 0 2.75
25 16 0 3.25
151 28 0 2.25
150 11 0 2.25
351 18 0 3.25
222 10 0 3.75
240 22 0 2.75
29 20 0 2.25
96 9 0 2.0
98 5 0 2.0
241 19 0 2.25
309 8 0 2.75
211 4 0 2.25
272 29 0 3.5
160 22 0 2.75
318 4 0 4.0
71 19 0 3.0
230 16 0 2.75
23 6 0 3.75
312 3 0 2.5
104 3 0 2.5
276 0 0 2.5
317 17 0 3.25
83 20 0 3.75
198 24 0 3.0
327 26 0 4.0
263 20 0 4.0
267 15 0 3.0
120 16 0 2.0
301 14 0 3.5
142 44 0 3.5
254 48 0 2.25
220 44 0 4.0
39 22 0 2.75
41 30 0 3.25
149 16 0 3.25
309 0 0 2.25
4 13 0 4.0
175 17 0 2.75
308 22 0 3.25
12 7 0 2.25
22 7 0 4.0
183 20 0 3.5
254 8 0 3.0
271 7 0 4.0
122 21 0 3.0
145 9 0 3.75
284 33 0 2.75
327 7 0 3.25
302 3 0 2.5
63 22 0 3.0
115 8 0 2.5
162 28 0 2.25
48 2 0 3.0
310 9 0 3.5
45 1 0 4.0
92 3 0 3.0
70 29 0 4.0
122 8 0 3.75
316 19 0 3.75
357 10 0 3.25
170 27 0 4.0
31 11 0 2.75
122 26 0 2.5
162 11 0 3.75
279 3 0 2.0
177 9 0 2.0
270 1 0 2.75
113 8 0 2.0
98 19 0 3.25
223 8 0 2.5
141 27 0 2.5
110 26 0 2.5
154 9 0 2.75
309 30 0 3.75
212 1 0 3.25
240 18 0 3.5
54 21 0 3.25
82 17 0 3.25
275 20 0 3.0
306 14 0 3.75
229 29 0 2.0
78 9 0 4.0
83 1 0 4.0
291 27 0 3.5
153 6 0 2.0
272 10 0 2.0
117 26 0 4.0
93 22 0 3.75
89 7 0 2.5
265 60 0 3.75
351 13 0 2.5
338 26 0 3.5
151 15 0 3.5
76 19 0 3.75
84 27 0 2.0
258 12 0 3.5
230 23 0 3.25
57 10 0 3.25
129 3 0 2.75
216 12 0 2.0
300 23 0 3.75
258 22 0 3.75
178 22 0 2.75
317 22 0 2.25
26 24 0 4.0
284 30 0 3.5
277 5 0 2.5
333 17 0 2.75
112 20 0 2.25
84 17 0 2.5
62 15 0 2.75
164 17 0 4.0
128 3 0 2.25
245 19 0 2.25
190 30 0 3.75
241 1 0 3.75
137 15 0 3.25
85 25 0 4.0
219 0 0 4.0
252 44 0 3.75
60 16 0 3.75
205 8 0 3.0
233 11 0 3.5
273 16 0 3.75
242 29 0 3.75
346 10 0 2.25
29 22 0 2.75
85 20 0 2.25
174 13 0 2.0
63 23 0 2.5
46 7 0 3.5
186 5 0 4.0
44 14 0 2.75
313 10 0 3.25
82 0 0 2.0
149 22 0 2.75
130 18 0 4.0
250 26 0 4.0
110 17 0 4.0
8 1 0 3.25
320 13 0 2.75
122 17 0 3.5
353 1 0 2.75
247 21 0 2.75
81 13 0 4.0
108 18 0 2.0
212 14 0 2.5
15 41 0 2.5
69 29 0 2.25
284 23 0 2.75
162 19 0 2.0
167 30 0 3.5
228 20 0 2.25
63 1 0 3.75
332 19 0 2.75
306 1 0 2.0
26 14 0 2.5
302 11 0 3.75
209 3 0 2.5
38 23 0 3.25
344 26 0 3.5
10 5 0 3.25
53 6 0 2.5
71 30 0 3.0
329 2 0 2.0
102 22 0 3.5
251 26 0 3.75
317 30 0 3.0
90 4 0 2.5
232 1 0 3.25
320 29 0 3.75
178 1 0 2.75
308 3 0 2.0
347 8 0 4.0
202 25 0 3.25
167 19 0 2.75
14 7 0 3.5
277 21 0 2.5
85 19 0 2.0
251 23 0 3.0
306 25 0 2.0
5 29 0 3.25
45 20 0 2.25
110 30 0 4.0
211 26 0 3.25
203 18 0 2.0
4 26 0 3.25
125 7 0 3.75
179 2 0 3.5
276 18 0 2.75
148 17 0 2.0
283 24 0 3.75
25 1 0 2.75
32 29 0 3.25
277 5 0 2.75
119 14 0 2.75
121 5 0 3.0
304 6 0 2.5
333 27 0 4.0
241 6 0 3.0
332 10 0 3.5
212 11 0 3.75
69 21 0 2.0
210 19 0 2.25
68 18 0 2.0
197 0 0 2.75
224 4 0 3.75
270 68 0 3.25
289 5 0 4.0
145 13 0 3.75
178 10 0 3.0
128 0 0 3.75
86 0 0 3.25
51 2 0 3.25
54 22 0 4.0
181 12 0 4.0
184 11 0 3.0
130 27 0 3.25
140 22 0 3.0
162 12 0 2.25
126 10 0 2.25
98 5 0 4.0
153 57 0 2.0
234 17 0 4.0
209 22 0 3.25
47 1 0 3.0
292 16 0 2.5
205 11 0 2.75
135 27 0 3.75
33 0 0 2.0
303 30 0 3.0
70 1 0 3.5
279 5 0 2.5
223 28 0 2.25
242 24 0 3.25
3 21 0 4.0
72 30 0 2.5
345 20 0 3.25
65 13 0 3.0
343 19 0 2.0
188 8 0 2.75
46 15 0 2.25
251 7 0 2.75
167 15 0 3.25
256 19 0 2.75
186 23 0 2.75
145 18 0 3.5
103 16 0 2.0
274 30 0 2.75
194 25 0 2.5
289 22 0 2.75
245 1 0 3.0
325 14 0 3.75
267 6 0 2.75
325 7 0 3.75
7 18 0 3.0
253 27 0 3.25
115 15 0 2.75
48 28 0 2.0
87 5 0 3.5
259 16 0 3.25
37 23 0 2.0
185 11 0 2.75
259 26 0 3.75
302 7 0 3.75
129 8 0 2.25
320 24 0 4.0
170 3 0 2.75
325 15 0 2.75
223 1 0 4.0
331 27 0 2.5
39 21 0 2.5
266 15 0 2.25
54 18 0 3.75
252 9 0 2.5
75 35 0 2.25
291 14 0 3.25
85 55 0 3.25
312 9 0 2.0
13 16 0 3.0
109 1 0 2.25
99 26 0 3.25
32 32 0 2.75
105 11 0 2.0
271 11 0 3.0
163 14 0 2.5
84 22 0 2.75
116 27 0 3.25
96 3 0 2.0
220 8 0 4.0
66 20 0 3.5
281 11 0 3.0
114 27 0 3.0
193 0 0 2.0
56 27 0 4.0
35 30 0 3.75
38 40 0 3.75
324 30 0 3.25
28 62 0 2.25
69 65 0 2.75
253 29 0 2.25
160 28 0 4.0
91 22 0 2.75
95 9 0 3.0
168 4 0 2.0
235 22 0 3.0
5 21 0 3.25
339 16 0 3.75
125 12 0 3.5
266 27 0 3.75
23 20 0 2.5
304 10 0 3.5
268 11 0 2.75
18 11 0 3.75
308 17 0 2.75
231 15 0 2.0
38 23 0 2.75
236 2 0 2.5
199 18 0 3.25
69 29 0 2.5
119 5 0 3.75
136 37 0 3.25
68 16 0 2.25
40 1 0 2.25
196 10 0 3.5
102 14 0 4.0
60 18 0 3.25
158 11 0 3.5
113 13 0 2.25
337 18 0 2.0
216 28 0 3.25
307 4 0 3.0
253 23 0 2.0
86 26 0 3.5
117 18 0 3.25
359 16 0 3.75
209 21 0 3.25
251 8 0 3.0
230 29 0 4.0
177 6 0 2.5
162 15 0 3.25
4 13 0 2.75
196 23 0 3.0
271 26 0 3.5
132 11 0 3.5
97 24 0 2.0
13 4 0 2.5
160 30 0 4.0
337 1 0 3.0
292 28 0 2.75
92 3 0 3.25
3 6 0 3.25
180 1 0 2.25
240 22 0 2.0
54 3 0 2.75
49 27 0 2.25
79 20 0 2.0
274 9 0 2.0
269 22 0 3.75
180 30 0 4.0
317 60 0 2.5
40 23 0 2.25
213 13 0 4.0
2 15 0 4.0
293 25 0 3.25
339 4 0 3.75
304 1 0 3.0
18 30 0 3.25
173 9 0 2.25
326 11 0 3.25
205 17 0 3.0
353 12 0 3.25
131 29 0 2.25
136 27 0 3.25
113 7 0 2.25
72 15 0 3.25
306 7 0 2.25
339 8 0 3.5
137 29 0 3.75
36 5 0 2.25
294 24 0 2.0
327 18 0 3.5
229 15 0 3.25
234 15 0 4.0
59 1 0 3.0
309 24 0 3.5
188 10 0 3.0
269 13 0 3.0
118 4 0 3.75
123 19 0 3.0
220 27 0 4.0
56 12 0 3.75
23 2 0 3.5
306 17 0 2.75
100 22 0 2.0
341 18 0 3.0
226 20 0 2.0
211 7 0 3.5
260 6 0 3.75
193 4 0 3.5
243 14 0 2.0
48 16 0 4.0
239 4 0 3.5
125 52 0 2.0
158 9 0 3.5
28 15 0 3.0
115 28 0 3.0
7 65 0 3.0
130 30 0 2.25
335 26 0 2.75
278 2 0 3.75
10 6 0 2.75
169 11 0 2.25
205 24 0 3.75
207 26 0 4.0
335 20 0 2.5
310 12 0 3.25
200 24 0 2.25
194 18 0 2.0
327 28 0 3.0
309 17 0 2.5
46 23 0 3.75
285 10 0 2.75
188 10 0 2.0
178 5 0 2.5
66 9 0 3.25
1 5 0 3.0
8 0 0 2.25
127 14 0 3.75
210 28 0 3.75
88 23 0 2.5
36 27 0 2.0
27 9 0 2.25
172 14 0 3.25
12 12 0 3.0
189 15 0 3.75
191 22 0 3.25
233 19 0 2.5
104 25 0 3.5
289 14 0 2.25
99 6 0 3.0
72 25 0 4.0
53 17 0 2.5
250 76 0 3.5
78 21 0 3.5
199 14 0 2.5
176 21 0 4.0
352 26 0 4.0
123 26 0 2.5
250 11 0 3.0
169 11 0 4.0
80 21 0 2.0
186 30 0 2.0
351 16 0 3.0
276 12 0 2.5
125 7 0 4.0
282 12 0 3.25
119 2 0 2.75
154 28 0 3.25
307 11 0 3.5
325 13 0 2.75
297 23 0 2.25
37 13 0 2.5
252 49 0 2.25
289 25 0 2.5
41 22 0 2.5
59 23 0 2.5
8 3 0 4.0
67 14 0 3.75
314 9 0 2.75
13 24 0 2.25
16 23 0 3.0
8 2 0 3.25
66 30 0 3.25
100 25 0 3.25
50 13 0 2.75
169 25 0 4.0
88 12 0 3.75
41 0 0 4.0
291 3 0 2.5
240 25 0 2.75
34 29 0 2.0
344 9 0 2.0
196 8 0 3.75
349 6 0 2.25
36 6 0 3.25
76 25 0 3.0
241 13 0 2.75
331 21 0 2.0
4 27 0 3.0
68 11 0 2.5
84 26 0 3.25
49 16 0 3.75
150 7 0 3.25
38 25 0 2.5
103 11 0 4.0
270 67 0 2.5
253 0 0 4.0
284 21 0 4.0
25 26 0 3.0
332 4 0 2.0
199 8 0 3.0
256 23 0 2.0
326 3 0 2.0
343 21 0 3.75
232 28 0 4.0
285 28 0 3.25
101 10 0 2.25
241 12 0 4.0
305 18 0 2.75
194 19 0 3.5
44 21 0 3.0
69 0 0 3.75
358 33 0 4.0
239 17 0 3.25
240 11 0 4.0
7 22 0 2.25
33 22 0 4.0
114 23 0 4.0
172 1 0 3.5
82 27 0 2.75
133 10 0 4.0
111 17 0 2.0
129 22 0 2.5
330 5 0 2.5
221 16 0 3.0
338 13 0 3.75
6 11 0 2.5
118 29 0 2.5
315 46 0 3.75
117 25 0 2.5
308 0 0 2.25
23 5 0 2.75
319 24 0 3.5
113 26 0 2.75
335 10 0 2.5
319 7 0 2.75
291 20 0 3.25
284 3 0 3.25
65 20 0 2.5
221 8 0 3.0
324 3 0 2.25
237 15 0 4.0
174 14 0 3.25
59 1 0 4.0
5 25 0 2.0
139 5 0 3.5
7 1 0 3.5
322 24 0 2.0
86 5 0 2.0
143 20 0 2.25
171 3 0 3.5
197 22 0 3.75
224 16 0 4.0
310 4 0 3.25
273 19 0 2.0
35 3 0 3.75
189 15 0 3.25
132 8 0 3.0
4 16 0 2.75
157 13 0 3.25
161 29 0 3.5
3 23 0 2.5
247 12 0 2.75
147 22 0 3.25
78 20 0 2.75
74 9 0 3.5
2 21 0 2.75
118 12 0 3.5
281 10 0 2.5
125 9 0 2.25
46 15 0 3.25
58 10 0 3.5
176 30 0 3.5
96 18 0 3.25
183 23 0 3.25
254 23 0 2.25
233 22 0 2.25
325 1 0 4.0
294 14 0 3.75
290 0 0 2.5
19 8 0 2.25
109 25 0 2.25
274 26 0 2.25
167 60 0 2.25
192 20 0 3.25
78 16 0 3.25
175 7 0 3.75
356 14 0 4.0
350 8 0 4.0
104 23 0 4.0
270 14 0 4.0
145 29 0 2.25
203 24 0 3.0
285 17 0 2.75
233 10 0 2.75
356 55 0 2.0
92 22 0 2.5
320 12 0 2.0
344 0 0 2.5
46 41 0 3.0
5 7 0 2.5
143 29 0 3.25
126 27 0 2.75
329 30 0 4.0
27 36 0 3.0
238 25 0 2.5
195 11 0 3.25
333 15 0 3.5
202 10 0 2.25
186 27 0 3.0
142 12 0 3.75
136 5 0 2.0
299 23 0 2.0
199 24 0 3.0
101 28 0 2.25
278 6 0 3.5
175 19 0 3.25
269 13 0 2.25
267 9 0 3.75
299 24 0 2.5
230 29 0 3.0
130 34 0 4.0
357 23 0 2.25
213 26 0 2.0
279 13 0 3.5
257 2 0 3.75
243 6 0 2.5
276 12 0 3.0
37 1 0 2.25
231 25 0 2.75
161 7 0 3.5
321 1 0 3.0
155 17 0 2.25
108 19 0 4.0
355 19 0 2.75
16 29 0 3.25
160 14 0 2.0
73 29 0 3.25
53 28 0 3.75
337 5 0 3.0
354 9 0 3.0
310 29 0 2.75
149 15 0 2.25
228 15 0 2.75
65 0 0 3.25
177 24 0 2.5
57 29 0 3.75
111 24 0 2.5
337 25 0 3.5
330 20 0 2.75
167 11 0 3.25
200 15 0 3.5
233 12 0 2.25
80 26 0 3.75
103 16 0 3.5
175 2 0 2.5
191 18 0 2.25
314 12 0 2.75
225 11 0 2.0
312 24 0 2.75
232 18 0 2.0
321 23 0 2.25
191 28 0 4.0
241 15 0 2.5
282 19 0 2.0
16 1 0 4.0
299 18 0 3.5
109 51 0 4.0
129 20 0 2.0
273 11 0 2.5
159 14 0 3.25
281 16 0 2.75
280 20 0 2.75
268 0 0 3.0
105 21 0 4.0
116 30 0 3.5
277 20 0 2.5
4 15 0 3.5
254 28 0 4.0
315 11 0 3.0
41 13 0 3.25
290 10 0 2.75
191 58 0 2.25
247 29 0 3.0
67 16 0 2.5
215 24 0 3.75
224 16 0 2.25
161 24 0 2.0
38 0 0 3.0
304 5 0 3.5
155 30 0 3.75
136 4 0 2.0
359 21 0 3.75
138 9 0 2.25
246 7 0 4.0
344 25 0 3.5
65 58 0 4.0
207 41 0 2.5
137 19 0 3.25
251 29 0 2.25
238 8 0 3.5
333 8 0 2.75
325 23 0 2.5
356 5 0 3.0
331 22 0 2.5
230 14 0 3.0
304 1 0 4.0
3 26 0 3.0
94 25 0 2.75
298 1 0 3.0
263 21 0 3.25
331 11 0 2.0
225 5 0 3.5
252 16 0 4.0
137 11 0 3.75
45 6 0 3.5
51 28 0 2.0
188 6 0 3.0
263 20 0 3.0
121 12 0 3.0
99 16 0 3.0
268 20 0 2.25
339 7 0 3.75
114 22 0 3.25
281 27 0 3.5
28 4 0 4.0
274 13 0 2.0
301 14 0 3.75
133 4 0 3.75
79 2 0 2.5
204 15 0 4.0
356 0 0 3.75
153 14 0 4.0
266 5 0 4.0
5 21 0 3.5
99 14 0 3.5
157 12 0 3.5
146 10 0 3.5
139 13 0 3.25
241 27 0 4.0
273 30 0 3.5
274 4 0 2.0
143 29 0 3.5
18 19 0 3.5
197 29 0 2.0
138 7 0 2.0
314 27 0 3.0
212 20 0 3.75
240 25 0 2.0
207 21 0 2.5
347 40 0 2.5
204 25 0 3.5
199 29 0 3.0
14 14 0 3.0
27 7 0 2.25
59 12 0 2.25
266 20 0 3.5
146 2 0 2.5
50 9 0 3.0
238 26 0 3.5
33 67 0 2.5
219 35 0 3.5
311 19 0 3.5
117 27 0 3.25
108 13 0 3.0
3 0 0 3.5
52 60 0 4.0
159 11 0 2.25
170 25 0 3.25
236 25 0 2.25
288 15 0 2.75
170 11 0 4.0
55 11 0 2.25
344 7 0 3.25
103 6 0 2.0
1 15 0 3.75
123 0 0 3.0
59 15 0 3.25
146 14 0 3.75
273 5 0 3.0
21 0 0 2.75
65 23 0 3.25
54 25 0 2.5
4 23 0 3.25
222 11 0 2.5
32 26 0 2.25
319 19 0 4.0
249 17 0 3.75
141 20 0 2.5
294 14 0 2.75
64 9 0 2.5
222 3 0 4.0
79 6 0 2.25
60 2 0 2.75
223 1 0 2.75
13 14 0 2.5
8 18 0 3.25
111 8 0 2.0
215 11 0 2.5
29 4 0 2.75
298 3 0 3.5
167 14 0 2.75
117 18 0 2.5
140 3 0 3.25
4 15 0 4.0
136 4 0 3.75
11 22 0 3.75
206 22 0 3.75
298 27 0 3.25
274 20 0 2.25
113 20 0 4.0
277 11 0 3.75
89 25 0 3.5
144 12 0 3.75
189 11 0 3.75
177 10 0 3.25
126 19 0 3.75
299 8 0 3.75
92 16 0 2.5
233 3 0 3.5
14 12 0 3.5
99 21 0 2.25
232 8 0 2.25
132 23 0 2.5
248 24 0 3.75
263 3 0 2.75
212 4 0 3.25
343 22 0 3.25
323 26 0 2.75
33 7 0 3.5
288 2 0 3.25
182 6 0 4.0
197 1 0 3.5
133 2 0 2.0
41 22 0 3.25
208 16 0 3.75
130 26 0 2.25
39 21 0 3.5
118 50 0 3.25
214 3 0 2.5
86 8 0 3.75
5 9 0 2.75
159 21 0 2.75
16 14 0 3.0
259 24 0 2.25
198 29 0 3.25
201 5 0 2.25
260 11 0 2.25
150 15 0 4.0
3 1 0 2.0
31 26 0 2.5
200 13 0 3.5
87 57 0 2.25
130 10 0 4.0
58 10 0 3.75
104 5 0 2.25
2 15 0 3.25
147 24 0 2.0
171 11 0 3.5
4 10 0 3.75
166 4 0 2.25
30 27 0 2.5
67 2 0 3.25
236 14 0 4.0
135 11 0 4.0
150 4 0 3.25
84 12 0 2.5
199 26 0 4.0
27 30 0 4.0
65 21 0 2.75
8 16 0 2.75
219 18 0 3.75
0 25 0 3.0
257 22 0 4.0
221 7 0 2.0
68 0 0 2.75
324 19 0 3.5
19 22 0 3.0
145 29 0 4.0
225 4 0 4.0
122 17 0 2.75
103 13 0 2.75
265 23 0 2.25
304 14 0 3.75
53 18 0 2.5
52 29 0 3.75
278 10 0 2.5
46 15 0 2.5
346 29 0 3.0
13 18 0 3.25
231 16 0 3.75
336 29 0 3.75
198 30 0 3.0
130 5 0 2.25
11 17 0 2.0
17 28 0 4.0
273 17 0 3.0
74 26 0 3.5
198 3 0 3.25
18 10 0 2.5
275 21 0 2.5
177 4 0 2.0
263 21 0 3.75
353 21 0 2.75
189 5 0 2.25
193 13 0 3.5
21 27 0 3.0
219 1 0 3.25
124 50 0 3.5
52 9 0 3.75
27 30 0 3.25
207 18 0 3.25
298 25 0 2.75
194 18 0 3.75
167 1 0 3.0
111 13 0 2.75
339 27 0 3.0
145 4 0 3.25
161 2 0 3.75
272 3 0 3.0
194 30 0 3.25
21 20 0 3.75
174 20 0 3.5
300 2 0 3.0
3 6 0 3.75
95 2 0 3.0
295 26 0 3.5
20 6 0 3.0
203 42 0 2.25
138 12 0 3.75
114 12 0 2.75
187 19 0 3.0
327 28 0 3.75
0 3 0 2.75
65 29 0 2.75
272 11 0 4.0
334 14 0 3.25
307 22 0 3.5
94 12 0 3.25
331 5 0 2.75
145 0 0 3.25
346 3 0 3.75
185 27 0 4.0
302 9 0 4.0
209 19 0 2.75
349 29 0 2.25
149 12 0 2.0
301 18 0 2.5
138 16 0 2.75
14 8 0 3.25
347 12 0 4.0
128 3 0 3.25
160 8 0 2.0
187 7 0 2.0
54 25 0 3.75
25 25 0 3.0
255 28 0 2.0
49 10 0 3.25
230 7 0 4.0
25 6 0 4.0
300 7 0 4.0
72 28 0 2.75
321 12 0 2.25
25 21 0 2.0
96 29 0 2.25
347 29 0 2.75
338 30 0 2.75
354 30 0 2.25
138 8 0 3.5
341 7 0 3.5
146 8 0 3.25
177 14 0 2.25
106 7 0 2.75
338 21 0 2.5
55 8 0 2.5
4 8 0 2.25
328 23 0 2.0
32 0 0 3.75
202 5 0 4.0
326 2 0 2.25
161 1 0 2.25
158 17 0 3.5
26 28 0 3.25
217 3 0 2.75
258 1 0 2.5
159 2 0 3.25
325 3 0 2.5
220 30 0 2.0
318 8 0 2.25
199 19 0 3.5
128 19 0 2.5
138 0 0 2.0
47 9 0 3.0
273 11 0 2.0
240 26 0 3.0
72 10 0 2.75
77 2 0 2.5
261 30 0 2.25
88 12 0 3.5
314 4 0 3.5
289 27 0 3.5
229 21 0 3.0
268 22 0 2.0
251 9 0 2.25
127 13 0 3.75
160 10 0 2.25
131 13 0 3.0
319 4 0 3.25
94 56 0 3.25
172 13 0 2.5
282 20 0 2.25
188 22 0 3.5
22 14 0 3.75
126 6 0 4.0
58 22 0 3.5
204 4 0 3.0
68 21 0 2.25
307 17 0 3.75
231 8 0 4.0
176 22 0 2.0
148 22 0 2.25
142 8 0 2.75
139 9 0 2.5
52 17 0 2.0
286 24 0 2.75
45 17 0 4.0
23 4 0 2.25
158 29 0 4.0
92 9 0 3.75
231 5 0 2.25
57 14 0 3.25
57 26 0 4.0
217 26 0 3.75
297 30 0 2.75
316 17 0 2.5
93 7 0 3.0
142 10 0 4.0
50 24 0 3.75
179 9 0 2.5
257 15 0 2.75
348 27 0 2.75
251 1 0 3.25
19 25 0 2.75
216 2 0 3.0
51 13 0 3.5
338 56 0 3.75
176 15 0 2.5
79 21 0 3.5
76 7 0 2.25
75 11 0 2.75
236 4 0 3.75
288 23 0 3.0
327 13 0 3.25
279 28 0 2.75
248 0 0 3.5
8 10 0 3.75
310 20 0 2.75
63 6 0 3.75
354 15 0 2.5
138 0 0 2.5
163 20 0 2.25
246 22 0 3.0
41 4 0 4.0
46 2 0 2.75
39 21 0 2.25
318 17 0 3.25
320 5 0 3.25
41 18 0 3.25
324 47 0 3.25
273 4 0 3.0
118 27 0 3.75
275 1 0 4.0
109 1 0 3.5
108 18 0 3.5
262 13 0 2.25
61 16 0 3.25
75 2 0 4.0
106 14 0 2.75
310 14 0 4.0
231 19 0 3.0
245 26 0 3.75
266 8 0 3.5
276 12 0 2.25
330 26 0 3.5
41 11 0 2.75
224 15 0 2.5
214 12 0 3.25
58 13 0 2.0
198 13 0 2.25
328 7 0 3.25
299 23 0 3.0
230 27 0 3.0
351 0 0 2.5
359 26 0 2.75
274 20 0 4.0
273 1 0 2.5
4 19 0 3.75
286 23 0 2.0
98 17 0 3.25
218 2 0 2.25
288 26 0 3.5
252 14 0 2.75
179 4 0 2.25
63 22 0 3.75
243 10 0 2.25
205 6 0 2.25
140 27 0 2.5
198 8 0 2.75
223 11 0 2.75
284 21 0 2.75
346 19 0 3.5
222 23 0 3.25
340 11 0 2.5
292 23 0 3.75
243 4 0 3.25
335 22 0 2.75
125 8 0 2.5
293 27 0 2.0
218 9 0 3.75
59 30 0 2.25
201 15 0 2.25
341 11 0 3.75
319 3 0 2.0
313 18 0 2.25
103 20 0 3.75
270 3 0 3.5
340 3 0 2.5
287 21 0 2.5
59 13 0 2.25
296 20 0 3.0
356 12 0 2.25
33 5 0 2.5
118 25 0 3.25
49 59 0 2.25
192 14 0 3.0
167 2 0 3.0
39 10 0 3.5
304 2 0 3.25
297 23 0 3.0
147 1 0 3.75
202 25 0 3.0
290 58 0 2.0
126 6 0 2.5
216 5 0 2.5
217 18 0 2.75
5 4 0 3.0
28 26 0 3.25
23 13 0 2.5
334 27 0 2.0
270 16 0 3.0
33 11 0 2.25
184 27 0 3.75
311 28 0 4.0
215 20 0 2.5
23 26 0 2.25
204 23 0 3.0
39 21 0 4.0
346 4 0 3.25
156 16 0 3.25
326 0 0 2.0
356 22 0 4.0
97 18 0 3.25
73 5 0 2.5
230 24 0 2.25
353 7 0 4.0
277 9 0 2.25
112 11 0 2.25
296 25 0 3.0
0 29 0 2.5
258 30 0 2.5
328 8 0 3.25
272 26 0 3.25
76 22 0 3.25
329 16 0 4.0
78 5 0 2.0
12 24 0 3.0
69 12 0 3.5
298 19 0 2.5
22 27 0 2.25
40 26 0 3.0
350 15 0 2.0
178 11 0 2.25
81 28 0 2.75
344 16 0 2.0
151 11 0 3.25
75 23 0 2.5
141 20 0 3.5
127 20 0 3.25
49 0 0 3.5
179 1 0 3.75
26 25 0 3.0
220 11 0 2.0
41 15 0 2.75
272 12 0 3.5
261 25 0 3.0
262 12 0 3.0
244 23 0 2.25
325 50 0 3.75
251 30 0 2.75
111 35 0 2.0
209 24 0 3.75
226 30 0 3.5
178 25 0 2.5
103 12 0 2.5
336 5 0 2.5
188 14 0 3.25
232 28 0 2.5
229 17 0 2.75
159 0 0 2.5
67 12 0 3.5
300 12 0 3.75
345 9 0 3.75
134 53 0 3.75
149 37 0 3.0
10 30 0 2.5
236 3 0 3.5
340 3 0 2.25
81 7 0 2.5
305 19 0 2.25
244 47 0 3.25
158 25 0 3.5
297 19 0 3.5
209 22 0 2.25
354 27 0 4.0
356 2 0 2.0
262 8 0 4.0
301 14 0 2.75
346 6 0 2.75
84 23 0 3.5
215 30 0 2.25
226 13 0 2.25
359 28 0 2.5
100 29 0 3.0
273 12 0 4.0
112 17 0 3.25
283 21 0 4.0
320 2 0 3.0
21 23 0 2.5
330 57 0 2.25
74 16 0 2.25
211 27 0 2.75
302 0 0 2.0
65 18 0 2.0
180 25 0 3.5
29 21 0 2.0
155 18 0 2.0
278 17 0 2.75
31 13 0 2.75
153 20 0 2.5
39 1 0 3.25
20 29 0 2.25
150 22 0 3.75
171 28 0 3.25
323 29 0 3.0
14 6 0 2.25
217 28 0 4.0
88 30 0 4.0
236 26 0 2.5
251 19 0 3.75
240 5 0 2.5
183 13 0 3.25
279 18 0 3.5
331 20 0 2.5
250 17 0 2.0
237 10 0 2.5
51 1 0 3.75
357 61 0 2.5
116 33 0 2.5
248 30 0 2.5
141 14 0 2.25
31 24 0 3.0
238 27 0 2.25
300 1 0 3.0
210 6 0 3.25
10 21 0 4.0
213 6 0 4.0
231 0 0 2.75
203 8 0 2.5
71 3 0 3.75
137 29 0 3.25
235 26 0 2.5
226 13 0 3.5
338 20 0 2.0
93 21 0 3.25
300 11 0 2.75
335 29 0 3.0
340 17 0 2.75
34 21 0 3.25
106 22 0 2.5
140 16 0 3.75
290 2 0 3.75
191 2 0 2.25
56 10 0 2.0
257 59 0 2.5
278 4 0 3.0
356 8 0 2.75
316 0 0 2.75
81 1 0 3.75
180 8 0 3.25
99 27 0 2.75
59 29 0 2.75
253 25 0 2.5
352 39 0 3.5
225 28 0 2.5
351 70 0 3.5
286 9 0 3.5
225 40 0 2.0
59 30 0 3.75
194 29 0 3.25
283 14 0 3.75
308 3 0 4.0
220 21 0 2.5
227 24 0 2.0
123 27 0 3.75
326 19 0 2.0
161 5 0 3.5
161 1 0 4.0
355 49 0 2.75
91 14 0 2.5
185 14 0 3.75
125 20 0 2.75
30 27 0 2.0
205 23 0 3.5
300 14 0 2.25
148 11 0 3.75
331 29 0 2.25
320 1 0 4.0
264 20 0 3.5
24 18 0 2.75
251 16 0 3.5
74 27 0 2.5
81 17 0 2.25
306 22 0 3.5
253 18 0 2.75
346 28 0 2.0
82 4 0 2.25
9 7 0 2.0
142 17 0 4.0
65 15 0 2.25
95 18 0 2.75
248 22 0 3.75
62 13 0 2.25
266 30 0 2.25
9 23 0 2.5
21 54 0 4.0
339 9 0 3.5
142 2 0 2.25
302 22 0 3.5
231 4 0 2.75
162 5 0 3.0
16 14 0 3.5
4 2 0 2.0
320 21 0 2.25
12 29 0 2.0
193 29 0 3.75
83 8 0 3.5
73 12 0 3.0
243 19 0 2.5
150 29 0 3.0
169 22 0 2.0
192 1 0 2.5
222 19 0 3.25
328 21 0 2.5
23 11 0 4.0
122 29 0 2.25
197 15 0 2.0
288 16 0 2.25
41 42 0 3.5
109 20 0 2.5
327 18 0 2.75
71 21 0 3.75
121 15 0 2.0
326 25 0 2.25
8 24 0 4.0
161 40 0 4.0
354 15 0 3.5
213 52 0 3.5
358 26 0 3.5
70 24 0 3.0
177 8 0 4.0
26 6 0 3.0
98 19 0 2.5
55 6 0 2.5
197 1 0 2.75
315 4 0 2.0
12 1 0 2.25
248 4 0 2.0
340 24 0 3.5
1 9 0 2.0
272 13 0 2.0
83 10 0 2.5
335 0 0 3.5
60 23 0 2.25
66 29 0 2.75
135 24 0 2.75
290 13 0 4.0
352 4 0 3.75
136 39 0 3.25
278 8 0 3.0
131 5 0 2.75
128 30 0 3.25
11 1 0 3.0
101 6 0 3.75
287 30 0 4.0
183 18 0 2.0
267 14 0 2.75
98 8 0 2.75
226 20 0 3.5
303 28 0 2.25
237 26 0 2.25
131 11 0 2.25
14 17 0 2.75
22 23 0 2.5
1 22 0 4.0
292 44 0 3.0
267 30 0 3.75
246 17 0 3.0
145 13 0 4.0
218 23 0 3.75
290 1 0 3.75
22 25 0 3.0
321 27 0 2.75
68 22 0 2.25
64 45 0 2.75
260 3 0 3.5
186 0 0 4.0
289 29 0 2.25
170 9 0 3.25
109 22 0 3.75
323 19 0 4.0
21 8 0 3.5
7 17 0 2.75
109 29 0 3.25
124 30 0 2.25
157 26 0 2.0
104 1 0 3.25
125 23 0 3.0
268 11 0 3.25
82 13 0 3.0
326 1 0 3.25
351 19 0 3.25
110 15 0 2.0
345 24 0 2.5
30 9 0 2.0
67 7 0 3.25
245 3 0 4.0
246 29 0 4.0
22 10 0 2.0
61 18 0 2.0
276 60 0 2.0
290 14 0 2.5
341 14 0 3.25
354 1 0 3.25
227 30 0 2.75
36 4 0 2.0
268 1 0 4.0
199 15 0 3.0
69 7 0 2.5
341 16 0 3.25
121 10 0 2.75
274 59 0 3.0
188 16 0 2.25
204 38 0 2.5
94 28 0 3.25
248 6 0 2.25
352 15 0 3.75
160 24 0 2.75
118 18 0 2.0
9 26 0 2.5
253 27 0 2.25
268 1 0 2.75
319 24 0 3.25
331 0 0 3.0
228 8 0 3.75
189 4 0 4.0
60 15 0 3.5
232 29 0 3.0
62 23 0 2.75
38 15 0 3.5
168 5 0 2.5
176 3 0 3.0
131 6 0 2.25
93 10 0 3.0
222 8 0 3.25
12 24 0 3.5
154 23 0 2.0
336 17 0 2.75
168 17 0 3.5
168 24 0 4.0
208 29 0 2.5
286 3 0 3.75
130 26 0 3.25
108 10 0 4.0
183 30 0 3.75
43 24 0 3.5
275 24 0 3.0
336 3 0 2.0
337 5 0 2.25
116 9 0 2.5
324 39 0 3.25
296 18 0 2.25
100 28 0 2.25
95 27 0 4.0
83 28 0 4.0
343 21 0 2.0
228 13 0 3.25
181 6 0 3.5
329 23 0 3.75
277 29 0 2.25
157 15 0 3.25
352 3 0 2.25
293 12 0 2.75
348 0 0 2.5
322 22 0 3.75
333 4 0 3.5
223 9 0 2.0
136 25 0 3.5
285 23 0 2.75
330 4 0 3.75
4 15 0 2.75
97 22 0 3.5
182 12 0 2.25
9 9 0 3.5
269 7 0 3.5
150 21 0 2.75
155 30 0 2.25
348 27 0 2.0
117 16 0 3.0
124 7 0 3.5
326 21 0 2.75
195 16 0 2.25
168 15 0 3.0
164 26 0 4.0
16 21 0 2.25
97 29 0 2.5
307 17 0 2.5
298 26 0 2.75
264 13 0 3.25
192 13 0 4.0
227 14 0 3.75
196 9 0 2.75
303 16 0 3.75
354 5 0 2.0
26 6 0 3.75
94 30 0 3.0
298 2 0 2.75
59 16 0 3.75
229 5 0 3.75
89 26 0 2.5
291 6 0 4.0
332 41 0 3.5
188 8 0 2.25
270 9 0 3.5
167 29 0 3.5
8 14 0 4.0
28 21 0 3.5
258 11 0 2.5
107 29 0 2.75
268 17 0 2.0
291 5 0 3.0
143 14 0 2.25
158 25 0 2.5
45 26 0 2.75
159 4 0 3.25
192 24 0 4.0
52 30 0 2.25
258 25 0 4.0
140 20 0 2.25
331 5 0 2.0
117 23 0 2.75
255 22 0 2.0
50 27 0 3.25
94 5 0 2.75
218 10 0 3.0
319 13 0 3.5
202 22 0 3.0
102 21 0 3.5
188 10 0 3.75
304 12 0 2.75
122 0 0 3.75
149 17 0 3.25
303 17 0 3.25
187 12 0 3.25
166 25 0 3.75
334 14 0 3.0
135 30 0 3.75
292 12 0 2.25
192 0 0 3.75
19 16 0 3.75
356 10 0 3.0
170 27 0 2.25
46 21 0 2.75
188 26 0 3.0
19 30 0 2.0
145 34 0 2.0
227 53 0 2.25
33 19 0 2.25
268 25 0 3.5
304 19 0 2.25
297 36 0 2.75
145 33 0 3.25
142 13 0 2.25
80 25 0 4.0
86 27 0 4.0
45 30 0 2.75
133 21 0 2.0
241 27 0 3.5
282 2 0 2.25
220 7 0 2.5
187 5 0 2.0
297 6 0 3.5
55 16 0 2.5
79 38 0 3.25
256 7 0 3.25
233 27 0 3.0
282 28 0 3.25
225 0 0 3.25
246 20 0 3.25
273 15 0 3.5
208 24 0 2.5
302 15 0 2.5
334 29 0 3.5
79 22 0 3.5
156 20 0 3.0
102 28 0 3.5
176 18 0 2.25
160 16 0 3.5
38 8 0 2.25
290 25 0 2.0
25 55 0 4.0
114 4 0 3.75
36 16 0 3.0
214 14 0 3.0
243 8 0 2.25
228 29 0 2.5
44 16 0 3.75
133 28 0 3.5
35 16 0 2.5
175 14 0 3.25
200 26 0 3.75
172 11 0 2.25
87 11 0 2.0
317 10 0 3.75
166 17 0 2.75
160 4 0 2.5
359 1 0 2.25
301 16 0 2.75
88 23 0 4.0
17 21 0 2.25
13 17 0 3.75
28 5 0 2.0
57 1 0 2.75
217 15 0 3.0
124 27 0 2.5
110 2 0 3.25
190 4 0 3.75
120 26 0 3.75
246 11 0 2.5
222 5 0 2.0
187 29 0 2.25
44 20 0 3.0
325 11 0 2.0
261 16 0 2.75
222 25 0 3.75
170 24 0 2.5
55 9 0 2.0
21 10 0 2.25
351 3 0 3.25
349 0 0 3.25
188 26 0 3.25
195 57 0 3.75
335 4 0 2.25
106 0 0 2.25
253 5 0 4.0
284 12 0 3.25
222 11 0 2.0
31 28 0 2.25
356 13 0 3.5
312 11 0 2.75
288 14 0 3.75
176 3 0 3.75
30 25 0 3.25
261 11 0 2.25
186 17 0 3.25
324 18 0 3.25
33 15 0 2.0
108 62 0 2.75
226 29 0 2.75
214 9 0 2.0
31 25 0 2.75
302 3 0 2.0
169 25 0 3.75
308 19 0 2.75
156 25 0 3.0
10 9 0 2.25
211 38 0 4.0
252 5 0 2.75
211 7 0 3.75
37 20 0 3.25
359 10 0 2.75
149 12 0 3.0
55 17 0 3.25
292 5 0 3.5
71 6 0 3.25
267 27 0 3.5
302 15 0 2.25
230 13 0 3.0
83 26 0 3.0
126 7 0 2.5
330 24 0 2.75
347 22 0 3.5
240 14 0 2.0
74 1 0 3.5
174 15 0 2.5
111 5 0 2.0
298 25 0 3.5
97 14 0 2.25
345 23 0 2.0
144 27 0 4.0
200 17 0 2.75
162 1 0 4.0
113 2 0 4.0
22 7 0 3.75
247 19 0 2.0
234 5 0 2.25
305 0 0 3.75
180 19 0 2.75
39 59 0 3.75
337 20 0 3.75
98 27 0 3.75
163 6 0 2.25
245 6 0 2.25
74 21 0 2.0
231 2 0 2.0
190 24 0 4.0
250 3 0 3.0
259 9 0 3.25
293 26 0 2.25
27 14 0 3.25
259 27 0 2.25
139 13 0 3.5
18 8 0 3.0
209 0 0 3.25
177 17 0 3.5
228 49 0 2.25
106 40 0 3.25
272 1 0 2.25
173 29 0 2.25
297 18 0 2.0
23 4 0 2.0
198 47 0 3.0
294 30 0 3.5
21 6 0 2.25
177 0 0 2.5
274 7 0 4.0
72 9 0 4.0
30 4 0 3.5
36 5 0 4.0
147 17 0 2.0
28 3 0 2.75
334 25 0 3.5
162 27 0 2.75
213 3 0 3.0
95 18 0 3.25
341 12 0 3.25
359 3 0 3.5
97 11 0 2.25
56 25 0 4.0
58 26 0 2.0
149 17 0 2.5
269 21 0 3.0
210 30 0 3.5
147 6 0 2.75
133 36 0 2.75
191 26 0 2.5
15 27 0 3.5
198 25 0 3.75
248 11 0 3.75
252 2 0 3.0
133 9 0 2.25
242 7 0 3.0
151 29 0 3.5
356 3 0 3.5
250 16 0 2.5
277 15 0 2.5
145 14 0 3.25
315 3 0 2.5
126 1 0 3.25
321 13 0 2.0
336 9 0 3.0
93 28 0 3.75
273 28 0 2.25
185 20 0 2.0
93 12 0 2.75
18 25 0 3.75
4 29 0 2.75
172 5 0 4.0
103 7 0 4.0
132 1 0 2.75
278 11 0 3.75
147 22 0 2.5
50 21 0 3.5
288 12 0 3.5
309 15 0 3.0
109 2 0 2.25
280 27 0 3.75
214 22 0 4.0
55 28 0 2.25
134 3 0 2.75
148 27 0 2.5
27 3 0 3.25
221 4 0 3.75
5 18 0 2.0
70 21 0 2.25
94 23 0 2.5
341 25 0 2.75
350 20 0 2.0
60 9 0 2.0
175 15 0 2.0
239 6 0 2.0
76 0 0 2.25
72 26 0 2.25
330 4 0 4.0
139 29 0 3.25
205 20 0 2.75
154 22 0 2.25
32 22 0 3.25
81 46 0 3.0
156 28 0 2.0
324 2 0 3.25
193 14 0 4.0
166 41 0 4.0
171 15 0 2.0
175 13 0 2.75
308 2 0 3.75
238 11 0 3.25
139 27 0 3.75
293 5 0 3.25
344 28 0 3.5
25 9 0 3.25
330 23 0 3.25
275 27 0 2.5
231 24 0 2.5
212 0 0 3.0
106 25 0 3.0
91 3 0 2.25
264 7 0 2.0
336 4 0 2.75
196 37 0 2.5
72 22 0 2.25
341 24 0 2.5
181 4 0 2.25
107 4 0 3.0
34 20 0 2.75
125 26 0 2.5
165 30 0 3.25
227 5 0 2.25
232 22 0 2.0
25 24 0 2.25
71 26 0 3.25
128 25 0 2.0
246 29 0 2.75
272 14 0 4.0
24 23 0 3.25
210 18 0 4.0
341 77 0 3.0
112 10 0 3.0
309 17 0 3.0
319 8 0 3.75
151 77 0 3.5
209 27 0 2.0
250 2 0 3.25
19 28 0 2.25
10 4 0 2.75
38 20 0 2.75
137 26 0 4.0
329 9 0 4.0
299 12 0 3.0
233 11 0 3.25
273 8 0 4.0
315 25 0 4.0
341 29 0 3.0
320 29 0 2.0
45 13 0 2.5
37 14 0 3.25
8 49 0 3.5
91 12 0 2.75
302 19 0 2.75
30 21 0 3.75
106 24 0 3.0
123 17 0 2.0
324 17 0 3.0
216 27 0 2.0
89 13 0 2.5
353 17 0 2.0
183 70 0 3.5
219 9 0 4.0
156 19 0 3.5
305 3 0 2.25
49 23 0 2.0
30 5 0 3.5
42 11 0 3.25
111 9 0 2.5
45 39 0 3.5
281 15 0 3.75
176 26 0 3.5
219 27 0 2.75
76 17 0 2.75
0 3 0 3.0
202 4 0 3.5
218 21 0 3.0
209 16 0 4.0
228 25 0 3.25
273 0 0 2.25
126 21 0 3.0
350 29 0 2.75
180 24 0 3.5
15 15 0 2.25
39 6 0 2.5
157 11 0 4.0
54 2 0 4.0
212 8 0 3.0
117 9 0 3.25
10 17 0 3.0
228 2 0 4.0
316 16 0 2.5
117 7 0 3.5
33 4 0 3.25
41 5 0 3.25
357 11 0 2.5
24 24 0 4.0
3 20 0 3.0
75 4 0 3.5
124 11 0 2.5
181 4 0 3.0
102 27 0 2.25
169 16 0 3.0
79 23 0 2.0
284 5 0 2.0
344 25 0 2.75
25 23 0 2.25
319 12 0 3.25
260 28 0 3.0
64 16 0 2.25
28 19 0 4.0
37 11 0 3.0
305 7 0 3.75
245 20 0 2.5
183 17 0 4.0
57 29 0 4.0
118 3 0 2.75
244 6 0 3.75
223 19 0 2.25
6 18 0 2.0
165 20 0 3.75
166 6 0 3.25
295 27 0 2.75
5 13 0 2.5
54 7 0 2.25
149 18 0 2.0
221 28 0 2.25
11 7 0 3.25
172 25 0 4.0
259 1 0 2.0
223 12 0 2.5
304 16 0 3.0
132 1 0 3.25
252 68 0 3.0
31 20 0 2.75
1 27 0 3.75
30 30 0 3.5
257 39 0 2.5
220 1 0 3.5
180 16 0 3.75
28 24 0 3.75
8 2 0 2.75
358 19 0 3.25
337 10 0 2.5
194 29 0 2.0
28 30 0 3.25
180 5 0 3.75
82 18 0 2.0
289 16 0 2.5
156 2 0 3.25
39 27 0 4.0
285 13 0 2.75
49 21 0 2.25
204 38 0 2.25
295 7 0 3.25
170 1 0 2.0
167 9 0 4.0
156 21 0 4.0
47 12 0 3.5
291 1 0 2.75
70 42 0 3.5
168 27 0 3.75
324 21 0 3.5
85 0 0 2.25
78 7 0 3.25
1 44 0 2.5
89 16 0 4.0
325 28 0 3.0
174 6 0 2.0
338 7 0 3.5
47 8 0 4.0
249 5 0 3.25
135 3 0 2.5
184 27 0 2.0
319 25 0 2.25
184 27 0 2.5
7 22 0 4.0
226 3 0 2.0
102 17 0 3.25
130 8 0 3.5
131 18 0 4.0
309 77 0 3.0
258 14 0 2.5
98 18 0 2.0
23 33 0 3.0
218 3 0 3.25
68 21 0 3.25
45 30 0 3.75
94 17 0 2.75
174 22 0 3.75
71 22 0 2.75
136 17 0 2.75
321 0 0 3.5
321 1 0 3.75
316 20 0 3.5
261 7 0 2.75
96 0 0 2.5
282 28 0 3.5
342 10 0 2.5
125 15 0 3.0
269 22 0 2.75
262 25 0 3.5
268 30 0 2.0
158 54 0 3.25
265 15 0 3.75
156 17 0 3.75
254 5 0 2.0
169 10 0 2.0
255 22 0 4.0
77 1 0 2.0
154 28 0 3.5
306 7 0 3.25
283 12 0 3.75
135 23 0 3.5
197 4 0 4.0
83 22 0 3.5
188 29 0 2.25
288 18 0 4.0
234 16 0 2.5
197 5 0 2.0
261 9 0 3.25
206 27 0 3.25
297 27 0 3.0
158 24 0 2.75
149 5 0 2.75
75 4 0 2.5
12 3 0 3.5
182 22 0 3.5
226 8 0 2.75
77 40 0 2.0
24 17 0 2.25
181 9 0 3.5
25 14 0 2.5
3 29 0 4.0
330 15 0 4.0
185 12 0 3.25
296 17 0 3.0
85 21 0 3.0
126 15 0 3.0
188 24 0 3.25
12 7 0 2.5
127 5 0 2.5
42 2 0 2.0
359 29 0 3.5
254 12 0 3.0
343 30 0 2.5
215 24 0 3.0
227 9 0 3.0
152 0 0 3.75
36 0 0 2.0
63 11 0 3.5
328 30 0 2.0
38 21 0 2.0
213 27 0 2.0
312 16 0 2.0
6 19 0 2.0
200 16 0 3.75
153 3 0 3.0
74 16 0 3.75
3 13 0 3.5
171 17 0 3.25
198 9 0 2.0
197 29 0 3.0
17 3 0 3.0
289 25 0 4.0
281 26 0 2.75
236 10 0 2.75
269 23 0 4.0
331 30 0 3.5
278 20 0 3.5
54 10 0 2.75
153 1 0 3.5
217 17 0 4.0
211 13 0 4.0
304 18 0 3.0
54 15 0 3.75
36 18 0 2.5
150 27 0 3.0
327 29 0 2.0
235 3 0 2.25
124 12 0 2.0
1 23 0 3.25
38 9 0 2.0
153 11 0 4.0
73 45 0 2.25
141 10 0 4.0
313 6 0 3.5
350 22 0 2.0
30 2 0 3.75
155 16 0 2.25
21 29 0 3.25
25 25 0 3.75
174 11 0 2.0
78 14 0 3.0
265 10 0 2.25
79 3 0 2.0
335 17 0 2.25
222 28 0 3.75
183 0 0 3.25
309 16 0 2.25
263 23 0 2.25
41 9 0 2.0
253 3 0 2.5
119 9 0 3.25
286 20 0 2.25
357 21 0 2.0
128 9 0 2.5
185 10 0 2.25
111 22 0 2.5
314 9 0 2.5
269 25 0 3.5
250 10 0 2.5
288 9 0 3.0
240 23 0 3.5
160 28 0 2.5
61 37 0 3.5
357 1 0 3.5
71 9 0 2.25
243 17 0 3.25
29 4 0 3.0
182 30 0 4.0
327 6 0 2.5
175 25 0 3.25
76 28 0 2.5
148 1 0 3.5
52 16 0 2.0
336 2 0 2.5
234 29 0 2.25
251 22 0 4.0
116 18 0 2.25
195 17 0 4.0
27 26 0 3.25
90 11 0 2.5
144 4 0 2.75
257 25 0 2.0
200 13 0 2.25
208 21 0 3.25
277 12 0 2.0
77 18 0 2.75
236 6 0 3.0
240 30 0 3.75
41 12 0 3.0
276 3 0 3.25
167 2 0 2.5
320 28 0 4.0
280 15 0 3.0
203 19 0 2.75
303 5 0 2.75
251 2 0 3.25
151 8 0 2.0
47 9 0 3.5
201 15 0 4.0
229 5 0 3.25
231 3 0 2.0
292 0 0 2.0
221 22 0 2.5
179 26 0 2.5
77 52 0 3.5
124 0 0 3.0
149 4 0 3.25
150 0 0 2.75
238 30 0 3.25
49 30 0 2.25
207 56 0 3.25
81 8 0 4.0
5 5 0 3.25
167 26 0 2.0
321 42 0 2.0
10 14 0 3.0
189 1 0 3.75
192 28 0 2.75
345 16 0 3.5
333 7 0 2.0
38 24 0 3.0
207 2 0 2.5
313 13 0 3.0
176 17 0 4.0
35 5 0 2.75
285 12 0 2.25
294 18 0 3.25
24 13 0 3.75
191 3 0 3.25
253 11 0 3.75
220 18 0 3.75
174 18 0 2.0
352 30 0 3.0
127 0 0 2.25
94 6 0 2.25
207 8 0 4.0
4 5 0 3.75
354 16 0 3.5
87 1 0 3.25
7 8 0 3.75
62 13 0 2.5
83 21 0 2.0
227 11 0 2.75
274 1 0 3.0
57 25 0 2.75
195 2 0 3.25
247 10 0 2.25
37 21 0 3.75
121 26 0 3.75
153 17 0 3.25
87 3 0 3.5
359 20 0 3.5
145 5 0 3.0
272 19 0 2.0
123 13 0 4.0
299 0 0 2.75
157 7 0 3.5
198 22 0 2.75
173 2 0 3.0
314 22 0 2.75
257 3 0 3.5
267 15 0 3.75
303 7 0 2.25
292 5 0 3.25
159 48 0 3.5
281 16 0 4.0
221 24 0 2.0
312 12 0 2.0
110 30 0 3.5
301 8 0 3.25
249 2 0 3.5
94 23 0 2.75
76 18 0 2.75
69 11 0 2.0
146 4 0 2.75
149 30 0 2.25
142 21 0 4.0
234 26 0 3.75
196 23 0 3.25
212 15 0 3.75
274 5 0 3.75
90 0 0 3.75
93 20 0 2.5
164 17 0 2.5
13 0 0 4.0
142 9 0 2.5
201 19 0 2.75
108 26 0 2.75
309 16 0 3.25
277 16 0 3.75
297 21 0 4.0
260 1 0 2.25
24 6 0 2.75
308 12 0 2.0
95 9 0 2.75
346 10 0 3.5
13 0 0 2.5
60 29 0 3.75
90 19 0 3.75
13 4 0 3.0
354 2 0 2.5
60 4 0 2.5
110 27 0 3.25
88 16 0 2.75
335 7 0 3.25
246 21 0 2.25
2 1 0 3.25
203 9 0 3.0
0 26 0 3.5
131 12 0 2.75
309 16 0 2.5
292 24 0 4.0
149 12 0 3.75
136 8 0 3.25
167 6 0 3.25
292 4 0 2.5
188 19 0 2.25
304 14 0 2.5
175 8 0 3.0
331 24 0 3.75
43 18 0 2.25
76 54 0 3.75
84 16 0 2.25
170 23 0 3.5
280 16 0 3.0
344 2 0 3.25
312 28 0 3.25
60 21 0 2.0
55 9 0 3.0
186 25 0 3.5
349 23 0 3.0
47 23 0 3.75
86 15 0 4.0
156 28 0 2.75
354 17 0 3.5
224 0 0 2.25
343 23 0 2.25
252 52 0 2.5
162 9 0 3.0
76 4 0 2.75
106 13 0 3.5
296 27 0 2.75
275 24 0 2.25
102 17 0 2.0
166 7 0 2.0
357 22 0 2.5
83 16 0 3.5
326 1 0 4.0
309 6 0 3.5
116 17 0 2.25
130 27 0 2.5
90 5 0 2.75
289 18 0 3.75
275 4 0 3.75
5 6 0 2.75
221 6 0 3.0
167 10 0 3.0
256 12 0 3.75
82 10 0 4.0
71 7 0 3.75
253 30 0 2.0
300 19 0 2.5
192 29 0 3.0
180 29 0 3.0
143 14 0 3.5
265 19 0 3.0
122 30 0 3.25
103 27 0 3.75
54 3 0 3.5
209 52 0 2.25
60 13 0 3.0
244 20 0 2.5
306 15 0 2.75
142 6 0 2.5
134 4 0 3.5
310 12 0 2.0
293 28 0 4.0
2 23 0 3.75
224 21 0 3.75
268 8 0 2.5
3 30 0 4.0
189 3 0 2.0
193 20 0 3.5
334 7 0 2.5
124 0 0 4.0
97 37 0 3.0
162 2 0 3.5
301 14 0 4.0
254 26 0 2.75
282 6 0 4.0
132 13 0 3.25
292 20 0 2.0
117 17 0 3.0
315 18 0 2.25
245 18 0 2.25
43 8 0 4.0
150 12 0 2.5
120 12 0 2.75
192 8 0 2.75
340 34 0 3.25
94 21 0 3.0
64 20 0 3.0
37 56 0 3.0
262 26 0 2.5
125 15 0 3.25
133 22 0 3.0
104 16 0 3.25
218 30 0 2.5
150 11 0 3.25
