244 10 0 2.25
336 27 0 3.75
322 -7 0 3.75
22 23 0 1.5
338 24 0 2.75
339 21 0 2.25
264 -32 0 1.5
111 10 0 4.0
298 26 0 2.5
215 4 0 2.0
311 -46 0 3.75
12 13 0 4.0
37 1 0 3.0
30 17 0 2.5
213 22 0 2.0
243 -16 0 1.75
63 1 0 2.5
282 16 0 3.0
182 3 0 1.5
134 16 0 3.0
141 16 0 3.75
86 49 0 2.25
104 8 0 1.5
20 6 0 2.0
195 8 0 2.75
174 3 0 2.25
272 38 0 3.25
120 22 0 3.5
23 7 0 3.0
153 12 0 3.25
101 13 0 2.0
205 20 0 1.75
94 17 0 2.0
215 26 0 2.25
108 54 0 2.75
62 13 0 3.0
240 21 0 2.5
352 17 0 2.25
189 51 0 2.75
336 30 0 3.5
62 3 0 3.0
228 12 0 2.25
159 11 0 4.0
247 -16 0 1.75
10 -14 0 3.75
279 19 0 3.0
5 27 0 2.5
159 24 0 3.75
342 -9 0 2.25
37 11 0 3.75
46 27 0 4.0
108 30 0 2.75
331 -17 0 1.5
247 8 0 1.75
212 21 0 3.75
359 8 0 2.25
237 25 0 2.75
271 13 0 3.5
323 15 0 2.0
188 1 0 1.75
134 16 0 2.0
10 18 0 3.25
359 7 0 2.0
9 18 0 1.5
91 25 0 3.25
351 17 0 3.5
8 -18 0 3.25
321 -22 0 4.0
268 2 0 3.25
34 10 0 2.25
105 -17 0 1.5
340 12 0 1.75
2 -6 0 2.25
75 0 0 3.0
191 6 0 3.0
338 7 0 3.0
55 26 0 4.0
123 -23 0 1.5
349 19 0 2.0
274 0 0 2.75
143 18 0 2.75
130 3 0 3.0
224 2 0 3.75
293 1 0 2.75
37 10 0 1.75
108 24 0 4.0
235 30 0 3.5
62 27 0 2.25
137 12 0 4.0
194 4 0 2.75
340 14 0 4.0
259 23 0 3.25
76 -1 0 3.25
326 22 0 2.75
6 14 0 3.75
294 18 0 3.25
141 22 0 3.25
343 20 0 3.75
265 8 0 1.5
18 10 0 4.0
4 -18 0 2.25
262 4 0 3.0
275 20 0 2.5
135 -11 0 3.5
98 12 0 3.5
28 -19 0 2.25
264 25 0 2.75
346 27 0 2.75
119 10 0 1.75
102 2 0 2.25
148 23 0 2.25
188 20 0 3.0
151 23 0 2.5
339 10 0 1.5
40 14 0 3.0
264 5 0 3.75
37 25 0 2.75
266 7 0 2.25
258 2 0 3.0
64 20 0 1.75
126 -44 0 2.0
1 22 0 1.5
155 18 0 3.5
312 7 0 3.75
81 30 0 4.0
43 -4 0 3.75
143 15 0 3.5
352 17 0 3.5
349 4 0 3.0
334 -15 0 3.75
185 20 0 1.5
302 -4 0 3.0
322 9 0 1.5
213 8 0 3.5
140 65 0 3.25
192 -7 0 2.25
121 22 0 2.25
188 2 0 3.5
297 16 0 3.0
132 9 0 3.5
62 -29 0 1.75
145 14 0 2.0
240 -12 0 2.0
30 7 0 3.75
199 15 0 2.75
220 69 0 1.75
275 -28 0 2.25
31 24 0 4.0
273 5 0 3.5
103 23 0 1.75
104 70 0 1.75
254 23 0 3.5
136 4 0 3.5
331 12 0 2.5
216 0 0 2.5
138 30 0 1.5
5 20 0 2.5
331 19 0 3.75
269 20 0 3.5
223 24 0 2.75
348 14 0 3.5
143 3 0 3.0
263 15 0 2.75
169 58 0 1.5
202 2 0 2.0
148 27 0 2.5
226 4 0 3.0
200 7 0 3.0
108 29 0 1.75
331 22 0 2.25
249 10 0 2.75
209 2 0 1.5
262 -16 0 3.75
53 61 0 3.0
291 4 0 2.25
158 23 0 3.25
12 20 0 3.0
97 54 0 3.0
321 19 0 3.0
243 16 0 2.25
311 28 0 2.0
24 25 0 2.25
135 11 0 4.0
251 -45 0 2.0
294 14 0 2.5
300 5 0 2.25
169 -30 0 2.25
67 1 0 4.0
258 15 0 1.75
350 24 0 3.75
28 12 0 1.75
107 0 0 2.75
134 15 0 2.5
115 18 0 4.0
83 24 0 3.75
163 19 0 3.75
220 0 0 3.5
144 -26 0 2.25
202 7 0 2.5
55 -39 0 2.25
230 18 0 3.75
319 44 0 3.0
184 24 0 3.75
138 29 0 3.0
217 11 0 3.25
359 1 0 2.0
112 30 0 1.75
73 0 0 1.75
295 21 0 1.75
54 5 0 4.0
232 1 0 2.0
119 20 0 1.5
33 5 0 1.75
110 15 0 1.5
313 30 0 3.5
199 22 0 1.75
253 29 0 2.5
237 13 0 2.25
168 1 0 3.0
83 0 0 3.75
243 44 0 3.75
325 46 0 2.25
277 11 0 1.5
113 15 0 2.5
14 4 0 2.75
133 27 0 2.5
134 -25 0 3.75
47 11 0 3.0
247 55 0 1.5
277 10 0 3.25
170 5 0 3.0
101 14 0 4.0
13 28 0 3.0
91 9 0 2.0
277 17 0 2.75
78 9 0 1.75
14 29 0 2.25
350 8 0 3.0
166 21 0 2.25
315 0 0 1.75
335 15 0 3.0
21 30 0 2.25
359 9 0 3.25
150 24 0 3.5
318 25 0 2.75
141 25 0 2.75
331 24 0 2.5
213 29 0 2.75
62 4 0 3.25
199 16 0 2.75
225 -27 0 4.0
219 -45 0 2.75
176 15 0 2.5
134 29 0 2.25
272 9 0 2.25
150 -6 0 3.0
252 13 0 2.25
103 21 0 3.75
300 18 0 2.5
147 27 0 4.0
187 15 0 2.75
343 21 0 3.75
154 8 0 3.75
161 24 0 3.75
353 21 0 1.75
253 10 0 3.5
191 24 0 2.0
242 19 0 3.75
322 -9 0 2.25
297 4 0 3.25
254 30 0 2.75
176 -23 0 2.5
314 11 0 3.5
337 10 0 2.25
240 18 0 1.5
269 11 0 3.5
193 16 0 2.25
274 17 0 2.75
338 5 0 2.75
99 13 0 2.25
106 0 0 3.0
315 26 0 3.5
286 28 0 1.75
348 0 0 4.0
288 18 0 2.5
73 -5 0 2.5
276 8 0 1.5
238 5 0 1.5
299 10 0 1.5
124 19 0 2.5
316 -10 0 3.75
223 -22 0 2.0
222 4 0 3.75
82 -5 0 4.0
330 17 0 1.75
121 25 0 3.25
11 16 0 1.5
45 -38 0 1.5
150 18 0 1.5
220 27 0 3.0
57 -19 0 1.5
241 30 0 2.0
325 4 0 2.75
220 49 0 2.0
203 43 0 1.75
315 29 0 3.0
25 4 0 1.75
153 -1 0 3.75
226 16 0 3.25
101 -28 0 1.5
317 22 0 1.5
108 4 0 3.5
167 3 0 3.0
73 -2 0 2.0
46 18 0 2.75
280 16 0 1.5
251 21 0 3.25
23 2 0 2.5
120 2 0 2.75
102 10 0 2.5
265 75 0 3.0
223 29 0 1.5
195 21 0 2.5
280 14 0 2.75
39 28 0 2.75
125 6 0 1.5
26 9 0 3.25
60 13 0 2.25
52 2 0 2.0
83 14 0 4.0
32 10 0 2.75
233 3 0 3.0
100 16 0 3.0
239 19 0 2.0
349 4 0 4.0
123 19 0 3.75
194 7 0 1.5
303 4 0 3.5
125 13 0 3.75
260 28 0 2.5
48 0 0 4.0
264 18 0 2.0
314 23 0 3.0
238 27 0 1.5
69 4 0 3.0
153 8 0 4.0
24 5 0 3.25
269 25 0 4.0
206 12 0 4.0
138 15 0 2.5
338 1 0 3.75
286 25 0 1.5
9 -4 0 1.5
175 49 0 3.5
353 14 0 3.0
347 9 0 2.25
135 29 0 1.5
170 21 0 3.0
292 28 0 2.0
53 4 0 1.5
295 24 0 2.5
2 18 0 3.0
137 15 0 2.75
193 5 0 2.75
72 1 0 3.25
125 24 0 2.0
323 -40 0 2.5
230 12 0 2.5
94 -7 0 3.25
170 -36 0 4.0
181 1 0 3.0
168 15 0 3.0
195 -20 0 3.75
153 29 0 3.25
210 8 0 4.0
104 7 0 4.0
328 19 0 3.5
286 18 0 2.75
3 12 0 3.25
249 -42 0 1.5
31 24 0 3.25
44 -16 0 1.5
208 6 0 1.5
39 -23 0 3.75
48 23 0 2.75
159 4 0 2.25
135 -13 0 2.0
156 6 0 1.5
80 -46 0 2.25
6 -9 0 3.0
148 26 0 3.75
153 11 0 2.0
91 24 0 2.75
59 15 0 2.0
288 7 0 2.75
296 4 0 1.75
57 12 0 1.75
284 14 0 3.5
237 27 0 2.25
353 42 0 3.25
200 13 0 2.5
18 0 0 3.0
28 30 0 2.0
176 14 0 1.75
332 1 0 3.25
138 8 0 3.75
57 49 0 2.0
280 8 0 3.5
177 15 0 2.75
294 25 0 2.0
342 16 0 2.75
104 20 0 3.75
325 21 0 2.75
315 6 0 3.25
40 -21 0 3.5
188 27 0 1.5
355 27 0 1.5
2 55 0 1.5
170 10 0 3.5
158 23 0 3.5
179 27 0 3.25
55 30 0 2.0
44 -16 0 3.0
21 23 0 1.5
24 9 0 3.0
71 46 0 1.5
331 13 0 3.75
182 8 0 2.5
290 -30 0 1.75
314 0 0 3.5
109 17 0 2.0
239 1 0 3.25
249 6 0 4.0
125 30 0 2.75
323 10 0 1.75
305 0 0 2.25
180 17 0 4.0
268 57 0 2.75
118 16 0 4.0
192 29 0 3.25
215 20 0 2.25
290 8 0 3.25
171 18 0 2.5
97 9 0 1.75
173 6 0 1.75
48 12 0 3.0
41 11 0 2.5
148 73 0 2.75
176 2 0 4.0
133 30 0 2.0
201 1 0 2.0
114 22 0 3.75
309 53 0 3.0
211 22 0 3.25
351 -20 0 1.75
260 19 0 3.25
116 29 0 2.25
243 18 0 2.5
232 6 0 2.0
106 22 0 1.75
270 -7 0 2.25
168 8 0 2.75
186 2 0 2.5
139 0 0 2.75
225 27 0 2.25
178 9 0 3.0
353 -1 0 3.75
76 26 0 3.0
237 4 0 3.75
244 48 0 3.0
167 5 0 1.75
341 15 0 2.75
42 15 0 3.25
92 2 0 3.75
165 43 0 3.75
43 25 0 1.5
306 16 0 1.5
212 16 0 3.25
70 23 0 3.75
87 28 0 2.5
74 16 0 1.75
303 9 0 2.75
81 14 0 4.0
216 4 0 4.0
237 17 0 2.25
259 20 0 2.0
281 10 0 3.25
60 13 0 3.5
263 20 0 4.0
131 13 0 3.5
116 -7 0 4.0
9 17 0 4.0
171 10 0 2.0
254 6 0 2.25
199 22 0 2.5
327 21 0 3.0
309 30 0 2.0
204 13 0 3.5
195 30 0 3.0
252 17 0 3.75
128 22 0 1.75
172 26 0 3.25
81 2 0 2.25
346 30 0 3.0
311 8 0 3.25
329 18 0 3.0
334 38 0 3.25
194 2 0 1.75
259 8 0 3.0
158 20 0 2.25
140 4 0 1.5
163 12 0 2.25
246 22 0 2.25
343 15 0 2.75
62 -10 0 2.0
4 30 0 3.75
216 29 0 3.0
209 25 0 3.25
187 1 0 2.0
169 24 0 3.25
39 18 0 4.0
12 23 0 3.0
256 19 0 4.0
318 27 0 1.5
223 36 0 3.25
264 17 0 4.0
227 5 0 2.25
138 59 0 1.5
144 9 0 3.25
197 9 0 2.5
96 59 0 1.75
348 23 0 3.25
306 25 0 3.5
188 29 0 1.75
161 -17 0 3.25
255 15 0 3.75
189 6 0 4.0
341 14 0 3.25
22 17 0 3.25
20 66 0 3.5
33 23 0 3.0
353 16 0 1.5
27 13 0 4.0
188 18 0 4.0
282 3 0 3.0
349 76 0 2.25
271 7 0 2.25
203 23 0 1.5
193 25 0 1.5
308 11 0 3.0
205 18 0 4.0
173 -27 0 3.0
122 26 0 3.75
274 22 0 2.5
111 2 0 2.75
253 4 0 1.5
180 58 0 2.25
277 18 0 1.75
235 29 0 2.25
56 18 0 3.0
247 -14 0 3.5
44 43 0 2.75
222 59 0 2.0
307 30 0 4.0
49 15 0 2.25
85 8 0 3.5
231 16 0 2.75
13 4 0 3.0
28 3 0 3.0
170 11 0 3.0
170 28 0 2.0
285 16 0 1.5
36 20 0 2.75
292 12 0 2.5
118 30 0 2.75
137 13 0 4.0
72 22 0 1.5
131 3 0 2.5
105 2 0 3.25
228 9 0 2.25
309 28 0 2.25
72 19 0 3.5
138 27 0 2.0
282 77 0 2.75
218 14 0 3.25
205 31 0 3.0
129 76 0 1.5
63 -34 0 2.25
350 29 0 1.75
111 20 0 2.75
284 21 0 3.25
64 29 0 3.25
136 3 0 3.25
266 10 0 2.25
240 18 0 1.75
231 15 0 2.5
349 10 0 3.75
105 11 0 3.0
55 24 0 4.0
56 24 0 3.0
80 -5 0 2.0
212 17 0 3.5
76 10 0 2.25
207 5 0 3.75
228 11 0 3.25
172 6 0 2.5
93 7 0 2.75
99 -44 0 3.75
18 26 0 2.75
161 26 0 2.5
208 4 0 4.0
153 15 0 3.5
297 24 0 3.75
300 55 0 2.25
245 27 0 3.5
76 15 0 3.75
154 10 0 3.25
221 38 0 1.75
274 19 0 2.5
295 21 0 4.0
86 19 0 3.0
197 30 0 3.25
279 10 0 3.75
343 24 0 2.75
240 8 0 3.25
327 8 0 2.5
324 79 0 1.5
124 22 0 3.75
27 10 0 2.75
282 18 0 3.0
34 23 0 3.75
208 12 0 3.25
287 17 0 3.25
266 7 0 1.75
272 36 0 2.5
81 7 0 3.75
103 29 0 3.25
205 3 0 2.75
34 6 0 2.0
77 41 0 1.75
74 18 0 2.0
349 9 0 3.5
227 22 0 2.0
262 15 0 3.25
221 -11 0 2.75
171 36 0 2.75
357 4 0 2.25
81 29 0 2.5
350 -13 0 1.75
37 -3 0 2.75
158 17 0 2.75
41 18 0 1.5
124 13 0 2.75
189 9 0 2.5
200 15 0 3.75
172 1 0 3.5
88 18 0 2.25
53 23 0 3.25
228 22 0 3.75
190 61 0 1.75
101 -2 0 2.75
303 0 0 4.0
136 24 0 1.5
177 29 0 1.5
247 3 0 2.25
277 6 0 4.0
308 15 0 3.5
214 29 0 3.5
350 -19 0 2.0
128 7 0 3.5
70 27 0 2.0
287 15 0 4.0
331 21 0 2.5
293 6 0 3.75
125 23 0 2.5
246 -20 0 1.75
209 15 0 3.75
59 30 0 2.0
17 22 0 3.0
52 0 0 2.75
267 13 0 2.0
307 23 0 3.75
330 -22 0 3.25
188 1 0 2.5
1 2 0 2.25
351 24 0 3.25
3 8 0 4.0
169 19 0 2.25
247 22 0 2.75
146 28 0 1.5
40 28 0 2.0
93 21 0 4.0
205 1 0 2.75
168 20 0 2.5
350 8 0 2.25
355 16 0 3.5
147 8 0 3.0
297 14 0 1.75
161 80 0 4.0
207 24 0 3.5
65 28 0 4.0
353 29 0 2.5
335 -50 0 1.5
164 25 0 3.5
66 -26 0 3.25
80 4 0 3.5
162 -5 0 3.0
283 0 0 3.25
251 16 0 3.0
132 27 0 2.25
8 17 0 2.5
192 11 0 2.75
135 15 0 1.75
296 -5 0 3.5
268 -25 0 1.5
134 20 0 3.5
269 0 0 3.5
162 26 0 3.5
220 6 0 1.5
62 16 0 2.0
252 28 0 3.5
114 27 0 2.25
206 12 0 2.0
316 2 0 3.75
83 15 0 2.25
76 2 0 2.25
232 1 0 2.5
359 12 0 1.5
62 25 0 2.25
153 13 0 1.75
211 14 0 2.75
2 12 0 2.25
243 14 0 1.75
165 14 0 4.0
133 19 0 2.0
152 27 0 3.75
174 26 0 2.25
69 13 0 3.25
117 23 0 4.0
247 30 0 3.5
114 26 0 1.5
343 23 0 4.0
168 1 0 3.5
194 23 0 3.0
296 19 0 3.75
11 12 0 3.25
263 25 0 2.0
221 6 0 2.0
75 12 0 4.0
225 12 0 3.0
345 3 0 2.0
57 0 0 2.75
153 20 0 1.75
253 21 0 3.25
242 17 0 2.0
250 -27 0 1.75
289 15 0 2.25
317 0 0 3.75
204 29 0 1.5
76 77 0 1.75
175 22 0 2.75
356 5 0 2.25
292 13 0 3.25
117 2 0 2.75
341 20 0 1.75
212 26 0 4.0
205 19 0 2.5
281 43 0 3.5
237 16 0 4.0
325 -23 0 2.5
203 10 0 3.25
117 22 0 3.0
152 -45 0 4.0
145 3 0 2.25
206 15 0 3.25
140 5 0 4.0
318 26 0 3.0
185 0 0 4.0
139 26 0 3.0
19 24 0 3.75
64 22 0 3.0
47 53 0 2.5
220 -14 0 2.5
163 6 0 3.0
172 25 0 3.25
302 10 0 1.75
102 5 0 2.25
30 11 0 3.75
222 27 0 2.75
344 1 0 2.75
331 -22 0 2.5
309 20 0 4.0
201 9 0 3.5
54 17 0 2.75
301 10 0 2.75
160 -20 0 4.0
46 16 0 3.5
355 1 0 2.75
174 8 0 2.75
342 16 0 1.5
340 32 0 3.0
267 12 0 3.75
238 16 0 4.0
318 16 0 2.0
312 15 0 1.5
40 29 0 3.0
339 8 0 3.25
167 7 0 4.0
177 8 0 3.0
313 26 0 2.5
122 15 0 1.75
185 28 0 3.75
146 -29 0 1.5
37 12 0 4.0
237 17 0 1.5
113 4 0 2.75
236 28 0 2.5
21 -19 0 2.0
69 27 0 4.0
205 27 0 1.75
253 7 0 3.25
153 27 0 2.0
11 6 0 2.25
304 14 0 2.5
20 -5 0 3.0
98 42 0 2.25
227 18 0 3.5
238 27 0 3.5
283 2 0 4.0
283 27 0 4.0
321 29 0 1.5
326 16 0 2.25
299 9 0 1.5
305 30 0 2.75
243 27 0 2.75
17 1 0 2.0
286 11 0 3.75
316 24 0 2.5
236 15 0 4.0
118 3 0 3.25
294 29 0 3.0
101 24 0 3.75
70 11 0 1.75
195 25 0 2.25
224 13 0 2.75
338 21 0 3.75
82 28 0 3.5
342 7 0 1.75
304 12 0 3.5
126 0 0 2.75
23 0 0 3.0
8 22 0 3.0
132 -17 0 3.5
313 -2 0 2.75
228 15 0 2.5
23 20 0 4.0
71 8 0 2.0
273 4 0 2.0
124 12 0 2.5
1 0 0 2.0
30 28 0 3.0
242 7 0 2.25
278 15 0 2.0
255 25 0 3.25
131 5 0 2.0
106 8 0 1.5
329 1 0 3.0
196 29 0 3.0
63 -5 0 1.75
215 10 0 1.5
19 18 0 1.5
238 25 0 1.5
55 24 0 3.25
188 20 0 3.5
0 11 0 3.75
52 12 0 3.5
12 15 0 3.25
164 12 0 3.25
357 16 0 3.0
50 13 0 3.5
310 -26 0 2.0
98 57 0 1.5
251 -19 0 2.75
39 23 0 1.75
322 5 0 3.0
85 10 0 3.75
301 25 0 3.25
259 50 0 1.75
14 30 0 3.75
228 23 0 3.25
244 21 0 3.75
14 25 0 4.0
250 0 0 3.0
331 24 0 1.75
222 24 0 3.25
248 19 0 2.5
104 27 0 2.5
210 0 0 3.25
82 11 0 2.25
91 12 0 2.0
150 30 0 4.0
126 22 0 1.5
68 23 0 2.25
124 -26 0 3.25
200 -15 0 2.25
343 12 0 3.75
15 13 0 3.0
333 22 0 4.0
279 28 0 2.5
313 1 0 4.0
161 10 0 3.5
226 12 0 3.75
315 11 0 3.5
297 13 0 2.75
156 10 0 2.75
232 2 0 3.5
37 19 0 2.25
40 7 0 3.5
86 20 0 2.25
155 8 0 2.5
317 15 0 2.0
341 2 0 2.25
212 20 0 1.75
147 3 0 1.5
68 14 0 4.0
304 6 0 3.5
309 2 0 3.5
336 21 0 2.0
118 -26 0 2.75
112 58 0 3.25
329 4 0 2.0
225 49 0 3.75
224 -16 0 2.25
302 9 0 2.25
252 8 0 1.75
171 52 0 3.75
101 61 0 3.5
242 10 0 3.25
11 -30 0 3.25
224 0 0 2.25
28 13 0 3.5
4 -25 0 2.5
276 16 0 1.75
97 46 0 2.25
24 21 0 2.75
228 12 0 1.5
229 15 0 3.5
273 29 0 3.5
29 -44 0 2.5
328 -14 0 2.25
90 2 0 3.0
132 0 0 1.75
73 6 0 2.0
152 13 0 3.75
332 0 0 2.5
31 2 0 1.75
114 5 0 1.75
342 27 0 1.5
94 25 0 3.25
263 2 0 3.0
2 2 0 3.25
154 1 0 4.0
102 16 0 4.0
37 12 0 1.75
9 10 0 1.75
356 8 0 2.5
167 18 0 4.0
112 -27 0 1.5
17 24 0 3.75
210 6 0 1.5
257 17 0 2.5
120 4 0 2.0
212 13 0 3.0
21 6 0 2.0
152 2 0 4.0
340 -17 0 2.75
311 -13 0 2.75
177 11 0 2.25
277 22 0 2.0
289 22 0 3.5
291 25 0 2.75
211 9 0 1.5
293 -15 0 2.25
69 17 0 4.0
263 -10 0 3.75
241 24 0 3.75
36 21 0 3.75
326 8 0 3.75
264 18 0 3.75
155 14 0 1.5
166 23 0 3.5
349 24 0 2.5
228 9 0 2.75
307 -16 0 2.75
110 7 0 3.25
53 29 0 1.5
260 15 0 1.5
147 9 0 3.25
306 30 0 1.5
243 1 0 3.25
316 29 0 3.75
278 8 0 3.75
229 25 0 2.0
343 15 0 3.0
152 -27 0 2.5
159 17 0 3.5
55 34 0 4.0
258 26 0 3.25
223 28 0 2.5
102 18 0 3.5
156 27 0 4.0
141 -14 0 3.75
229 0 0 2.75
285 3 0 1.5
12 27 0 2.25
268 -16 0 3.75
161 19 0 3.25
273 17 0 2.25
299 8 0 3.5
206 -19 0 3.75
25 11 0 3.5
126 14 0 3.0
306 25 0 1.5
336 12 0 3.0
117 -16 0 3.5
290 15 0 3.25
46 8 0 1.5
315 25 0 2.25
173 17 0 3.75
288 2 0 3.5
56 4 0 3.75
51 16 0 1.75
210 24 0 4.0
297 11 0 1.5
263 6 0 2.5
206 27 0 2.75
208 30 0 2.75
97 30 0 3.5
339 4 0 3.25
210 12 0 4.0
89 24 0 2.0
45 6 0 4.0
67 12 0 3.25
117 21 0 3.0
35 9 0 2.25
44 5 0 1.5
331 0 0 2.25
239 7 0 3.25
236 70 0 1.5
198 14 0 3.75
299 13 0 3.5
99 4 0 2.0
312 23 0 3.0
33 21 0 2.0
276 -21 0 2.75
321 11 0 3.75
238 9 0 1.75
199 1 0 2.75
41 26 0 2.5
127 29 0 2.25
153 29 0 1.75
347 0 0 3.0
166 30 0 3.0
314 4 0 2.25
283 15 0 1.5
56 10 0 2.25
268 19 0 3.75
139 12 0 3.0
280 41 0 2.25
138 10 0 3.25
85 6 0 3.0
345 15 0 2.75
63 56 0 1.75
289 22 0 1.75
273 3 0 2.0
195 28 0 3.5
79 14 0 2.5
175 6 0 3.75
296 6 0 3.0
343 15 0 2.0
91 28 0 1.5
197 15 0 3.0
255 7 0 2.0
77 9 0 1.5
78 28 0 4.0
171 3 0 4.0
324 5 0 2.0
51 25 0 1.75
62 76 0 1.75
173 23 0 2.0
144 17 0 2.5
144 28 0 3.0
293 21 0 1.5
79 11 0 2.0
113 0 0 4.0
113 38 0 3.25
38 16 0 2.25
97 28 0 4.0
303 27 0 2.0
112 1 0 4.0
76 10 0 3.5
174 24 0 2.75
109 28 0 2.5
274 -7 0 4.0
0 13 0 2.5
267 4 0 2.75
187 6 0 4.0
176 20 0 2.75
179 15 0 2.75
242 8 0 1.5
314 28 0 3.5
171 3 0 3.0
137 9 0 3.25
222 18 0 3.75
235 -2 0 3.0
239 14 0 2.75
230 44 0 4.0
106 24 0 3.75
80 -9 0 3.5
47 12 0 2.75
187 19 0 2.0
230 16 0 3.5
265 30 0 4.0
277 17 0 2.0
276 23 0 2.25
325 27 0 2.75
195 12 0 2.75
209 29 0 1.75
273 11 0 2.25
275 30 0 3.25
357 25 0 3.75
2 3 0 3.25
326 27 0 3.75
65 11 0 4.0
302 27 0 2.75
358 14 0 1.5
294 10 0 4.0
156 20 0 1.5
227 20 0 3.5
11 24 0 3.5
71 26 0 3.75
94 26 0 2.75
225 2 0 4.0
358 -33 0 3.75
284 30 0 3.25
167 7 0 3.75
46 1 0 1.5
174 11 0 3.0
283 18 0 3.75
113 8 0 3.75
237 2 0 2.0
96 7 0 3.25
111 8 0 3.25
90 25 0 2.75
100 -14 0 2.5
294 18 0 2.0
199 14 0 3.75
253 8 0 2.75
231 6 0 2.75
190 14 0 3.0
242 18 0 1.75
236 22 0 2.0
141 5 0 1.75
31 9 0 3.0
323 18 0 2.5
314 20 0 3.0
29 7 0 1.5
206 -8 0 1.5
191 1 0 3.75
316 55 0 2.75
115 2 0 4.0
148 55 0 2.25
347 24 0 2.0
327 -25 0 1.5
313 -4 0 3.5
52 8 0 3.25
234 23 0 1.5
354 5 0 2.5
252 18 0 2.75
54 -29 0 3.5
105 20 0 3.75
133 28 0 3.5
162 17 0 4.0
220 21 0 2.5
97 10 0 4.0
353 -19 0 2.25
219 16 0 2.75
178 17 0 4.0
126 27 0 3.75
236 19 0 1.75
271 12 0 1.5
155 23 0 3.25
62 23 0 2.25
190 10 0 2.75
85 10 0 2.25
350 -14 0 1.75
173 30 0 2.5
333 4 0 1.75
309 20 0 2.0
87 1 0 2.75
36 17 0 2.0
223 5 0 4.0
186 68 0 4.0
293 25 0 3.25
329 28 0 3.25
47 1 0 3.5
339 0 0 2.25
185 22 0 3.25
44 17 0 3.0
119 24 0 3.5
126 -8 0 3.0
175 1 0 3.75
126 27 0 3.5
214 11 0 2.25
21 5 0 3.5
48 65 0 3.0
185 0 0 2.0
46 11 0 1.5
300 23 0 3.25
179 10 0 2.0
337 14 0 2.25
353 4 0 1.5
161 22 0 3.5
348 27 0 3.5
330 -18 0 1.75
118 0 0 2.25
294 74 0 3.25
95 27 0 3.75
235 1 0 1.5
195 11 0 3.25
28 15 0 2.75
202 30 0 3.75
249 0 0 3.75
116 25 0 2.0
341 9 0 3.5
43 25 0 4.0
258 -27 0 3.75
208 26 0 2.25
325 12 0 4.0
180 0 0 2.5
266 20 0 3.5
299 -7 0 1.75
268 20 0 1.75
271 3 0 4.0
350 2 0 2.5
221 11 0 2.75
251 15 0 1.5
350 1 0 3.75
55 13 0 2.25
290 24 0 1.5
240 21 0 2.0
160 14 0 2.25
330 28 0 2.25
201 16 0 3.0
336 8 0 3.0
82 3 0 2.5
83 30 0 1.75
115 6 0 4.0
77 -12 0 2.25
240 22 0 2.25
236 21 0 4.0
157 15 0 2.75
349 20 0 2.0
233 -17 0 3.5
354 22 0 3.5
281 22 0 3.5
113 22 0 4.0
129 -11 0 2.5
161 18 0 3.5
237 8 0 3.5
291 21 0 2.5
262 10 0 3.75
119 9 0 3.25
129 10 0 1.75
311 6 0 3.75
121 50 0 2.75
298 14 0 1.5
136 7 0 4.0
123 25 0 3.25
294 7 0 3.0
283 29 0 2.5
211 12 0 3.75
297 12 0 1.75
18 19 0 4.0
351 14 0 3.75
107 16 0 2.5
261 6 0 4.0
116 8 0 1.75
30 28 0 2.75
255 21 0 4.0
130 5 0 3.75
107 -24 0 3.0
99 17 0 3.75
141 30 0 3.75
310 14 0 3.5
351 29 0 3.25
304 50 0 2.5
3 18 0 3.5
90 28 0 1.5
14 27 0 2.75
221 29 0 3.75
165 28 0 2.75
255 4 0 2.75
273 5 0 2.75
221 20 0 3.75
11 6 0 1.5
136 19 0 3.0
9 26 0 3.25
185 15 0 2.5
114 12 0 3.0
290 7 0 3.25
54 19 0 1.5
137 4 0 3.5
345 9 0 2.5
148 80 0 1.5
333 1 0 2.25
251 11 0 2.25
128 3 0 2.5
36 7 0 3.0
172 -16 0 2.25
326 76 0 2.75
327 16 0 3.25
326 16 0 3.5
352 1 0 1.5
195 14 0 1.75
47 -18 0 2.0
214 30 0 2.75
194 19 0 2.5
87 5 0 1.5
345 19 0 3.5
191 -37 0 3.25
357 4 0 4.0
288 13 0 2.25
185 30 0 3.5
178 20 0 2.75
89 77 0 2.0
154 14 0 3.75
19 10 0 3.25
191 20 0 3.0
193 10 0 1.5
215 3 0 2.75
4 3 0 3.75
346 0 0 1.5
263 80 0 1.75
209 29 0 2.0
18 21 0 3.25
170 30 0 3.75
212 7 0 2.25
224 17 0 3.0
285 -16 0 4.0
232 3 0 2.5
277 16 0 1.75
94 -15 0 1.5
279 -5 0 2.75
138 26 0 2.5
353 3 0 2.75
135 13 0 2.75
139 -50 0 2.0
120 11 0 1.5
227 -3 0 3.5
187 7 0 2.5
134 10 0 1.5
30 19 0 2.75
143 10 0 3.5
20 2 0 3.0
101 2 0 1.75
118 12 0 3.75
222 -19 0 2.25
233 -38 0 3.25
339 28 0 2.5
179 1 0 1.75
352 -33 0 2.25
153 5 0 3.5
217 -21 0 3.75
43 6 0 1.75
89 2 0 3.0
71 10 0 3.25
198 24 0 3.5
216 29 0 4.0
270 9 0 3.75
147 11 0 3.5
84 7 0 2.25
58 5 0 3.75
313 10 0 3.0
313 15 0 1.5
282 -29 0 2.0
246 17 0 2.25
261 4 0 3.5
115 0 0 1.5
171 2 0 2.0
152 22 0 2.0
44 22 0 2.25
96 17 0 3.5
169 5 0 3.0
16 11 0 3.0
270 17 0 2.75
255 10 0 2.0
237 20 0 3.25
260 15 0 1.75
353 23 0 3.75
230 -9 0 1.75
125 23 0 4.0
186 32 0 3.5
120 1 0 2.0
294 1 0 2.5
254 11 0 3.0
22 17 0 2.25
203 11 0 3.0
117 27 0 2.25
160 3 0 4.0
180 20 0 3.75
193 28 0 1.75
66 30 0 3.0
226 8 0 2.5
59 -11 0 2.0
235 6 0 3.5
151 30 0 2.75
124 -3 0 2.75
3 11 0 3.0
9 2 0 3.25
310 76 0 2.5
220 22 0 2.0
311 8 0 2.75
62 24 0 3.75
132 18 0 3.5
233 29 0 3.25
165 13 0 4.0
50 22 0 4.0
259 20 0 4.0
356 27 0 1.75
289 7 0 1.75
51 19 0 3.75
127 0 0 3.75
171 26 0 4.0
306 11 0 4.0
83 28 0 2.5
78 2 0 3.0
331 13 0 1.5
319 1 0 3.25
8 73 0 2.0
42 18 0 3.25
2 -29 0 2.0
31 0 0 3.0
159 23 0 1.5
271 27 0 3.5
157 24 0 3.25
183 11 0 1.5
68 26 0 3.5
205 3 0 1.5
54 4 0 3.25
303 -16 0 4.0
48 9 0 2.75
288 15 0 3.0
62 23 0 2.5
259 9 0 4.0
73 7 0 2.0
358 29 0 4.0
10 13 0 3.5
309 12 0 1.75
174 4 0 1.5
164 48 0 2.5
312 7 0 2.5
134 11 0 3.0
205 -15 0 2.75
261 25 0 3.0
170 20 0 3.0
302 27 0 3.5
278 1 0 2.0
289 12 0 1.5
314 -15 0 2.0
74 12 0 1.75
32 19 0 4.0
219 11 0 3.0
326 4 0 3.75
168 12 0 1.5
221 7 0 4.0
68 13 0 2.75
264 16 0 3.75
42 6 0 3.0
19 28 0 1.75
265 24 0 3.75
49 -15 0 3.5
158 10 0 3.0
112 28 0 3.5
42 47 0 1.75
347 14 0 3.25
96 26 0 2.0
310 19 0 2.0
159 13 0 3.5
182 30 0 3.0
286 13 0 2.0
221 19 0 2.5
348 1 0 2.0
155 62 0 1.5
296 10 0 4.0
109 16 0 3.5
59 15 0 3.75
17 -45 0 1.5
355 24 0 1.5
300 20 0 3.5
296 3 0 3.5
201 28 0 2.75
82 57 0 2.0
298 26 0 2.75
80 11 0 2.5
202 9 0 3.25
34 -3 0 2.75
0 6 0 3.25
330 28 0 2.5
351 19 0 2.25
34 -5 0 2.5
184 33 0 3.25
99 1 0 2.75
272 21 0 2.5
126 28 0 2.0
205 8 0 2.5
170 2 0 2.5
345 24 0 2.0
95 21 0 2.0
87 20 0 4.0
222 11 0 3.5
121 52 0 2.0
214 11 0 2.0
327 5 0 4.0
234 5 0 3.75
137 21 0 1.5
329 24 0 3.5
129 20 0 1.75
165 14 0 3.5
83 8 0 3.75
330 5 0 1.75
260 12 0 2.25
220 29 0 3.0
249 20 0 2.25
356 10 0 3.5
357 25 0 2.0
18 -28 0 3.25
141 14 0 2.0
294 8 0 1.75
234 5 0 3.25
286 2 0 3.25
65 13 0 2.75
111 18 0 1.75
193 11 0 4.0
54 17 0 2.0
123 12 0 2.25
17 5 0 3.0
210 5 0 3.0
241 16 0 3.5
225 18 0 2.0
353 4 0 2.25
347 24 0 2.25
260 -21 0 3.25
285 58 0 2.5
52 1 0 3.75
292 -13 0 3.25
184 -2 0 3.25
333 8 0 3.25
54 6 0 3.25
211 -19 0 3.25
301 23 0 4.0
25 -13 0 2.0
16 5 0 3.75
225 17 0 3.5
343 27 0 1.75
69 18 0 4.0
333 2 0 4.0
12 -13 0 3.0
124 26 0 1.5
45 11 0 2.5
271 9 0 2.75
190 20 0 3.75
243 13 0 2.5
49 1 0 3.5
90 3 0 4.0
65 22 0 2.25
352 18 0 1.75
289 50 0 1.75
161 29 0 1.75
179 30 0 3.75
359 -28 0 2.0
148 -16 0 2.25
32 2 0 3.75
41 10 0 1.75
290 23 0 4.0
87 3 0 3.75
112 21 0 1.75
119 76 0 2.0
235 27 0 4.0
13 11 0 2.25
148 28 0 2.0
178 11 0 3.0
122 18 0 2.5
172 16 0 3.5
319 19 0 1.75
270 17 0 3.0
33 17 0 3.0
218 30 0 4.0
331 18 0 3.25
286 19 0 1.75
74 -16 0 1.75
139 27 0 2.0
324 26 0 2.75
301 24 0 2.75
349 2 0 1.75
208 0 0 3.5
343 8 0 3.75
236 3 0 3.75
154 1 0 1.5
167 2 0 3.25
283 -19 0 2.75
194 20 0 3.25
118 17 0 2.75
19 21 0 1.75
52 19 0 2.5
218 8 0 2.0
154 10 0 2.5
219 12 0 4.0
79 46 0 3.5
190 3 0 1.5
313 22 0 2.0
357 6 0 1.5
270 24 0 2.25
141 26 0 3.0
204 6 0 3.0
157 27 0 4.0
333 54 0 3.75
321 28 0 3.25
53 -40 0 2.5
203 12 0 1.75
81 31 0 1.5
169 22 0 1.75
153 -20 0 2.0
285 2 0 2.25
168 28 0 3.75
322 12 0 3.0
232 3 0 3.0
325 13 0 3.5
144 24 0 2.75
54 18 0 3.0
320 8 0 3.75
222 43 0 3.0
97 -26 0 1.5
111 24 0 1.75
338 30 0 1.75
209 22 0 2.75
293 29 0 2.25
68 19 0 3.0
313 17 0 3.5
188 15 0 2.5
268 13 0 2.75
217 25 0 2.25
246 29 0 1.5
175 30 0 3.25
312 29 0 3.5
266 18 0 2.75
127 11 0 3.75
34 28 0 2.5
323 -30 0 2.25
178 16 0 2.0
296 57 0 3.25
97 23 0 3.0
196 26 0 4.0
66 23 0 1.75
252 6 0 2.0
174 14 0 3.0
2 2 0 3.75
127 18 0 2.5
256 29 0 1.75
333 27 0 2.25
218 4 0 1.75
71 2 0 2.75
249 5 0 2.0
308 3 0 3.0
157 12 0 2.0
348 26 0 2.5
314 9 0 2.5
114 21 0 3.5
255 9 0 1.75
233 20 0 3.0
92 6 0 4.0
11 14 0 2.25
291 9 0 2.0
24 14 0 3.25
60 4 0 1.5
39 4 0 2.0
102 25 0 3.5
106 10 0 1.5
75 -12 0 3.25
351 18 0 2.25
106 15 0 2.75
252 25 0 3.0
202 28 0 2.75
335 2 0 3.5
279 27 0 3.25
294 24 0 2.0
210 44 0 1.75
83 10 0 2.5
316 24 0 1.5
11 2 0 3.25
48 -34 0 3.5
286 6 0 3.5
331 8 0 2.75
241 15 0 3.75
176 11 0 3.25
92 16 0 1.5
261 27 0 2.75
212 21 0 2.25
321 12 0 1.5
220 6 0 3.5
179 6 0 3.0
282 -25 0 2.5
113 24 0 1.5
177 37 0 4.0
182 20 0 4.0
103 7 0 3.0
123 6 0 2.5
267 12 0 2.0
304 -5 0 1.75
258 0 0 4.0
48 -29 0 1.5
264 -20 0 3.0
116 9 0 3.0
91 9 0 4.0
241 17 0 4.0
265 27 0 3.25
124 15 0 3.75
115 20 0 2.0
45 -2 0 4.0
288 14 0 3.5
297 3 0 3.0
104 24 0 3.0
119 3 0 3.5
144 -36 0 2.75
348 23 0 2.5
187 12 0 2.5
201 73 0 2.75
238 18 0 1.5
280 1 0 2.0
129 15 0 2.25
327 -23 0 3.25
193 20 0 1.75
122 12 0 1.75
206 -15 0 1.75
209 26 0 2.5
49 26 0 3.25
327 50 0 3.0
136 28 0 3.25
36 48 0 1.75
273 4 0 3.5
237 13 0 1.75
338 8 0 2.25
132 8 0 2.0
319 28 0 2.75
98 4 0 3.75
216 15 0 3.25
292 2 0 2.5
266 19 0 3.0
351 35 0 3.25
158 39 0 2.5
76 -36 0 3.5
297 30 0 2.5
101 15 0 2.25
122 24 0 2.25
34 -48 0 3.0
169 3 0 2.0
161 10 0 3.25
235 44 0 3.5
354 15 0 3.25
19 23 0 4.0
257 36 0 3.75
9 15 0 1.75
302 28 0 3.25
103 2 0 2.5
231 54 0 3.25
251 24 0 2.5
294 15 0 2.75
10 7 0 2.75
125 28 0 2.75
248 29 0 2.25
298 7 0 1.5
38 23 0 2.0
344 29 0 2.25
255 21 0 2.0
257 5 0 3.0
21 15 0 2.75
63 19 0 3.75
310 23 0 2.0
267 20 0 2.25
186 23 0 2.25
285 28 0 2.25
199 11 0 4.0
293 28 0 4.0
10 6 0 3.25
270 19 0 3.0
112 24 0 2.25
317 27 0 3.0
1 7 0 3.5
303 3 0 2.25
296 17 0 2.25
205 9 0 2.25
164 1 0 3.5
352 10 0 2.75
342 22 0 3.75
139 15 0 2.5
238 11 0 1.5
45 -34 0 3.25
253 34 0 2.5
144 8 0 2.25
147 0 0 1.5
56 7 0 2.75
275 5 0 1.5
165 23 0 1.75
211 5 0 2.5
4 54 0 1.75
72 11 0 1.75
4 27 0 3.75
0 -30 0 3.75
275 2 0 1.5
182 2 0 1.75
266 -18 0 3.5
33 18 0 3.5
92 77 0 1.75
166 3 0 3.5
0 6 0 3.5
197 26 0 2.25
338 25 0 3.5
116 25 0 3.5
359 -32 0 1.5
279 29 0 3.0
140 6 0 2.25
348 20 0 2.0
75 1 0 3.0
137 21 0 1.75
116 15 0 2.25
71 22 0 4.0
10 -3 0 1.75
56 23 0 1.75
234 22 0 3.5
286 5 0 2.5
76 29 0 2.25
209 17 0 3.0
351 9 0 3.0
258 29 0 1.75
80 24 0 1.5
332 19 0 3.75
225 14 0 3.0
258 6 0 1.75
49 13 0 4.0
155 15 0 2.75
269 29 0 3.25
255 4 0 3.75
21 24 0 3.25
303 19 0 2.25
138 50 0 2.25
336 -16 0 4.0
61 65 0 3.5
124 2 0 1.5
130 -10 0 2.5
44 -10 0 2.0
278 5 0 3.25
89 8 0 2.25
9 19 0 4.0
175 13 0 2.75
358 0 0 1.75
24 4 0 2.0
7 20 0 3.25
330 6 0 2.5
235 10 0 2.75
110 24 0 3.75
58 18 0 3.0
310 30 0 3.25
271 15 0 2.25
332 -18 0 2.25
174 4 0 4.0
254 10 0 3.25
280 12 0 3.75
141 17 0 3.75
0 24 0 3.5
103 15 0 3.0
202 0 0 3.75
58 2 0 3.25
334 5 0 3.75
231 17 0 2.25
107 17 0 2.75
281 14 0 4.0
136 6 0 3.0
126 23 0 2.25
226 4 0 2.25
58 30 0 2.75
122 18 0 3.0
102 3 0 1.5
150 -19 0 3.5
204 19 0 2.25
129 4 0 1.75
225 57 0 2.25
78 15 0 4.0
309 30 0 4.0
200 20 0 2.5
245 9 0 2.75
193 7 0 2.75
279 9 0 4.0
124 -12 0 4.0
82 27 0 3.25
57 3 0 1.75
295 50 0 4.0
328 1 0 2.75
161 15 0 3.25
60 20 0 2.0
268 25 0 1.75
13 9 0 1.75
303 6 0 3.0
286 25 0 3.5
76 -4 0 3.75
142 9 0 2.0
327 1 0 4.0
151 30 0 3.5
285 29 0 2.5
295 24 0 3.75
183 -9 0 3.0
86 13 0 2.75
344 24 0 2.0
159 6 0 2.25
123 7 0 2.5
6 26 0 2.0
324 7 0 4.0
329 0 0 2.5
126 26 0 3.25
259 2 0 4.0
169 1 0 2.5
136 27 0 1.5
269 7 0 1.75
168 7 0 3.0
174 19 0 2.5
309 24 0 1.75
333 9 0 2.5
73 18 0 3.25
154 20 0 4.0
143 26 0 3.5
157 10 0 3.0
240 18 0 4.0
298 18 0 3.5
157 0 0 2.5
76 -33 0 1.5
200 16 0 2.5
161 19 0 1.5
58 -21 0 3.75
92 12 0 2.5
105 0 0 2.75
216 29 0 3.5
10 -11 0 2.0
278 22 0 2.25
118 27 0 1.5
144 11 0 3.75
214 22 0 2.75
89 22 0 2.75
347 8 0 2.75
165 -37 0 2.25
56 13 0 2.75
347 29 0 2.75
293 15 0 2.5
282 0 0 3.75
136 28 0 3.0
109 2 0 1.75
171 24 0 3.25
166 6 0 2.0
6 0 0 3.75
180 15 0 4.0
320 8 0 1.75
99 26 0 4.0
80 -10 0 3.5
302 22 0 3.25
251 27 0 1.5
297 12 0 3.75
252 40 0 1.5
142 8 0 1.5
323 30 0 2.0
47 20 0 3.75
241 21 0 2.25
228 7 0 3.25
15 0 0 1.75
324 1 0 1.75
226 -27 0 4.0
65 20 0 3.75
340 8 0 3.5
160 20 0 4.0
235 9 0 3.5
194 26 0 4.0
83 17 0 3.75
359 6 0 2.25
226 19 0 2.25
66 15 0 3.5
226 14 0 3.0
223 -5 0 4.0
116 22 0 3.75
194 20 0 4.0
151 12 0 2.5
333 23 0 3.75
54 27 0 3.0
44 26 0 3.0
23 23 0 3.5
117 23 0 2.5
304 10 0 3.75
158 -39 0 2.75
57 -28 0 1.5
161 5 0 3.0
109 18 0 4.0
108 20 0 2.5
227 8 0 1.75
299 25 0 3.25
152 72 0 3.0
57 15 0 3.75
85 7 0 1.75
285 11 0 2.75
55 13 0 2.0
13 15 0 3.5
110 10 0 2.0
312 22 0 1.75
8 14 0 3.5
18 26 0 2.0
345 -15 0 2.5
265 15 0 2.25
61 18 0 1.5
226 21 0 2.25
165 12 0 3.25
247 5 0 2.75
117 30 0 1.5
20 12 0 1.75
79 29 0 1.5
19 16 0 2.75
112 26 0 4.0
200 1 0 1.75
212 4 0 2.5
114 -13 0 1.5
251 2 0 2.0
12 28 0 1.5
299 13 0 2.5
358 -16 0 2.25
288 78 0 1.5
97 17 0 3.25
245 0 0 4.0
170 29 0 2.75
256 13 0 2.5
202 20 0 2.0
91 18 0 3.75
313 26 0 3.75
30 75 0 3.25
90 -8 0 1.5
282 27 0 2.5
356 4 0 1.75
319 4 0 2.5
22 4 0 2.0
215 6 0 3.25
244 27 0 2.25
27 -48 0 2.5
328 10 0 3.25
65 3 0 3.5
212 -30 0 3.5
357 13 0 2.25
95 13 0 1.5
199 11 0 3.0
355 27 0 3.5
254 24 0 2.75
285 0 0 2.0
79 15 0 2.25
280 27 0 3.75
329 12 0 2.0
175 3 0 1.75
143 15 0 1.75
222 46 0 3.25
322 23 0 1.75
61 16 0 2.25
334 8 0 3.75
86 29 0 1.75
188 30 0 3.75
35 23 0 1.5
72 16 0 1.5
4 2 0 2.75
148 3 0 1.5
99 4 0 1.75
210 10 0 2.0
72 8 0 3.5
202 10 0 3.5
293 6 0 3.25
350 10 0 3.0
197 -23 0 2.0
96 17 0 2.75
140 30 0 2.0
30 19 0 3.75
119 30 0 1.75
58 19 0 3.25
250 28 0 4.0
15 -1 0 4.0
188 22 0 3.5
123 8 0 2.5
158 26 0 1.5
173 21 0 3.5
186 30 0 3.5
98 6 0 2.75
279 10 0 2.0
349 26 0 3.5
90 30 0 3.0
302 19 0 2.25
229 2 0 3.25
184 5 0 2.5
201 25 0 3.75
228 29 0 1.5
295 11 0 2.5
244 -23 0 3.25
300 2 0 4.0
62 2 0 2.75
260 26 0 3.0
302 6 0 2.5
77 5 0 3.0
324 22 0 3.75
170 29 0 3.75
141 8 0 1.75
178 26 0 2.5
116 8 0 1.5
297 18 0 1.75
342 19 0 3.25
322 -6 0 4.0
58 4 0 2.0
223 -7 0 2.75
335 0 0 3.25
226 26 0 4.0
88 5 0 1.5
164 8 0 3.75
253 -7 0 2.0
13 17 0 3.0
345 6 0 2.5
26 6 0 3.25
218 38 0 3.0
141 0 0 3.0
110 5 0 3.0
138 3 0 1.75
228 77 0 2.0
270 23 0 3.75
213 10 0 2.25
241 30 0 3.0
204 6 0 2.75
191 25 0 2.5
153 19 0 3.0
231 29 0 2.25
293 29 0 2.5
119 28 0 2.5
281 24 0 3.75
28 16 0 2.25
57 3 0 3.25
6 6 0 1.75
67 29 0 3.0
48 10 0 2.5
326 10 0 3.25
261 -23 0 4.0
253 23 0 2.75
153 17 0 2.5
224 -2 0 1.75
111 44 0 3.0
223 9 0 3.75
248 19 0 4.0
298 18 0 2.75
261 66 0 3.0
15 27 0 3.0
267 15 0 3.75
126 8 0 1.5
325 6 0 3.25
289 -19 0 1.5
178 23 0 2.25
209 2 0 2.25
256 18 0 2.5
53 13 0 2.5
98 -44 0 2.5
215 14 0 1.5
71 21 0 3.25
190 4 0 4.0
331 -14 0 1.5
316 26 0 3.75
215 -29 0 2.75
267 -9 0 2.25
331 22 0 3.5
129 20 0 4.0
141 4 0 4.0
318 10 0 3.5
306 29 0 2.5
61 0 0 3.75
6 7 0 2.25
287 35 0 2.75
25 10 0 3.75
101 2 0 4.0
196 -43 0 1.5
164 56 0 2.75
231 20 0 1.5
57 11 0 2.0
345 64 0 3.25
44 -21 0 3.5
266 27 0 2.0
238 11 0 3.25
344 3 0 1.5
39 9 0 2.0
251 3 0 2.0
131 8 0 1.5
39 1 0 3.0
276 10 0 3.0
119 72 0 2.5
249 44 0 2.0
51 29 0 2.25
124 21 0 1.75
174 25 0 3.0
144 20 0 4.0
67 72 0 2.75
307 4 0 3.0
358 19 0 3.5
302 70 0 1.75
222 20 0 3.0
354 3 0 3.5
186 -13 0 2.0
31 5 0 2.75
230 29 0 4.0
54 -7 0 3.25
184 61 0 4.0
127 13 0 4.0
58 -8 0 2.25
2 27 0 2.5
320 6 0 4.0
14 25 0 1.5
276 5 0 2.75
249 8 0 3.0
48 2 0 2.75
80 28 0 3.25
322 28 0 4.0
18 4 0 1.75
197 15 0 1.75
52 19 0 3.75
269 -30 0 3.25
169 28 0 2.0
172 5 0 3.25
20 21 0 1.5
335 19 0 2.25
264 14 0 2.25
7 5 0 2.5
246 9 0 3.0
354 6 0 4.0
40 12 0 3.5
42 -25 0 2.5
313 -21 0 3.25
303 7 0 2.0
36 10 0 2.5
310 -1 0 3.5
220 8 0 3.75
197 11 0 3.0
73 28 0 1.75
216 75 0 3.0
151 6 0 2.75
99 20 0 2.5
56 27 0 2.5
147 -6 0 2.25
259 23 0 1.75
18 8 0 3.5
340 -23 0 2.75
218 26 0 2.75
274 29 0 1.75
84 18 0 3.0
89 6 0 2.0
23 41 0 2.5
13 4 0 4.0
71 21 0 3.5
274 15 0 2.5
42 5 0 2.5
186 13 0 2.25
327 26 0 1.5
152 0 0 2.25
261 71 0 3.25
248 18 0 3.0
50 -6 0 3.25
127 29 0 1.75
100 28 0 2.5
17 -3 0 4.0
85 27 0 2.5
120 1 0 2.75
283 14 0 3.0
35 22 0 2.25
241 21 0 1.5
183 14 0 3.75
129 1 0 2.0
59 -14 0 2.0
115 9 0 3.5
139 13 0 2.75
306 49 0 2.25
241 1 0 2.25
286 28 0 1.5
30 5 0 4.0
25 12 0 2.25
166 23 0 2.75
129 6 0 2.0
137 24 0 2.5
263 16 0 2.5
201 -26 0 3.5
232 7 0 1.75
335 22 0 2.25
270 17 0 3.5
31 7 0 4.0
10 8 0 2.5
183 16 0 3.5
256 -10 0 2.0
234 25 0 1.75
171 39 0 3.25
26 24 0 2.0
75 9 0 3.5
160 9 0 2.0
221 -13 0 1.5
48 31 0 3.0
179 51 0 1.75
326 2 0 4.0
136 22 0 3.5
317 21 0 4.0
291 20 0 4.0
5 -11 0 3.75
22 26 0 3.0
151 77 0 3.25
294 28 0 3.5
162 24 0 3.5
62 -14 0 2.25
97 15 0 1.75
152 21 0 1.75
21 28 0 4.0
95 12 0 2.25
226 10 0 3.25
342 5 0 2.25
92 14 0 3.75
345 28 0 3.25
7 15 0 2.25
136 0 0 2.75
48 12 0 3.25
164 38 0 2.25
215 3 0 2.5
220 24 0 3.5
12 8 0 2.0
157 50 0 2.0
200 18 0 4.0
255 11 0 1.75
334 21 0 2.0
238 -13 0 2.25
215 26 0 4.0
332 23 0 2.25
88 18 0 3.75
145 3 0 3.75
251 23 0 2.5
85 64 0 3.5
117 14 0 2.0
277 7 0 1.75
10 2 0 2.25
302 20 0 2.5
198 30 0 1.75
326 26 0 2.0
237 3 0 2.5
90 69 0 4.0
85 2 0 2.75
38 19 0 3.25
142 4 0 2.75
15 0 0 2.25
11 6 0 1.75
150 4 0 2.0
103 12 0 4.0
219 6 0 1.75
203 1 0 2.75
317 22 0 3.75
291 30 0 3.5
95 16 0 2.0
328 1 0 3.25
340 8 0 1.75
153 20 0 3.75
300 -14 0 4.0
82 3 0 3.25
53 11 0 2.25
40 4 0 3.25
93 13 0 1.5
135 26 0 2.0
197 21 0 4.0
150 40 0 2.25
357 16 0 2.25
174 3 0 3.5
206 7 0 2.75
161 70 0 3.5
342 23 0 3.5
200 9 0 2.75
143 27 0 1.5
84 11 0 4.0
43 21 0 1.5
40 14 0 3.75
307 18 0 3.75
123 5 0 1.75
68 18 0 1.75
69 7 0 3.25
351 24 0 2.25
192 17 0 1.5
289 28 0 2.25
338 3 0 2.0
289 11 0 3.25
344 7 0 2.0
99 23 0 3.5
184 14 0 4.0
223 25 0 3.0
159 3 0 3.25
40 9 0 2.75
12 11 0 2.75
197 -1 0 3.0
299 26 0 3.25
34 26 0 1.75
266 12 0 3.75
263 -24 0 3.5
59 9 0 3.25
246 35 0 3.5
96 4 0 3.25
227 -26 0 1.75
152 5 0 3.0
278 12 0 2.0
155 6 0 2.5
20 3 0 3.5
237 9 0 2.5
130 -7 0 3.5
210 22 0 2.0
130 26 0 3.25
27 7 0 3.0
243 26 0 2.0
62 28 0 3.0
302 21 0 2.0
275 28 0 1.75
72 22 0 3.75
349 -18 0 3.25
46 5 0 2.0
344 65 0 3.25
339 5 0 1.5
296 3 0 3.75
203 2 0 3.5
356 19 0 2.25
176 19 0 2.25
149 5 0 2.5
238 22 0 2.75
177 2 0 1.75
71 -32 0 3.75
148 29 0 2.75
25 5 0 3.25
355 10 0 3.5
90 16 0 3.75
61 0 0 2.25
300 17 0 3.5
191 24 0 1.5
95 16 0 3.25
127 27 0 2.0
111 21 0 3.5
322 21 0 2.5
335 6 0 1.75
69 28 0 3.75
86 19 0 2.0
76 21 0 3.75
22 19 0 3.75
271 13 0 4.0
123 22 0 3.5
75 22 0 3.5
201 -35 0 3.0
198 9 0 2.5
269 11 0 3.25
258 -26 0 2.0
41 26 0 2.25
329 24 0 3.25
265 15 0 3.5
356 0 0 3.25
335 25 0 2.75
132 75 0 4.0
185 6 0 2.25
194 26 0 2.5
137 13 0 2.75
169 1 0 2.75
178 32 0 3.5
59 13 0 1.5
199 -3 0 2.0
265 16 0 3.5
27 27 0 4.0
136 7 0 3.75
5 5 0 2.75
281 6 0 1.75
12 21 0 2.5
58 10 0 4.0
46 23 0 2.5
320 -21 0 3.25
216 13 0 3.75
102 -2 0 3.25
0 -25 0 4.0
313 1 0 1.75
114 14 0 4.0
101 6 0 2.25
158 21 0 3.5
150 22 0 3.75
131 20 0 3.0
186 0 0 2.25
314 1 0 3.5
348 14 0 4.0
305 23 0 3.0
345 7 0 2.5
244 71 0 1.5
67 20 0 3.0
236 13 0 2.0
98 4 0 3.5
301 6 0 2.5
218 28 0 2.75
11 30 0 3.25
147 22 0 3.75
51 3 0 2.25
68 3 0 2.25
261 9 0 2.75
166 8 0 2.5
120 14 0 2.0
33 7 0 4.0
28 2 0 3.5
25 13 0 2.5
241 -1 0 2.75
29 -26 0 3.0
111 18 0 4.0
280 26 0 2.75
162 0 0 2.25
358 7 0 2.25
258 30 0 3.25
291 1 0 2.25
325 16 0 4.0
126 16 0 3.75
204 19 0 2.5
218 6 0 2.5
282 1 0 3.5
7 22 0 2.5
280 18 0 3.25
272 -38 0 3.5
6 27 0 3.0
186 29 0 4.0
134 18 0 3.25
149 19 0 3.0
192 4 0 4.0
242 20 0 4.0
345 14 0 4.0
222 21 0 1.5
73 22 0 3.75
47 18 0 3.0
63 17 0 2.0
205 25 0 1.5
223 -30 0 3.75
250 19 0 3.5
197 22 0 3.75
4 23 0 3.5
236 60 0 4.0
301 70 0 2.5
159 28 0 3.5
172 11 0 3.25
119 8 0 3.75
317 11 0 4.0
353 18 0 3.75
58 5 0 2.75
21 14 0 2.25
125 24 0 3.25
60 3 0 2.5
206 26 0 2.5
186 35 0 3.75
204 4 0 1.75
84 19 0 2.0
189 30 0 3.25
298 3 0 3.75
2 25 0 1.75
294 9 0 3.5
116 1 0 2.0
301 23 0 2.0
145 1 0 1.75
162 0 0 4.0
267 23 0 2.25
107 6 0 2.75
114 0 0 2.75
304 -29 0 2.5
358 19 0 3.0
4 5 0 2.25
314 24 0 1.5
214 8 0 2.5
110 23 0 2.0
228 23 0 1.5
262 27 0 3.5
86 22 0 4.0
50 77 0 1.5
128 14 0 3.75
300 18 0 4.0
8 14 0 1.75
298 26 0 3.5
265 10 0 2.0
209 28 0 1.5
325 18 0 1.5
115 14 0 4.0
13 0 0 1.75
64 74 0 3.0
83 23 0 1.75
60 24 0 3.0
349 26 0 1.5
265 0 0 3.0
125 4 0 1.75
289 10 0 3.75
184 30 0 4.0
174 30 0 2.75
336 15 0 2.25
17 26 0 4.0
200 10 0 2.5
328 13 0 2.75
195 1 0 2.75
230 8 0 1.75
337 26 0 3.25
247 44 0 1.5
139 0 0 2.25
95 3 0 2.5
311 30 0 4.0
306 10 0 3.5
94 11 0 2.0
108 3 0 3.75
218 12 0 1.75
348 29 0 1.5
57 23 0 2.5
125 0 0 1.75
179 50 0 2.25
301 0 0 2.75
355 8 0 1.75
109 8 0 2.0
339 9 0 3.25
100 24 0 3.25
56 26 0 4.0
257 20 0 2.75
274 28 0 1.75
79 66 0 2.25
173 30 0 3.0
329 11 0 3.5
157 6 0 3.0
43 47 0 2.5
323 6 0 4.0
323 13 0 2.75
67 0 0 3.5
143 11 0 4.0
95 23 0 2.0
31 31 0 3.75
254 9 0 1.75
56 5 0 2.75
251 8 0 2.0
338 22 0 3.75
340 2 0 2.0
5 8 0 1.5
173 30 0 3.75
127 20 0 2.5
95 26 0 1.5
77 18 0 3.0
124 8 0 4.0
254 16 0 3.25
331 -25 0 3.25
187 24 0 2.5
161 25 0 3.0
354 -26 0 1.75
140 14 0 1.75
211 22 0 1.75
124 27 0 2.0
210 28 0 3.5
86 27 0 2.25
279 11 0 3.75
44 18 0 2.0
114 10 0 1.5
104 10 0 3.5
275 18 0 3.0
80 12 0 1.75
185 8 0 3.5
27 21 0 3.75
197 13 0 3.5
181 51 0 3.75
240 8 0 3.0
256 14 0 3.0
63 31 0 3.5
269 9 0 2.75
305 -5 0 1.5
347 6 0 3.5
349 22 0 3.5
305 14 0 4.0
220 -17 0 2.0
341 0 0 2.75
223 -5 0 2.25
115 13 0 3.0
49 21 0 2.75
274 12 0 4.0
359 2 0 2.5
101 13 0 1.5
328 29 0 2.5
110 0 0 2.0
47 73 0 2.75
217 28 0 2.75
50 5 0 2.25
306 1 0 3.5
191 6 0 2.75
254 26 0 3.25
337 3 0 2.0
323 16 0 3.75
248 29 0 3.75
181 16 0 2.25
32 30 0 2.0
232 6 0 4.0
174 20 0 4.0
252 -41 0 2.25
184 24 0 3.0
292 24 0 1.75
161 17 0 2.75
348 31 0 2.25
351 20 0 2.75
151 15 0 4.0
88 19 0 2.5
312 12 0 3.5
153 28 0 2.5
51 7 0 2.5
175 3 0 2.0
337 -20 0 3.75
292 20 0 1.5
58 -8 0 3.25
33 27 0 2.75
202 9 0 1.5
281 18 0 1.5
196 -48 0 2.5
341 -15 0 2.75
278 8 0 3.5
78 -46 0 2.5
141 29 0 2.0
216 18 0 2.0
176 16 0 3.75
17 5 0 2.75
98 15 0 3.5
113 13 0 2.0
46 7 0 1.5
138 25 0 1.5
132 -8 0 2.25
139 8 0 3.0
45 -2 0 2.75
0 1 0 1.5
244 16 0 1.5
93 14 0 2.0
324 12 0 1.75
126 26 0 2.5
54 0 0 3.5
224 26 0 2.25
63 29 0 1.75
141 6 0 3.75
340 8 0 3.0
300 27 0 2.5
197 4 0 2.25
248 24 0 2.5
57 -24 0 4.0
52 -17 0 3.0
261 3 0 4.0
254 15 0 3.75
160 29 0 2.5
20 4 0 3.5
302 -42 0 1.75
65 23 0 1.75
160 10 0 3.0
179 14 0 2.5
271 23 0 4.0
118 15 0 1.75
338 0 0 2.75
200 6 0 1.75
188 5 0 2.0
295 20 0 2.0
302 17 0 3.5
115 1 0 2.0
164 27 0 3.75
357 24 0 3.5
308 5 0 3.25
136 30 0 2.0
180 15 0 2.75
308 11 0 2.75
98 20 0 4.0
306 9 0 1.75
212 2 0 2.5
39 10 0 3.5
96 1 0 1.75
235 16 0 3.75
155 3 0 1.75
12 26 0 2.75
250 6 0 2.75
138 7 0 4.0
72 17 0 2.25
122 4 0 1.75
91 7 0 2.0
148 16 0 3.5
316 6 0 3.25
202 5 0 4.0
183 28 0 2.75
211 57 0 2.75
56 29 0 3.75
119 23 0 4.0
29 27 0 1.5
329 0 0 1.5
235 21 0 1.5
280 52 0 3.25
7 13 0 3.75
238 41 0 3.0
143 12 0 3.0
218 25 0 2.5
54 25 0 2.5
228 3 0 3.75
56 3 0 2.25
23 24 0 3.75
238 -32 0 3.5
310 9 0 2.0
342 22 0 2.25
84 13 0 4.0
112 29 0 3.0
27 19 0 2.75
320 15 0 1.5
62 14 0 3.25
276 21 0 2.75
58 0 0 4.0
90 22 0 3.75
353 29 0 2.0
188 7 0 3.25
187 23 0 3.75
74 26 0 3.75
4 -12 0 2.0
89 0 0 3.0
143 15 0 1.5
94 7 0 1.75
353 13 0 3.0
93 4 0 1.75
180 13 0 3.0
27 15 0 3.75
107 6 0 2.25
301 17 0 4.0
332 19 0 3.5
343 14 0 1.75
36 9 0 3.75
99 20 0 3.75
265 15 0 4.0
225 28 0 3.75
138 -24 0 3.0
162 4 0 2.5
268 11 0 3.0
43 2 0 4.0
177 9 0 2.75
220 16 0 3.0
148 -12 0 1.75
98 0 0 2.75
143 3 0 4.0
153 -22 0 2.0
63 5 0 3.0
248 2 0 3.25
50 2 0 4.0
183 29 0 1.5
272 47 0 3.0
317 2 0 2.25
36 1 0 2.0
180 6 0 1.75
317 22 0 4.0
132 15 0 1.75
80 23 0 1.75
309 11 0 1.75
19 22 0 3.75
218 27 0 3.75
23 2 0 3.75
291 16 0 2.5
127 12 0 2.25
154 3 0 2.0
303 7 0 1.75
49 12 0 2.5
96 22 0 2.0
314 0 0 1.5
273 -47 0 2.0
269 19 0 2.0
316 43 0 2.0
227 19 0 1.75
109 14 0 3.0
275 10 0 2.25
283 7 0 3.5
110 8 0 1.5
318 22 0 1.75
229 17 0 3.5
345 7 0 3.0
278 17 0 3.0
345 4 0 3.0
200 30 0 2.5
347 30 0 2.5
56 25 0 2.75
199 13 0 3.75
284 26 0 3.0
277 28 0 3.5
84 24 0 2.25
73 20 0 2.0
159 16 0 3.75
67 23 0 4.0
70 5 0 1.75
355 13 0 4.0
258 7 0 3.0
135 22 0 3.5
326 9 0 2.75
59 30 0 2.25
231 30 0 2.75
34 20 0 2.5
254 28 0 3.0
339 24 0 2.25
306 6 0 3.0
53 13 0 2.75
299 22 0 4.0
37 19 0 2.0
246 59 0 1.5
102 19 0 1.5
98 8 0 2.0
131 26 0 3.0
229 23 0 3.25
304 23 0 3.25
258 28 0 2.5
263 18 0 2.5
210 17 0 4.0
118 22 0 2.0
126 25 0 3.25
332 8 0 1.75
348 6 0 2.25
244 30 0 2.25
228 30 0 3.5
108 15 0 1.5
269 29 0 4.0
0 28 0 3.25
59 19 0 2.5
28 2 0 2.75
230 -23 0 2.0
321 24 0 3.75
6 15 0 2.25
267 -20 0 2.0
143 -30 0 4.0
23 23 0 2.75
345 16 0 2.25
213 6 0 3.0
1 22 0 2.5
159 9 0 3.0
274 27 0 1.75
253 27 0 3.5
274 9 0 2.25
267 29 0 3.25
311 17 0 3.0
273 30 0 4.0
171 30 0 4.0
18 16 0 3.5
208 13 0 1.75
136 3 0 2.25
320 16 0 1.75
200 8 0 4.0
245 22 0 2.25
137 -14 0 1.5
277 10 0 4.0
197 10 0 3.0
228 18 0 3.25
108 17 0 2.25
154 8 0 4.0
121 9 0 4.0
142 25 0 2.25
358 17 0 1.5
342 20 0 2.75
149 15 0 3.75
173 53 0 2.25
285 25 0 1.75
329 10 0 3.0
158 4 0 2.0
19 24 0 2.25
42 18 0 3.75
31 -46 0 3.0
304 25 0 4.0
283 20 0 3.25
241 27 0 2.5
290 11 0 2.0
28 8 0 4.0
8 3 0 3.75
184 25 0 1.75
310 1 0 4.0
143 19 0 3.5
309 -11 0 3.75
156 14 0 1.75
101 -11 0 2.25
222 25 0 1.5
95 -28 0 3.25
194 4 0 2.0
146 15 0 3.0
82 17 0 2.25
157 17 0 4.0
243 -19 0 2.0
214 21 0 2.5
18 25 0 2.75
16 41 0 2.0
78 22 0 2.5
231 2 0 3.75
286 20 0 3.0
12 18 0 1.75
57 70 0 2.25
336 28 0 2.5
261 30 0 1.75
153 22 0 2.5
172 5 0 2.5
158 12 0 4.0
246 13 0 2.25
318 20 0 2.5
153 16 0 2.0
153 13 0 2.75
313 11 0 3.5
255 16 0 3.0
185 30 0 1.75
278 2 0 2.75
261 25 0 2.5
229 26 0 3.0
140 6 0 1.75
334 0 0 3.25
87 0 0 2.25
113 19 0 2.75
179 22 0 3.5
269 21 0 1.5
247 21 0 3.5
264 18 0 3.0
295 25 0 3.5
67 13 0 3.75
235 11 0 4.0
286 5 0 2.0
26 38 0 2.25
293 12 0 2.0
129 15 0 1.75
5 20 0 3.5
62 5 0 1.5
291 18 0 2.25
184 21 0 3.75
152 20 0 3.25
283 6 0 3.25
257 8 0 3.75
73 12 0 2.5
225 -28 0 3.25
218 17 0 3.0
5 7 0 2.0
207 19 0 3.25
224 -14 0 3.0
96 21 0 2.75
74 25 0 1.5
10 6 0 2.25
352 12 0 2.25
207 7 0 3.0
155 -15 0 1.75
62 16 0 3.75
97 27 0 2.0
301 44 0 4.0
316 20 0 2.5
39 25 0 1.75
358 20 0 4.0
7 5 0 2.0
195 7 0 1.75
175 -27 0 2.5
255 11 0 2.25
191 22 0 2.25
292 18 0 3.75
350 -27 0 2.25
179 23 0 2.75
35 0 0 2.5
46 10 0 2.75
9 5 0 2.75
219 19 0 3.75
305 20 0 2.5
245 -5 0 3.75
325 2 0 4.0
31 14 0 3.75
62 20 0 2.5
266 12 0 3.0
144 20 0 2.25
121 2 0 2.75
262 0 0 3.5
200 37 0 4.0
192 4 0 1.5
243 12 0 3.25
95 16 0 2.25
68 22 0 3.75
166 24 0 2.75
139 24 0 2.5
134 30 0 4.0
2 19 0 4.0
110 13 0 2.75
160 14 0 2.0
92 17 0 3.5
331 0 0 2.75
238 17 0 2.0
39 0 0 2.25
174 29 0 1.75
292 14 0 3.75
134 19 0 3.5
352 5 0 3.0
201 10 0 1.75
245 30 0 2.25
230 37 0 1.75
199 0 0 2.0
235 18 0 3.0
109 0 0 4.0
26 7 0 3.0
130 11 0 1.75
88 5 0 2.5
128 28 0 2.25
89 8 0 2.5
77 16 0 2.5
351 22 0 2.0
141 9 0 3.0
257 29 0 1.5
150 3 0 3.5
124 3 0 1.5
221 26 0 1.75
193 -7 0 1.5
64 16 0 4.0
340 -9 0 1.5
319 25 0 2.5
138 15 0 3.0
341 -11 0 3.25
119 22 0 2.5
324 27 0 1.5
151 10 0 3.0
128 30 0 3.75
80 2 0 3.5
95 47 0 2.5
194 18 0 2.25
230 30 0 1.75
245 0 0 3.75
119 -6 0 1.5
143 20 0 1.75
40 22 0 1.75
193 2 0 2.75
190 24 0 2.5
144 -49 0 3.0
100 30 0 2.75
107 13 0 2.5
19 0 0 3.0
189 -30 0 3.0
248 9 0 4.0
127 2 0 1.5
178 24 0 1.5
55 13 0 3.0
74 27 0 2.0
321 45 0 1.75
326 6 0 2.75
45 17 0 2.5
321 20 0 3.25
118 -9 0 3.75
103 9 0 1.75
55 -21 0 2.5
322 6 0 3.25
196 20 0 1.5
241 -39 0 1.75
159 29 0 3.5
0 9 0 3.5
94 47 0 2.5
57 58 0 1.5
29 17 0 3.5
252 21 0 1.75
276 27 0 2.25
349 21 0 2.5
30 20 0 1.75
341 30 0 1.5
315 70 0 3.5
290 28 0 3.5
10 14 0 2.5
220 27 0 2.75
165 11 0 4.0
139 5 0 2.0
206 -26 0 3.75
37 10 0 3.0
10 1 0 3.5
214 4 0 1.5
250 9 0 3.75
135 21 0 1.5
193 8 0 2.5
95 2 0 3.75
143 3 0 1.75
65 24 0 1.75
58 -17 0 2.25
178 14 0 4.0
72 19 0 2.5
137 0 0 1.5
237 26 0 4.0
268 26 0 3.5
173 20 0 1.5
110 30 0 1.75
177 14 0 1.75
148 16 0 2.25
187 4 0 1.75
297 25 0 1.75
178 28 0 2.25
40 28 0 3.75
206 21 0 2.0
25 20 0 3.5
68 1 0 1.5
329 59 0 1.5
245 25 0 2.25
60 3 0 2.25
49 19 0 4.0
153 0 0 3.0
70 -14 0 3.25
17 25 0 2.0
150 16 0 3.5
245 8 0 3.25
260 9 0 2.0
307 22 0 1.5
181 28 0 3.0
218 12 0 1.5
274 -36 0 3.75
118 18 0 3.5
20 26 0 2.0
242 6 0 2.25
340 4 0 3.25
84 27 0 1.5
78 8 0 3.75
140 29 0 4.0
19 14 0 4.0
264 20 0 3.0
78 14 0 3.25
125 10 0 3.0
66 34 0 2.5
281 22 0 3.25
274 -2 0 1.75
38 56 0 2.75
356 11 0 2.25
341 26 0 2.5
10 5 0 3.75
192 6 0 3.75
249 13 0 2.75
307 16 0 1.75
50 7 0 2.5
248 12 0 1.75
5 18 0 1.75
79 10 0 2.75
88 9 0 2.25
338 -16 0 3.0
4 21 0 3.25
168 2 0 2.5
235 30 0 3.0
25 4 0 1.5
198 6 0 3.75
264 27 0 2.0
86 -43 0 2.0
69 11 0 2.25
148 16 0 1.5
226 25 0 4.0
225 28 0 2.5
208 13 0 2.75
169 23 0 2.0
64 11 0 3.75
259 25 0 1.5
81 11 0 4.0
288 11 0 1.5
307 14 0 2.25
250 17 0 3.25
211 8 0 3.0
39 20 0 3.75
222 0 0 1.75
328 3 0 2.25
68 9 0 3.75
324 10 0 2.75
297 7 0 1.5
63 -22 0 3.75
17 5 0 3.75
148 6 0 3.25
73 24 0 2.25
91 24 0 1.5
37 25 0 3.25
11 6 0 2.0
257 12 0 2.0
71 20 0 1.5
268 22 0 3.0
246 25 0 1.75
293 29 0 3.25
150 6 0 3.0
241 -40 0 2.5
97 24 0 3.0
30 28 0 3.5
322 16 0 3.5
57 24 0 2.5
255 13 0 3.75
10 0 0 1.75
312 0 0 3.25
89 30 0 2.5
120 17 0 2.75
35 6 0 1.75
112 26 0 2.75
324 4 0 3.25
107 8 0 3.5
13 22 0 3.25
193 16 0 3.25
189 30 0 1.5
44 27 0 2.5
46 19 0 3.0
189 19 0 4.0
193 11 0 2.0
159 12 0 4.0
14 1 0 2.0
158 25 0 3.25
41 22 0 3.75
54 7 0 3.75
332 9 0 2.5
233 5 0 3.25
116 27 0 4.0
156 1 0 1.5
69 8 0 1.5
175 28 0 4.0
328 19 0 2.0
202 6 0 3.0
259 0 0 2.0
111 6 0 3.0
119 59 0 2.0
307 28 0 4.0
88 26 0 2.75
288 -2 0 2.5
339 11 0 3.5
177 24 0 2.75
169 6 0 2.5
330 13 0 3.5
264 3 0 1.75
219 20 0 1.5
276 13 0 2.5
37 13 0 3.0
259 25 0 2.25
75 14 0 2.5
233 25 0 3.5
52 51 0 3.5
107 20 0 2.25
116 -27 0 2.75
77 30 0 3.75
293 28 0 3.75
69 26 0 2.25
123 13 0 2.75
336 20 0 1.75
89 25 0 1.75
292 15 0 1.75
232 22 0 2.0
208 27 0 2.25
81 -19 0 1.75
125 53 0 2.25
223 11 0 4.0
122 2 0 2.5
20 -28 0 2.75
7 10 0 2.75
26 27 0 2.75
209 5 0 1.5
326 4 0 1.5
39 19 0 4.0
164 11 0 2.75
93 19 0 2.5
313 15 0 4.0
285 7 0 3.0
142 16 0 1.75
78 27 0 2.0
296 26 0 1.75
102 -8 0 3.5
315 22 0 4.0
9 14 0 4.0
139 25 0 1.5
161 24 0 3.25
323 21 0 2.25
304 4 0 3.5
277 5 0 2.5
238 0 0 2.75
341 29 0 2.0
190 20 0 2.75
223 18 0 2.25
289 10 0 3.25
280 -39 0 4.0
313 -26 0 3.5
105 60 0 2.5
143 10 0 3.0
313 -40 0 2.25
36 3 0 4.0
287 16 0 1.5
65 12 0 2.75
350 46 0 3.25
77 21 0 1.75
212 19 0 3.75
199 4 0 2.0
28 10 0 3.75
319 8 0 3.25
81 6 0 1.75
170 2 0 1.75
17 24 0 3.5
5 10 0 3.5
184 2 0 4.0
318 30 0 3.75
279 12 0 1.75
78 75 0 2.75
334 24 0 3.75
240 1 0 2.25
191 1 0 2.0
122 21 0 2.25
64 5 0 3.25
92 27 0 3.75
23 -14 0 2.25
30 4 0 4.0
236 1 0 2.0
15 29 0 1.75
292 5 0 2.5
65 19 0 2.75
279 9 0 2.25
22 3 0 2.0
190 30 0 2.25
139 -27 0 3.75
223 1 0 2.0
5 -50 0 2.75
102 1 0 2.75
259 8 0 3.25
132 15 0 4.0
208 0 0 1.75
17 18 0 2.0
187 26 0 4.0
161 19 0 3.0
125 34 0 3.0
170 10 0 4.0
276 22 0 1.75
188 -17 0 3.25
204 15 0 2.75
307 15 0 3.0
232 -2 0 3.0
286 17 0 3.5
202 -6 0 3.0
23 2 0 1.5
205 28 0 1.5
106 19 0 3.0
24 27 0 3.75
217 10 0 1.5
220 24 0 3.0
47 8 0 3.25
121 28 0 1.5
269 13 0 2.0
266 16 0 3.75
333 27 0 2.75
0 7 0 3.5
4 9 0 2.25
83 0 0 1.75
21 16 0 4.0
124 20 0 3.25
228 23 0 2.75
201 8 0 3.75
317 20 0 2.5
13 2 0 3.5
92 15 0 2.75
141 8 0 3.75
134 17 0 2.0
78 -20 0 2.0
146 10 0 2.75
187 29 0 3.25
208 0 0 3.75
74 6 0 2.5
121 28 0 2.25
288 -5 0 2.75
177 4 0 4.0
53 14 0 3.25
48 6 0 2.0
101 9 0 2.25
42 25 0 3.5
201 0 0 1.5
316 18 0 3.0
54 17 0 3.25
4 18 0 1.75
277 21 0 2.25
26 16 0 2.25
204 34 0 3.0
67 15 0 1.75
172 -3 0 3.75
21 2 0 3.5
44 47 0 1.5
5 19 0 1.5
288 11 0 3.25
279 14 0 4.0
75 0 0 1.75
179 18 0 3.0
286 -25 0 4.0
121 7 0 2.25
10 13 0 4.0
127 21 0 3.75
153 5 0 2.0
197 5 0 2.75
354 -7 0 2.0
109 30 0 3.75
239 14 0 1.75
335 4 0 1.5
323 15 0 1.5
125 26 0 4.0
203 28 0 1.5
177 19 0 3.75
358 23 0 4.0
110 16 0 4.0
238 5 0 3.25
305 30 0 2.25
191 28 0 4.0
127 18 0 4.0
309 0 0 3.75
71 18 0 2.25
284 0 0 2.0
104 1 0 2.5
199 23 0 2.0
118 36 0 3.0
346 29 0 3.75
211 7 0 1.5
188 3 0 1.75
225 6 0 3.0
68 0 0 3.75
121 -29 0 2.5
53 21 0 3.25
311 29 0 2.0
198 15 0 3.0
183 26 0 2.5
194 19 0 4.0
327 11 0 4.0
235 14 0 3.0
191 5 0 1.75
348 -14 0 1.75
169 18 0 2.5
46 5 0 1.5
308 24 0 3.5
27 24 0 1.5
48 27 0 3.0
152 17 0 3.25
281 13 0 3.25
59 8 0 4.0
335 7 0 2.25
194 28 0 2.5
54 12 0 3.25
308 -49 0 1.75
223 1 0 3.0
249 30 0 3.0
71 7 0 1.75
267 49 0 1.75
135 50 0 4.0
170 30 0 4.0
339 7 0 2.5
240 30 0 3.25
119 29 0 1.75
80 6 0 4.0
124 29 0 2.75
236 20 0 1.75
269 14 0 2.5
286 17 0 2.5
248 14 0 2.75
166 12 0 4.0
268 30 0 3.5
56 11 0 3.0
17 7 0 2.75
291 12 0 2.75
104 11 0 3.5
162 19 0 3.25
241 9 0 2.25
239 24 0 2.0
274 54 0 3.25
169 14 0 4.0
310 -5 0 3.0
74 14 0 1.75
34 28 0 1.5
162 13 0 2.5
314 10 0 2.5
79 25 0 3.25
280 10 0 2.5
75 17 0 2.5
30 18 0 2.25
16 28 0 3.25
271 4 0 1.5
111 27 0 2.5
268 10 0 2.75
254 16 0 1.5
250 20 0 3.75
303 3 0 1.5
233 -12 0 2.5
80 15 0 4.0
171 14 0 1.75
291 12 0 1.5
236 7 0 3.0
50 19 0 1.75
74 18 0 3.5
125 12 0 3.25
247 72 0 1.5
342 0 0 1.75
140 9 0 3.0
212 24 0 2.25
250 2 0 1.5
354 -6 0 4.0
230 16 0 1.75
290 21 0 3.75
46 12 0 3.25
47 0 0 3.75
41 22 0 3.25
250 11 0 3.5
48 1 0 3.75
163 22 0 2.75
352 1 0 2.75
21 0 0 3.5
249 28 0 2.5
278 14 0 3.25
195 11 0 4.0
276 15 0 1.5
93 26 0 2.25
323 16 0 2.5
214 16 0 2.0
142 3 0 1.75
323 3 0 4.0
102 -8 0 2.0
118 20 0 2.25
129 -42 0 3.25
321 30 0 2.5
348 14 0 3.25
236 41 0 3.75
290 3 0 4.0
343 23 0 2.75
154 24 0 1.75
79 1 0 2.75
8 13 0 3.5
165 9 0 1.75
16 24 0 1.75
191 28 0 2.0
351 20 0 2.5
3 53 0 3.0
268 26 0 1.75
344 12 0 1.5
81 10 0 3.25
317 18 0 2.25
61 11 0 2.25
115 6 0 2.0
226 16 0 2.5
64 41 0 4.0
205 21 0 2.0
238 3 0 1.5
344 8 0 3.75
30 25 0 2.0
269 15 0 2.5
340 9 0 3.5
331 16 0 1.75
13 16 0 3.75
253 9 0 2.75
87 4 0 1.5
25 -7 0 3.5
127 10 0 2.5
130 14 0 2.75
177 5 0 3.75
0 24 0 2.75
346 18 0 2.75
17 39 0 3.5
8 19 0 1.75
330 19 0 3.5
153 29 0 2.25
90 22 0 3.0
343 11 0 2.75
241 12 0 1.5
216 -18 0 2.5
161 -20 0 1.75
160 26 0 2.5
100 28 0 2.75
17 -40 0 3.0
126 15 0 2.0
88 1 0 2.25
103 27 0 1.75
152 9 0 3.75
200 13 0 3.75
28 16 0 2.0
98 30 0 4.0
171 27 0 3.0
310 10 0 2.75
79 19 0 3.5
193 6 0 2.25
255 -12 0 2.25
41 10 0 1.5
59 22 0 2.25
266 -6 0 3.75
123 3 0 2.75
36 -24 0 3.75
127 69 0 3.75
137 21 0 2.75
28 16 0 1.75
241 28 0 3.25
282 -27 0 3.5
267 9 0 2.25
143 16 0 1.75
314 20 0 3.75
358 17 0 2.0
23 -9 0 4.0
344 -30 0 3.75
209 5 0 3.5
334 23 0 3.5
115 8 0 3.25
207 -21 0 3.25
134 5 0 3.75
150 29 0 1.75
45 14 0 3.0
232 28 0 4.0
264 0 0 2.25
171 27 0 2.0
68 18 0 2.75
336 18 0 3.75
223 10 0 4.0
300 4 0 4.0
213 4 0 1.5
235 5 0 2.5
5 1 0 4.0
99 3 0 2.25
352 26 0 2.5
79 5 0 3.75
296 2 0 2.75
208 20 0 2.75
166 7 0 2.25
325 2 0 2.75
274 4 0 2.5
132 13 0 2.5
204 28 0 2.25
324 11 0 3.5
203 26 0 1.5
335 4 0 1.75
348 10 0 2.75
285 30 0 3.25
111 19 0 3.5
172 13 0 3.5
167 10 0 3.75
307 23 0 1.5
58 19 0 3.5
107 14 0 1.75
195 25 0 1.75
149 -13 0 3.25
188 -15 0 3.75
344 9 0 1.75
101 20 0 4.0
334 15 0 2.5
60 9 0 1.75
155 16 0 2.5
283 6 0 3.75
69 12 0 3.0
249 23 0 3.25
292 28 0 2.25
134 4 0 4.0
138 0 0 3.0
244 27 0 3.5
72 21 0 3.0
309 27 0 3.75
140 6 0 3.5
228 6 0 1.5
47 29 0 2.5
220 10 0 2.5
264 36 0 1.75
148 21 0 2.5
167 5 0 4.0
84 19 0 1.5
56 -25 0 1.5
16 7 0 3.0
92 8 0 3.75
232 19 0 1.5
234 29 0 1.75
309 57 0 2.0
305 5 0 3.75
308 9 0 3.25
305 21 0 3.25
63 6 0 1.5
296 -11 0 2.25
354 5 0 1.75
134 -24 0 2.0
78 16 0 3.25
120 0 0 3.75
60 38 0 2.75
162 27 0 3.25
72 -21 0 3.5
44 34 0 1.5
145 17 0 2.5
56 21 0 3.25
113 23 0 3.25
34 2 0 3.25
234 44 0 2.5
71 16 0 1.75
330 6 0 3.75
119 13 0 3.5
22 5 0 2.25
228 1 0 3.25
215 0 0 4.0
278 21 0 1.5
231 9 0 2.5
331 10 0 3.75
242 11 0 2.25
135 26 0 1.5
70 -2 0 2.25
226 -13 0 2.5
224 9 0 4.0
317 36 0 2.75
56 -23 0 1.5
172 7 0 1.5
143 4 0 2.25
62 14 0 1.5
239 14 0 2.5
89 27 0 3.25
332 29 0 4.0
168 1 0 2.5
287 8 0 1.75
269 -17 0 2.5
178 0 0 1.5
43 18 0 4.0
81 1 0 2.5
219 29 0 2.25
30 15 0 3.25
244 0 0 1.75
331 4 0 3.5
282 26 0 3.75
74 12 0 2.75
55 22 0 2.5
285 28 0 2.5
21 24 0 1.75
17 8 0 2.0
79 26 0 2.5
24 24 0 3.25
335 25 0 3.25
196 6 0 3.5
238 15 0 1.5
244 2 0 2.0
232 25 0 3.75
356 7 0 2.25
330 -17 0 1.5
240 12 0 1.75
67 18 0 2.5
73 8 0 2.5
334 19 0 4.0
129 30 0 2.5
206 7 0 1.5
176 26 0 3.0
1 7 0 2.0
7 50 0 2.0
339 17 0 4.0
189 11 0 3.0
246 4 0 3.25
1 24 0 2.25
241 0 0 3.0
118 5 0 2.75
230 10 0 1.75
212 29 0 2.0
298 15 0 1.75
178 52 0 4.0
3 22 0 1.5
105 -28 0 3.0
333 4 0 2.5
47 11 0 3.25
286 7 0 2.0
92 18 0 2.0
34 30 0 2.0
295 16 0 2.5
181 14 0 3.25
356 7 0 3.0
259 12 0 4.0
131 26 0 1.5
201 22 0 1.5
314 0 0 3.25
347 0 0 4.0
160 68 0 3.5
6 1 0 1.75
92 33 0 2.0
218 20 0 2.25
288 0 0 1.5
8 10 0 2.5
46 23 0 4.0
10 1 0 2.0
62 -31 0 2.75
144 15 0 1.5
199 9 0 2.0
49 9 0 3.75
298 22 0 2.5
330 64 0 1.75
255 33 0 3.5
19 6 0 3.75
248 2 0 2.75
238 29 0 1.75
129 23 0 3.0
38 30 0 2.75
71 1 0 1.5
86 17 0 4.0
140 23 0 3.5
30 14 0 3.25
180 1 0 4.0
147 -5 0 4.0
330 18 0 4.0
140 24 0 3.25
340 16 0 2.0
148 22 0 2.5
129 24 0 2.5
72 65 0 2.0
149 12 0 1.75
245 2 0 2.75
324 26 0 3.75
140 5 0 1.5
96 26 0 3.0
143 6 0 3.0
272 5 0 2.5
146 29 0 1.5
184 -8 0 3.0
144 14 0 3.25
318 8 0 2.75
150 26 0 2.5
253 22 0 1.5
187 16 0 2.75
328 -26 0 2.5
52 11 0 1.5
333 11 0 3.75
66 -19 0 2.5
204 29 0 3.25
31 -25 0 2.25
159 -27 0 2.75
42 13 0 2.5
90 17 0 1.5
194 16 0 4.0
311 0 0 3.75
349 17 0 4.0
240 60 0 3.5
91 26 0 2.5
113 29 0 3.0
24 66 0 2.75
134 57 0 3.5
236 7 0 4.0
238 16 0 3.5
39 3 0 2.0
107 11 0 4.0
68 4 0 3.75
102 8 0 2.0
173 28 0 3.25
218 19 0 1.75
306 42 0 1.5
32 -30 0 2.0
154 4 0 1.5
187 24 0 2.0
262 14 0 3.0
71 0 0 1.5
292 30 0 1.5
53 7 0 2.5
323 13 0 1.75
66 12 0 3.0
12 3 0 1.75
235 29 0 3.75
277 28 0 4.0
244 7 0 2.5
157 7 0 4.0
77 25 0 2.25
328 -49 0 3.75
164 9 0 1.75
105 11 0 1.5
300 16 0 2.5
110 -16 0 3.5
46 8 0 2.75
293 22 0 2.75
49 7 0 2.25
229 30 0 2.0
293 2 0 2.75
325 16 0 1.5
227 15 0 3.5
334 0 0 3.5
71 28 0 2.0
277 8 0 2.5
103 50 0 4.0
118 1 0 3.25
204 -18 0 3.5
191 8 0 2.75
